16-08-01
 9126062
 9112418
 9120767
 9126480
 9140255
 9066777
 9069784
 9114488
 9132369
 9135714
 1318088
 9136220
 9139644
 9139782
 9138571
 9139023
 9056403
 9079349
 9086225
 9091322
 9097589
 9097736
 9097185
 9097927
 9096130
 9100770
 9101687
 9109090
 9113760
 9120960
 9122169
 9129845
 9133095
 9135691
 9135118
 9136246
 9136597
 9139461
 9137693
 9138138
 1322195
 9139732
 9140029
 9139503
 9138898
 9138997
 9139260
 9138934
 9139801
 9137573
 9138264
 9138339
 9139839
 9140396
 9139420
 9137729
 9139018
 9139967
 9130243
 9130049
 9131851
 9127431
 9137859
 9138641
 1239953
 9132831
 9134125
 9094647
 9102958
 9117105
 9120136
 9117927
 9132930
 9137687
 9139439
 9138877
 9125185
 1297756
 9127875
 9129092
 1176885
 9131949
 1321419
 9083521
 9103082
 9106289
 9109849
 9111508
 9112442
 1387126
 9127904
 9127602
 1387131
 9129802
 1387138
 9131484
 9132046
 9136813
 9135049
 9135898
 9136411
 9136956
 9134284
 9138438
 9138169
 1322202
 9138503
 9138667
 9139988
 9137831
 9137345
 9137524
 9138085
 9138587
 9139365
 9137374
 9138593
 9139310
 9137590
 9140209
 9137262
 1359361
 9139482
 9139789
 9140401
 9137188
 9137715
 9138082
 9139797
 1176325
 9111111
 9127019
 9133634
 9131682
 9135617
 9138883
 9140455
 9097279
 9100108
 9104098
 9110540
 9114159
 9113630
 9114464
 9113140
 9115103
 9115880
 9122775
 9121021
 9126990
 9124524
 1362273
 9128098
 9128655
 9130095
 9129318
 9133113
 9132535
 9132728
 9132006
 9136407
 9138024
 9139376
 9140009
 9140153
 9140435
 9106981
 1358195
 1358345
 9135496
 9135983
 9136511
 9134813
 9087235
 9091320
 9094126
 9097564
 1332340
 9099164
 9104709
 9109348
 9106938
 9111801
 9112599
 9118802
 1362457
 9109581
 9111877
 9118673
 1284450
 9133654
 9132402
 9131623
 9131221
 9135138
 9134411
 9135280
 9134863
 9138287
 9138626
 9140084
 9137954
 9138807
 9139032
 9139925
 9138537
 9140130
 9140158
 1321162
 1321177
 1321190
 1358182
 9135989
 9135609
 9071538
 9078004
 9103778
 9119898
 9133154
 9131676
 9133737
 9134824
 9134198
 9134364
 9138750
 9138777
 9138901
 9137959
 9109190
 9112856
 9131552
 1297778
 9137643
 9138105
 9139111
 9138440
 9139570
 9139919
 9089995
 9104052
 9112357
 9116414
 9119050
 1160627
 9121208
 1337004
 9126595
 1377259
 9133406
 9131724
 9131082
 9131793
 9132197
 9133738
 9136798
 9137227
 9139981
 9137720
 9138954
 9139736
 9137462
 9139459
 9137578
 9139156
 1393260
 9137533
 9139658
 9139071
 9139752
 9140178
 9139680
 9139586
 9047113
 9078827
 9095310
 9113939
 9115736
 9120178
 9123220
 9123044
 9125934
 9124858
 9128504
 9127702
 9128484
 9133748
 9135115
 9134205
 9134507
 9135099
 9135861
 9136602
 1161684
 9135157
 9135903
 9137647
 9139720
 9138032
 9138221
 9137237
 9139700
 9138117
 9140163
 9139886
 9138913
 9140155
 9098175
 9139808
 9138853
 9139026
 9137716
 9139983
 9091855
 9089269
 9091627
 9093718
 9094621
 9095483
 9097918
 9098066
 9094924
 1243697
 9102053
 9101506
 9098959
 9101535
 9103765
 9105065
 9103914
 1010059
 9103968
 1243702
 9102974
 9103160
 9104835
 9109568
 9108821
 9107946
 9107085
 9110463
 9117751
 9123139
 9122569
 9121565
 9122912
 9125414
 9124713
 9133339
 9133366
 9132882
 9133120
 9133136
 9133160
 9132515
 9133272
 9134112
 9136045
 9135740
 9136151
 9134419
 9135240
 1297787
 9134592
 9135874
 1377988
 9135830
 1161695
 1362304
 9136291
 9138318
 9137955
 9137964
 9137972
 1297835
 9139744
 9140453
 9137738
 9137619
 9137857
 9113604
 9117743
 9129952
 9131779
 9133333
 9136529
 9135024
 9136238
 9136527
 9137146
 9138829
 9139303
 9139965
 9137346
 9139278
 9139528
 9139784
 9139885
 9138921
 9137921
 1297837
 1297796
 9139632
 9137906
 9139002
 9139359
 1324981
 9138188
 9139490
 9139529
 9137849
 9095464
 9097363
 9110058
 1161215
 1161219
 9125417
 9124693
 9127335
 1161232
 9131786
 9134871
 9135206
 9136980
 9135510
 9137293
 9140304
 9139129
 9139854
 1389958
 9139715
 9139332
 9138384
 9044304
 9049041
 9075720
 9080359
 9081225
 9086754
 9086829
 9088903
 9092283
 9114352
 1297854
 1297766
 9133223
 9133859
 1337024
 1367102
 9138028
 9139731
 9089590
 9090330
 9102326
 9100271
 9100287
 9103780
 9106114
 9124594
 9126194
 9128210
 9133815
 9137111
 9135663
 9098836
 9098837
 9105777
 9110050
 9114493
 9092573
 9103594
 9107857
 9109056
 9111740
 9119904
 9122690
 9124672
 9128675
 9128493
 9132862
 9133678
 9134569
 9134374
 9136197
 9136477
 9135327
 9134784
 9135208
 9138556
 9137992
 9138765
 1373083
 9138681
 9138527
 9139525
 9138896
 9131725
 1389446
 9134993
 9135351
 1296523
 9139432
 1389953
 1389957
 9138845
 9139486
 9138566
 9139630
 9058066
 9065332
 9068378
 9083204
 9085686
 9122330
 9126389
 9124626
 9131805
 9130803
 9132088
 9132973
 9132015
 9136242
 9136674
 9135654
 9134945
 9135094
 9136631
 9136642
 9134495
 9134775
 9135656
 1328450
 9137481
 9138005
 9138799
 9139056
 9138432
 9140110
 9137218
 9138900
 9103797
 9111025
 9124481
 9130531
 9128147
 9131424
 9135662
 9134348
 9134360
 9135541
 9135104
 9138596
 9138143
 9138394
 9138576
 9139170
 9140138
 9139433
 1373057
 9137897
 9139507
 9139179
 9138839
 9137749
 9103499
 9112258
 1011904
 9115232
 1351078
 9126894
 9125208
 9134170
 9134968
 9139944
 9140217
 9139466
 9137999
 0978977
 1321237
 9115346
 9123957
 9126394
 9124749
 9128823
 9129290
 9128548
 1365936
 9132393
 9133520
 9132200
 9132899
 9133742
 9133828
 9135391
 9135515
 9136639
 1191834
 9135091
 9135220
 9136369
 9135769
 9135167
 9134486
 9139561
 9137273
 9139473
 9139619
 9139800
 9140432
 1322199
 9138771
 0964848
 9138959
 9140346
 9137718
 9137770
 9137539
 9139118
 9139523
 9138360
 9139003
 9139215
 9139775
 9139075
 9137641
 9139277
 9140279
 9137167
 9139958
 9138990
 9139931
 1377916
 9139369
 9139391
 9137480
 9138668
 9138861
 9139478
 9137807
 9127272
 9128673
 9133814
 9064887
 9111624
 9111646
 9118482
 9131439
 9135066
 9138494
 1322204
 9137335
 9137953
 9139424
 9139444
 9140166
 9140171
 9139216
 9139477
 1297791
 9138809
 9138228
 9139913
 9138392
 9138405
 9137382
 9110340
 9111651
 9131804
 9136939
 9134862
 9137209
 9137470
 9138027
 9138291
 9139208
 9139851
 9139927
 9137744
 9137977
 9139512
 9138292
 9136470
 9136735
 9139559
 9138114
 9137868
 9092671
 9111391
 9053219
 9082780
 9099695
 9124954
 9128039
 9128277
 1322176
 9129713
 9128432
 9129114
 9132054
 9121386
 9127385
 9129910
 9129075
 1322417
 9132759
 9131003
 9132122
 9134558
 9135128
 1268126
 9136970
 9136047
 9134108
 9136507
 9136815
 9135972
 9133878
 9134204
 9138374
 9139501
 9140381
 9137361
 9139846
 9137389
 9140388
 9137864
 9137785
 9138456
 9138722
 9138763
 9138780
 9139360
 9139430
 9139972
 9139947
 9138798
 9139679
 9137851
 9139340
 9139767
 9139783
 9137908
 9139569
 9137777
 9139464
 9138905
 9137976
 1324989
 9137784
 9139648
 9138996
 9121771
 9127842
 1387135
 9133463
 1393254
 9134853
 9136381
 9140365
 9138279
 9138629
 9140371
 9140424
 9139514
 9139415
 9127300
 9123338
 9131233
 9130759
 9134509
 9136119
 9139451
 9139577
 9137401
 9138762
 8770678
 8820680
 8837566
 8926210
 8963278
 1308857
 8978976
 8981278
 8984504
 8984508
 8988376
 8985429
 8992332
 8996046
 9010847
 9015065
 9025935
 9037415
 9044001
 9044008
 9067210
 9074819
 9080679
 9084938
 9092385
 1312227
 9098866
 1393220
 9106303
 9115255
 9117799
 9120120
 1351076
 9122198
 9124259
 9124576
 9125999
 9126096
 9129733
 9133824
 1318063
 1322427
 9114299
 9087894
 9093875
 9103734
 9107941
 9115290
 9118402
 9125568
 9129589
 1209392
 1358755
 1358474
 9135292
 9134118
 9137059
 9137115
 9129386
 9130370
 1358068
 9133322
 9134415
 9134989
 9134946
 1315189
 9136040
 9134493
 9139585
 9140215
 9138570
 9139855
 9140238
 9140273
 9138270
 9139015
 9137355
 9139199
 9138858
 9028978
 9042770
 9050940
 9056837
 9068975
 9078231
 9080247
 9089551
 9092345
 9093334
 9094860
 9098822
 1324663
 9101466
 9102006
 9105139
 9103825
 9104203
 9108882
 9109230
 9110597
 9111602
 9114495
 1372451
 9116646
 9116448
 1160605
 9119758
 9121241
 9123069
 9122782
 9124212
 9122557
 9125025
 9125482
 9126588
 9125553
 9124667
 9126167
 9124984
 9127240
 9127267
 9124527
 9129120
 9130074
 9128654
 9129613
 9129909
 9128515
 9133346
 9131317
 9131329
 9132392
 1318067
 9135028
 9136044
 9136628
 9136934
 9135161
 1312994
 9134745
 9135247
 9134755
 9134236
 9138591
 9138213
 9138867
 9139105
 1373076
 9139282
 1297799
 9137456
 9137491
 9139828
 9138345
 9137853
 9070510
 9084867
 9101451
 9107204
 9110546
 9121271
 9127248
 1297759
 9133557
 9135956
 9136791
 9090050
 9105411
 1249968
 9122118
 9127501
 9131636
 9130947
 9132137
 9135730
 9134959
 9138893
 9139914
 9139589
 9137517
 9138066
 9138389
 9140416
 9139108
 1297789
 9140294
 9138648
 9139489
 9138306
 9137632
 9138023
 9137994
 9139681
 9115344
 9136200
 9139746
 9139785
 1322440
 9140254
 9135230
 9137250
 9138202
 9138235
 9140240
 9138458
 9138488
 9139356
 9137847
 9100185
 9112101
 9133142
 9135362
 9135552
 1014353
 9138397
 9139794
 9140036
 9138909
 9139966
 9138053
 9140003
 9139799
 9138280
 9139245
 9139321
 9140337
 9138065
 9137621
 9137963
 9110053
 9130558
 9133843
 9133844
 9118320
 9119470
 1332874
 9135525
 9136881
 1161680
 9139298
 9138003
 9139463
 9137765
 9137931
 9138741
 9138795
 9137586
 9138651
 9138295
 1304503
 9113979
 1161204
 9119665
 9122783
 9133225
 1315181
 1315186
 9137131
 9139079
 9138625
 1315197
 9115174
 9115537
 9119088
 9121400
 9122718
 9134994
 9126807
 9133050
 9132409
 9136946
 9121891
 9125862
 9129495
 9132936
 9132522
 9133581
 9130770
 9135373
 9136114
 9135627
 9134607
 9135224
 9135517
 9134351
 9135741
 9134181
 9135629
 9136039
 9139410
 9137442
 9139956
 9140024
 1322198
 9138006
 9139149
 9140058
 9140099
 9137904
 9137413
 9139322
 9138044
 9138453
 9139202
 9138699
 9140203
 9138828
 9137207
 9139893
 9138079
 9137826
 9139733
 9139751
 9139819
 9140330
 9138459
 9139685
 9138718
 9137529
 9138583
 9127610
 9132576
 9134851
 9134065
 9106262
 9103065
 9123673
 9121750
 9124174
 9123222
 9126053
 9130543
 9131389
 9137368
 9138423
 9110552
 9136278
 9136207
 9138728
 9138309
 9135354
