16-08-02
 9124681
 9130458
 9132662
 9134094
 9137453
 1324980
 9142169
 9142194
 9146335
 1362705
 9142303
 1318104
 1318121
 9124543
 9128849
 9139934
 9142652
 9142952
 9141338
 9142109
 9141830
 9143526
 9140704
 9143020
 9142597
 1222507
 9144147
 9144150
 9146416
 1322215
 9146057
 9144297
 9144138
 9143762
 9143849
 9144118
 9145770
 9146271
 9144662
 9144221
 9144524
 9145297
 9144427
 9140802
 9141506
 9145970
 9144243
 9133630
 9133822
 9135319
 9135011
 9124234
 9142377
 9140539
 9142098
 9144339
 9146282
 9144152
 9144856
 9146200
 1232897
 1297775
 1297779
 9137289
 9139787
 9137352
 1297850
 9118936
 9093997
 9132607
 9138290
 9132261
 9132439
 1358079
 1358775
 1358766
 9130828
 9131155
 9132544
 9142152
 9144745
 9144486
 9144397
 9142476
 9132690
 9131998
 9132549
 9132824
 9132168
 9131635
 9138836
 9137166
 1377915
 9143061
 9143375
 9143410
 9141637
 9142552
 9145163
 9144465
 9145856
 9146474
 9144285
 9146286
 9146185
 9146350
 9144289
 9143917
 9144129
 9145670
 9145766
 9144089
 9144552
 9145259
 9145292
 9145781
 9146087
 9146095
 9143794
 9144911
 9146284
 9144213
 9146373
 9145058
 1326217
 9145389
 9143986
 9130535
 9128103
 9135418
 1393253
 9137814
 9140430
 1393272
 9141864
 9137446
 9140065
 1297826
 9125342
 9125901
 9127561
 1209376
 9132177
 9131356
 9131760
 9136124
 9135563
 9139668
 9139809
 9140668
 9140993
 9141682
 9141222
 9145258
 9144149
 9145749
 9145884
 9146086
 9146267
 9144421
 1368378
 1377870
 9115692
 9131566
 9135428
 9137496
 9139047
 9142205
 9142627
 9142656
 9141148
 9144991
 9143842
 9119417
 1311582
 9127958
 9131147
 9131151
 9134790
 1373329
 9137719
 9139400
 9140189
 9142713
 9143393
 1194690
 9141085
 9143298
 9141403
 9141906
 9142315
 9145587
 9146040
 9144301
 9144236
 9144678
 9145302
 1373127
 9139006
 9135186
 9125805
 9132144
 1387142
 9132590
 9139836
 9137178
 9143005
 9143240
 9145581
 9145441
 9145886
 9144913
 9129566
 1358328
 9127574
 9127962
 1365932
 1318033
 1318043
 9143090
 9137958
 9139205
 9140104
 9142951
 9143040
 9144672
 9144854
 9144883
 9145186
 9145807
 9146331
 9144107
 9125457
 9136858
 9135347
 9140420
 9139600
 9141475
 1297843
 9145817
 9144085
 9144148
 9145101
 9144728
 9145502
 1377947
 9135824
 9138271
 9143438
 9142600
 1393279
 9129851
 9134241
 9134781
 9134746
 9135120
 1377990
 9139438
 9137326
 9137523
 9138796
 9141823
 9142031
 9141534
 9142305
 9141137
 9113249
 9116143
 9115478
 1297758
 9135918
 9136499
 9136837
 9134803
 9139511
 9138529
 9139247
 9139541
 9140119
 9140100
 9141867
 9141141
 9140750
 9145228
 9144398
 9145390
 9146291
 9144601
 9146115
 9146254
 9144637
 1332847
 1373347
 9145545
 9117056
 9119290
 9126785
 9125247
 9126308
 9126518
 9128226
 9128554
 9130528
 9131961
 9131984
 9132809
 9134816
 9136071
 9136030
 9137468
 9138611
 9137839
 9138354
 9138551
 9139063
 1297794
 9138429
 9140429
 9137652
 9141260
 9141772
 9142105
 9141045
 9142355
 1326269
 9143834
 9145374
 9144337
 9145957
 9144081
 9144442
 9144495
 9145421
 9144169
 9144929
 9144789
 9145422
 1368373
 9145470
 9146055
 1359520
 9146533
 9146544
 9143731
 9144866
 9129376
 9132462
 9132145
 9140297
 9138353
 9143070
 9142983
 9141586
 9141378
 9141465
 9142448
 9144471
 9144714
 9145414
 9146091
 9146096
 9146366
 9146053
 9145479
 9145123
 9145268
 9145275
 9145780
 9146164
 9144586
 9144628
 9144924
 9146351
 9144379
 9143966
 9144062
 9144041
 9144712
 9144766
 9144953
 9145063
 9145169
 1318125
 9145090
 9131955
 1304579
 9140289
 9141030
 9143087
 9143453
 9141247
 9140664
 9142401
 9142800
 9143362
 9145293
 9146068
 9144036
 9145104
 9145849
 9146098
 9146404
 9145159
 9143765
 1393277
 9145088
 9144179
 9097396
 9110929
 9141283
 1315026
 9142637
 1358889
 9124202
 9135468
 9139377
 9128841
 9130071
 9132460
 9142429
 9143875
 9143999
 9117646
 9123628
 1318008
 9129633
 9129232
 9131766
 9132481
 9135961
 9136191
 9136416
 9138964
 9139857
 9140089
 9137642
 9137594
 9137286
 9138307
 9139609
 9139106
 1318091
 9139361
 9138129
 9143350
 9143143
 9144872
 9145307
 9144731
 9146437
 9144373
 9145370
 1373962
 9143795
 9144186
 9145349
 1394105
 1373998
 9145256
 9143951
 9145693
 9107683
 1366687
 9131073
 9134806
 9137109
 9137591
 9137408
 9140688
 9143153
 1322457
 1315994
 9145109
 9145939
 9146278
 9145684
 9144992
 9144173
 9145589
 9144473
 9144957
 9145033
 9145164
 9146408
 9145061
 9145148
 9145323
 9146529
 9144220
 9144726
 9133846
 9136823
 9135142
 9142121
 9141482
 9141277
 9143079
 9142939
 9142056
 9103472
 9107650
 9115268
 9117660
 9122217
 9125086
 1358788
 9134481
 9141488
 9143216
 9139357
 9143038
 9144063
 9145079
 9145387
 9146461
 9146306
 9143710
 9146315
 9137033
 9136248
 9136260
 1377998
 9136655
 9139295
 9137471
 1321049
 9140974
 9143236
 9141530
 9141589
 9140997
 9142528
 1377864
 9141059
 9141545
 9145050
 9145113
 9145852
 9146406
 9146468
 9145759
 9145953
 9144347
 9145883
 9144378
 9145332
 9145709
 9146015
 9146076
 9144128
 9144556
 9145394
 9145490
 9145657
 9145893
 9144017
 9145153
 9146239
 9146277
 9145456
 9146388
 9144190
 9145876
 9145975
 1318132
 9145013
 1326218
 9131686
 9133816
 9134154
 1297792
 9140462
 9146521
 9146522
 9146525
 9137220
 9143469
 9143098
 9141357
 9145874
 9144400
 9144706
 9146001
 9146023
 9144368
 9144374
 9144643
 9144834
 9146370
 1368355
 1367157
 1367158
 9145095
 9145189
 9145192
 9144202
 9144835
 9145630
 9114860
 9125823
 9128410
 9130014
 9138370
 9145824
 9144647
 9145754
 9144614
 9145397
 9128475
 1297783
 9142201
 9144722
 1284259
 9144072
 9145897
 9144525
 9145978
 9144115
 9144696
 9145561
 9144684
 9144312
 9137010
 9120579
 9126177
 9136503
 9142405
 9141010
 9141455
 9142530
 9141164
 9141439
 9143031
 9146392
 9146496
 9144410
 9144435
 9145277
 9145027
 9145201
 9145493
 9145638
 9145301
 9145830
 9144580
 9143965
 9146356
 9144120
 9146027
 9144938
 9145942
 9146536
 1232868
 9144233
 9144276
 9145600
 9145697
 9145703
 9145712
 9125071
 9133810
 9140912
 9145818
 9144422
 9144725
 9146458
 9145026
 9144199
 9133234
 9139929
 9142036
 9141391
 9143088
 9141849
 9145565
 9143919
 9144549
 1284258
 1232881
 9144847
 8872819
 8941035
 9033709
 9048646
 9138035
 9137659
 9119944
 9120396
 1382824
 9127259
 9137865
 9142470
 9143074
 1243263
 9124251
 9124252
 9124778
 9131046
 9132469
 9133683
 9135487
 9134764
 9139877
 9137501
 9137754
 9139494
 1324744
 1324982
 9138778
 9141972
 9141665
 9140829
 9140478
 9142792
 1326211
 9144474
 9146199
 9144252
 9146358
 1296530
 9145150
 9146168
 1146323
 9121722
 1160889
 9126646
 1373251
 1373252
 9128082
 9129408
 9131597
 9132501
 9133817
 1322190
 9135399
 9135334
 9137210
 9137506
 1373079
 9138627
 9139266
 9138636
 9139764
 9138819
 9139951
 9142759
 9143455
 9141817
 9141941
 9141218
 9142998
 1377938
 9140874
 9142428
 9143303
 9143573
 1326209
 1394050
 9145812
 9144359
 9145569
 9145264
 9144570
 9144112
 9144916
 9144649
 9134123
 9140431
 9120058
 9127465
 9136957
 9137058
 1332660
 9137609
 9139387
 9141720
 9142547
 9142794
 9142590
 9141640
 9141361
 9143652
 1332681
 9144484
 9145346
 1374000
 1373090
 9144229
 9146045
 9144176
 9144607
 9144652
 9145053
 9145467
 1357741
 9143748
 9146280
 9145738
 9143883
 9145451
 9145949
 1224762
 9134797
 1224769
 9143154
 9145093
 9145578
 9145838
 9145917
 9124851
 9135021
 9134107
 1322197
 9139335
 1318090
 9143330
 9145423
 9126069
 9128555
 1366634
 9135184
 9136053
 9134730
 9136297
 9139756
 9140053
 9140231
 9140208
 9137944
 9138937
 9139171
 9139380
 9137927
 1011927
 9139125
 9139912
 9139962
 9141799
 9142161
 9141121
 9140701
 9141033
 9141111
 9142961
 9143188
 9142379
 1297846
 9141182
 9143013
 9140881
 9141731
 9143115
 9143180
 9140763
 9142620
 9143263
 9142120
 9141660
 9141374
 9142005
 9142009
 9145573
 9144635
 9145880
 9144467
 9144752
 9145106
 1365947
 9146340
 1011933
 1232883
 9145035
 1362704
 9144606
 9144653
 9145635
 9145804
 1321204
 9118597
 9122404
 9126397
 9124389
 1318026
 9132671
 1358466
 9133787
 9135316
 9134126
 9137598
 9140193
 9139041
 9140387
 9137410
 9138751
 1322213
 9142073
 9141692
 9142022
 9141390
 9143173
 9140639
 9141667
 9140836
 9142781
 9141252
 9141781
 9142666
 9141737
 9144668
 9144674
 9144956
 9146264
 9146270
 9146483
 9144444
 9145650
 9145929
 9146318
 9146130
 9144760
 9145135
 9145688
 9146051
 9146434
 9145645
 9144447
 9145280
 9146316
 9145008
 9145322
 9145480
 9146186
 9141967
 9140828
 1318099
 9141414
 9141220
 9144736
 9146151
 9131997
 9130937
 9134905
 9137097
 1318076
 9138258
 9140513
 1318108
 9145509
 9145436
 9144784
 9144171
 1318124
 1318130
 1232888
 9121050
 9127955
 9128696
 9127869
 9127776
 9128439
 9144334
 1373092
 9129141
 9128482
 1373485
 9131488
 9132913
 9135321
 9135932
 9135425
 9138482
 9138878
 9137487
 9139629
 9137697
 9138671
 9142705
 9143268
 9143388
 9143069
 9143405
 9143512
 9142698
 9141539
 9143189
 9141437
 9142455
 9142630
 9143406
 9141618
 9142682
 9145586
 9143654
 9144406
 1351129
 9144238
 9144774
 9145488
 9145935
 9146396
 9146463
 9144536
 9143921
 1373955
 9145246
 9145497
 1358894
 9144644
 9145254
 9145266
 9146198
 9146261
 9146369
 9146132
 1389491
 1377814
 9145590
 9146391
 9143699
 9144380
 9130808
 1318052
 9134355
 9139045
 9142342
 9143368
 9144893
 9144105
 9144498
 9145396
 9145016
 9144695
 9138009
 9140917
 9146526
 9116209
 9142046
 9143384
 9142291
 9143107
 9031891
 1321235
 1318077
 9138890
 9138584
 9140643
 9115648
 9126743
 9132440
 9134076
 9140407
 9137584
 9140660
 9143379
 1322452
 9141416
 9141886
 9140528
 9141354
 9143299
 9141418
 9142398
 1377851
 9143588
 9140554
 1364425
 9143042
 9142265
 9142369
 9142518
 9143146
 9143409
 9124344
 1297847
 9139351
 9138947
 9140101
 9107407
 9111046
 9124635
 9133170
 9120111
 9125314
 9125329
 9125404
 1358191
 1358308
 1358199
 1358317
 1358346
 1358186
 1358355
 9127912
 9128816
 9135540
 9141520
 9141036
 9141110
 9141854
 9141779
 9138702
 9113869
 9126229
 9128217
 9129703
 9133132
 9137014
 9135147
 9117758
 9129554
 9127367
 9129031
 9133834
 9131673
 9134192
 9135409
 1393256
 9136964
 9134356
 9134916
 9137121
 9134175
 9136082
 9137690
 9137862
 9140324
 9137162
 9138956
 9138546
 9139545
 9139542
 9137603
 9137409
 9138236
 9141615
 9141400
 9142531
 9142783
 9142790
 9143500
 1322459
 9140616
 9142488
 9143084
 9143147
 9143397
 9140834
 1373133
 9142147
 9141178
 9142923
 9142288
 9141797
 9143283
 9143485
 1389909
 9141448
 9141468
 9142542
 9143083
 9142079
 9141127
 1318097
 9124569
 9134567
 1297771
 9136059
 9142350
 1297965
 1176900
 9141697
 1322437
 9137856
 9139077
 9138926
 9139616
 9138092
 9138484
 9142129
 9141436
 9142257
 9142294
 9142968
 9142971
 9141146
 9141691
 9124148
 9129124
 9134476
 9137399
 9139474
 9139915
 1358871
 9140480
 9122506
 9125009
 9131425
 9131558
 9133668
 9131776
 9132454
 9135456
 9136362
 9136395
 9134129
 9135276
 9135130
 9135293
 9134133
 9134576
 9134127
 9135382
 9136888
 9137011
 9137888
 9139971
 9137829
 9137979
 1373063
 1373074
 9137572
 9138342
 9137543
 9140132
 9137919
 9138148
 9139217
 9139434
 9140033
 1324952
 9137486
 9143158
 1373125
 9141991
 9143370
 9142595
 9143033
 9133054
 9134335
 9134403
 9134892
 9136164
 9135337
 9139279
 1308172
 1308200
 9137788
 9130542
 9131139
 9131539
 9133833
 1322120
 9117019
 9134963
 9135793
 9139372
 9139890
 9138393
 9138675
 9140714
 9141990
 9142710
 1393271
 9142955
 9142324
 9138463
 9143387
 9134841
 9138412
 9140118
 9139837
 9140640
 9141074
 9142549
 9143417
 9123183
 9126065
 1209375
 9131331
 9136790
 9137007
 9138244
 9137393
 9138467
 9138520
 9141515
 9142300
 9142302
 9142489
 9142838
 9141824
 1297840
 1297848
 9141845
 9141243
 9142736
 9143505
 9141355
 9142416
 9141752
 9129579
 9131433
 9136006
 9134605
 9135251
 9135537
 9136056
 9136498
 9140412
 9139193
 9139290
 9139896
 9140004
 9140331
 1393264
 1393265
 1393266
 1393267
 9141699
 9142371
 9141617
 9142012
 9129496
 9137051
 9138941
 9139362
 9140015
 9139044
 9140421
 9138268
 9138273
 9139719
 9143548
 9142264
 9143167
 9141135
 9141250
 9142362
 1358920
 1393269
 1359505
 9143293
 9140572
 1146320
 9110275
 9122387
 9132651
 9131837
 9134927
 9138371
 1324743
 9138930
 9141392
 9141814
 9142281
 9142308
 9143131
 9141446
 9142400
 9142533
 9143047
 1377866
 9142655
 9120269
 9120247
 9121485
 9126645
 9128994
 9127793
 1377034
 9129313
 9131600
 9131791
 9133830
 9134109
 9134687
 9134930
 9135098
 9140300
 9137367
 1272858
 1297836
 9137307
 9138910
 9139364
 1362323
 9141115
 1209403
 9141040
 9142687
 9140677
 9142146
 9143519
 1297845
 9141271
 9142966
 9142572
 9142767
 9143327
 9142330
 1326270
 9140690
 9122816
 9123380
 9132849
 9134812
 9135480
 9134402
 9139381
 9138358
 9138735
 9138468
 9142822
 9142459
 9142482
 1322447
 1322448
 1322461
 9141090
 1209202
 9141800
 9143354
 9141651
 9142864
 9141427
 9140564
 9141825
 9142584
 9140743
 9141431
 9141661
 9142827
 9142872
 1324994
 9140833
 9140837
 9141450
 9141686
 9141893
 9142247
 9142445
 9143310
 9142358
 9118021
 9130464
 9129912
 9130934
 9134329
 9134408
 9134756
 9137126
 9137356
 9138121
 9138550
 9140127
 9138016
 9141016
 9143093
 9141773
 9143155
 9141256
 9141559
 9142299
 1393270
 9140678
 9140749
 9141240
 9111171
 1297785
 9142786
 1297839
 1297966
 9119907
 9120943
 1318029
 9133056
 9140472
 9139314
 9138124
 9140382
 1318094
 9141840
 9118269
 9126045
 9130508
 1161229
 9128683
 9132624
 9135706
 9134830
 9136319
 9138726
 9138785
 1373081
 9139072
 9137685
 9138043
 9139352
 9139708
 9139191
 9139251
 1322455
 1322208
 9140921
 9143073
 9140549
 9140587
 1326210
 1326273
 9122533
 9132301
 9142142
 1373103
 9142515
 9131125
 9131121
 9134861
 9135704
 9134683
 9140237
 9138592
 9140264
 9139276
 9139580
 9137350
 9137675
 9141217
 9143129
 9141743
 9141342
 9141231
 9140637
 9142685
 9143431
 9141916
 9142261
 9141643
 9116604
 9121881
 9124196
 9122527
 9130087
 9134174
 9134641
 9134867
 9140258
 9139779
 9139378
 9139370
 9142226
 9141316
 9142311
 9142282
 9141669
 9142431
 9142937
 9143464
 9142823
 9141035
 9140204
 9138854
 9138441
 9139089
 9138414
 9142706
 9124961
 9137933
 9139636
 9140248
 9138216
 9139699
 9143017
 9143407
 9141841
 9142253
 9141420
 9142209
 9142397
 9140916
 9140753
 1161230
 9133479
 9134050
 9136525
 9135225
 9136184
 9136565
 9140361
 9137689
 9139692
 9139810
 9138197
 9138377
 9138985
 1297790
 9140156
 1377999
 9138502
 9138519
 9139505
 9140437
 1324854
 9137428
 9141735
 9141181
 9141433
 9141850
 9141857
 9142522
 9142662
 9143551
 9141404
 9143243
 9143461
 9140785
 9141680
 9142139
 9140671
 9141473
 9141905
 9142718
 9142155
 9142541
 9143249
 9143404
 9143492
 9142388
 9142021
 9143194
 9143267
 9142277
 9143571
 9140519
 9137099
 9140454
 9139030
 9143605
 9121578
 9134097
 9142679
 9142859
 9142871
 9143467
 9143086
 9143304
 9141245
 1297849
 9142336
 1367155
 1367156
 9141006
 9141000
 9121111
 1297784
 9138679
 1297795
 9142836
 9141639
 9142211
 9143142
 9141625
 9142423
 9138594
 9142880
 9141807
 9141435
 9141616
 9142985
 9141406
 9139763
 9139180
 9139730
 9138111
 9137607
 9137620
 9137961
 9141641
 1351121
 9141262
 9141044
 9143360
 9141929
 9140817
 9142559
 9141656
 9142136
 9142506
 9143178
 9141131
 9142780
 9142842
 9140960
 9142604
 1315991
 9141860
 9143290
 9143569
 9143577
 1364431
 9141398
 9142391
 9142703
 9141232
 9142403
 9140866
 9140783
 9141551
 9142382
 9123966
 9123410
 9126530
 9129950
 9130423
 9134563
 9133944
 9135064
 9135023
 9134025
 9136676
 9139190
 9141185
 9141744
 9142930
 9140477
 9128415
 9134773
 9135857
 1377986
 9137704
 9138908
 9140389
 9139184
 9139990
 9137482
 9137760
 9137879
 9140959
 9142328
 9143374
 9141402
 9142419
 1297844
 9141306
 9117248
 9116904
 9135993
 9139776
 9140126
 9137899
 9139755
 9140293
 9137422
 9139029
 9139758
 9140096
 9140409
 9114487
 9124218
 9135191
 9136020
 9136392
 9138621
 9139506
 9139087
 9139840
 9141939
 9141958
 9142622
 9143433
 9142224
 9141228
 9141324
 9068837
 9118406
 9118498
 9118727
 9122483
 9131178
 9136209
 9134119
 1358082
 9135269
 9137125
 9138917
 9138013
 9137743
 9138107
 1377912
 1377923
 9138715
 9143046
 9140548
 9141675
 9143043
 9141869
 9142485
 9141848
 9142463
 9142427
 9140665
 9142124
 9141671
 9142048
 9143613
 9121555
 9131247
 9130899
 9138863
 9141061
 9142000
 1373134
 9142857
 9142940
 9142839
 9140967
 9140869
 9138639
 9143219
 1322456
 9140619
 9132545
 9131511
 9131827
 1394045
 9135078
 9137161
 1393262
 1393263
 9138843
 9143312
 9110399
 9120167
 1365925
 9128770
 9129268
 9131843
 9130728
 1326264
 1326266
 9133264
 9134719
 9135044
 9134343
 9137531
 9137472
 9139694
 9139606
 9140152
 9138721
 9138398
 9139850
 9126082
 9131530
 9137753
 9140108
 9143373
 9142670
 9142851
 9142118
 9142406
 1326271
 9140306
 9138944
 9139094
 9123387
 9124832
 9128649
 9128809
 9128743
 9136013
 9137589
 9138708
 9137527
 1297797
 9138642
 9140854
 9140737
 9131510
 9135262
 9136078
 9140395
 9138764
 1315198
 9140434
 9142908
 9140894
 9141309
 9120732
 9119310
 9120083
 9123058
 9122425
 1297813
 9134007
 9133637
 1358060
 9130701
 9134310
 9134903
 1357726
 9134317
 9136075
 9135140
 9136441
 9139042
 9139941
 9138304
 9138541
 9137600
 9137691
 9139859
 9141025
 9141116
 9141873
 9142159
 9142755
 9141583
 9142739
 1358923
 9142149
 9142478
 9140577
 9142229
 9142791
 9142004
 9142708
 9143402
 9140570
 1364429
 9125059
 9125462
 1318006
 9136875
 9121741
 9122810
 9120985
 9126256
 9124590
 9126212
 9127849
 9128591
 9134752
 9138933
 9141927
 9119175
 9125897
