16-7-1
 9009389
 9012577
 9013422
 9016194
 9016556
 9016922
 9017647
 9019517
 9017696
 1294291
 1234214
 8994142
 9008074
 1307547
 9015365
 9015554
 9021723
 9021331
 9020596
 9006074
 9011158
 9014766
 9016689
 9016780
 9017569
 9018240
 9020613
 9021255
 9021391
 9018172
 9020606
 1239661
 9019722
 9019749
 9018320
 9018903
 9019733
 9021204
 9021496
 9017277
 9020051
 9020504
 1365668
 9020270
 9021005
 9017416
 9017437
 1196446
 9018268
 9016039
 9021487
 9018466
 9018755
 9020974
 9021006
 1188358
 9010089
 9013953
 9013935
 9013373
 9015074
 1339440
 9003006
 9013872
 9019096
 9017989
 9020909
 9018605
 1232132
 9019863
 8994514
 9001913
 9002156
 9015144
 9013944
 9014364
 9016926
 9004520
 9012215
 9011487
 9020063
 9020070
 9020085
 9019197
 8991013
 9007063
 9013948
 9011376
 9014005
 9014554
 9012645
 9014099
 9012129
 9015778
 1243642
 9016935
 8978265
 8989238
 9001485
 1376092
 9004278
 9014919
 9016538
 9019223
 9019530
 9020234
 9020240
 9020720
 9021321
 9019302
 9019759
 1010537
 9017709
 9019329
 9018651
 9019193
 9019992
 9020175
 9021038
 9020525
 9021521
 9021195
 9021367
 9018279
 9019657
 9020119
 9021434
 1194761
 9018627
 9019750
 9018445
 9017849
 9017955
 9019830
 9021410
 1188523
 1188529
 9007001
 9010731
 1365598
 9009521
 9015009
 9014508
 9011643
 1202443
 9016712
 9016746
 9016718
 9016878
 9016875
 9019460
 9018016
 9018010
 9019390
 9021358
 9011766
 9012833
 9016632
 8996690
 9002299
 9002490
 9000464
 9001177
 9005696
 9005961
 9006679
 9006534
 9008556
 9009990
 9010227
 9013153
 9013546
 9011816
 9012060
 9014198
 9016391
 9017530
 9019561
 9019982
 9018419
 9019907
 9017372
 9019214
 9020765
 9010864
 8990796
 9009982
 9014109
 9017156
 9019109
 8990060
 8996794
 8996538
 9000250
 9002307
 9003856
 9005356
 9005229
 9008955
 9008299
 1223045
 9013134
 1323843
 9016623
 1332331
 9020583
 9017977
 9017358
 9017643
 9018107
 1364304
 9018909
 9009840
 9011803
 9013489
 1188805
 8998151
 9002406
 9008249
 9014145
 9011224
 9013977
 9013404
 9016872
 9020143
 9020101
 9018182
 1239660
 9019426
 9019191
 9017722
 9020420
 9021124
 1291888
 9021232
 8990855
 8993203
 8993534
 9012446
 9011490
 9013284
 9011703
 9012355
 9014232
 9015994
 9019419
 9019036
 9018264
 1294306
 9019996
 8990723
 8995189
 9006867
 9009118
 9009043
 9012330
 9014207
 9020390
 1188498
 9019669
 9020231
 8979419
 8990058
 8998346
 9006473
 1354473
 9013501
 9020127
 1294295
 1294303
 9017501
 1294482
 9002601
 9005386
 9008078
 9011197
 9014927
 1240535
 9012615
 9014404
 9011130
 9016389
 9016525
 9016265
 9018250
 9019857
 9017250
 9017974
 9018904
 9020914
 9019975
 9020137
 9021055
 1294293
 9018286
 9020500
 8994621
 8996130
 9001254
 9005884
 9009667
 1365656
 9013722
 9013811
 9012635
 9012963
 9012015
 1188317
 9019220
 1165412
 1165441
 9017525
 9017528
 9017532
 9018604
 9020538
 9020168
 9020579
 9020183
 9017175
 9017505
 9020106
 9018099
 9017845
 9011232
 9020623
 9017370
 8995769
 1339424
 9013108
 9013387
 9016174
 9018600
 9019082
 9018289
 9017508
 9017518
 9017522
 9019494
 9019580
 9018558
 9018987
 9019594
 9019930
 9019229
 9018181
 9019154
 9019239
 9019570
 9021197
 9017387
 9004738
 9012102
 9013896
 9014075
 9014266
 9011784
 9016102
 1240960
 9019603
 9020252
 9017299
 9017941
 9018073
 9020717
 9018339
 9018575
 1165691
 1165468
 9019436
 9019441
 9019629
 9018643
 1188500
 9017376
 9020139
 9020514
 9021208
 9019060
 9020069
 9018094
 9018235
 9018921
 9019203
 9018519
 9019836
 9006804
 9007391
 9009123
 9008997
 9009978
 9010613
 9012233
 9015060
 9019994
 9017293
 9020248
 9018287
 9018297
 9017725
 9018217
 8962592
 1188738
 1188541
 1188543
 9021452
 9020232
 9021240
 9003550
 9002775
 9004912
 9005109
 9012423
 9011314
 9018838
 9020241
 9020662
 9017056
 8990403
 1341713
 1366203
 1307578
 1307523
 1307524
 1243610
 9004923
 9007653
 9009477
 9008463
 1365597
 9010927
 9011733
 9012500
 9011826
 9013297
 1304211
 9016240
 9015373
 1323341
 9018077
 9017949
 9021462
 9017173
 9018019
 1321602
 9010928
 9015539
 1243624
 9016179
 9017945
 9019290
 9020100
 9019170
 9018220
 9019232
 9020244
 9017639
 9018151
 8976291
 8994808
 9000673
 1272574
 9003923
 9009920
 9009748
 9012130
 9013475
 9014091
 9014511
 9016670
 9016690
 9016184
 9018857
 9017983
 9020111
 9020721
 9021401
 9021133
 1240963
 9002957
 9004787
 9010312
 9011697
 9014635
 9012360
 9011508
 9016838
 9016658
 1243637
 9019520
 9021138
 9018688
 9017712
 1386395
 1323321
 1323322
 9019080
 9020298
 9018338
 9018879
 9018884
 9020046
 9020398
 9020373
 9017775
 9017440
 9012210
 9014632
 9016571
 9016666
 9016794
 9016603
 9015351
 9016721
 9017428
 9019379
 9018478
 9010326
 9008838
 9014261
 9011412
 9012934
 9012501
 9014915
 9013201
 9013439
 9013671
 9013965
 9014250
 9014904
 9013946
 1307546
 9013867
 1249105
 9016266
 9016648
 9016747
 9015465
 9016725
 9016231
 9016720
 9015537
 9016651
 9015538
 9019766
 9020588
 9020660
 9021177
 9021538
 9021539
 9020993
 9021000
 9020032
 9020045
 9020374
 9020574
 9020887
 9021135
 9021470
 9021598
 9020554
 9020625
 9020650
 9020758
 1314729
 9019351
 9019958
 9017999
 9018634
 9019138
 9019476
 9019643
 9021076
 9021103
 9021116
 9021180
 9021339
 9021409
 9017414
 9018299
 9018546
 9017617
 9018256
 9018735
 1364305
 9017811
 9020549
 9018199
 9018432
 9010313
 9010586
 9010839
 9012628
 9013413
 9013859
 9012904
 9017776
 9015142
 9020736
 9020755
 9020642
 9020666
 9020695
 9020812
 9021286
 9021293
 9021355
 9017344
 9021046
 1188736
 1188550
 9017208
 1321063
 1188814
 9014765
 9014133
 9016251
 9020956
 1188737
 9021215
 9020056
 9021256
 9020113
 9017426
 9020966
 9006138
 9009710
 1188832
 9013132
 9015869
 9021173
 9020594
 9018104
 9019473
 0775873
 9019050
 8997036
 9008881
 9016209
 9016362
 1361109
 9013949
 9011727
 9011176
 9016310
 9015710
 9016604
 9016647
 1308541
 9019511
 9017550
 9017843
 9021654
 9021693
 9017859
 9020986
 9021301
 9020632
 9020090
 9018658
 1239666
 9017278
 9017280
 9017841
 9019692
 9020342
 9019475
 9018859
 9018915
 1188740
 9018281
 9017371
 9020857
 9020988
 9021334
 9020639
 9018011
 9019349
 9019819
 9021501
 9021706
 9017994
 9018459
 9017443
 9017862
 9020291
 9018227
 9017281
 9018237
 8997028
 9003686
 9014848
 9016749
 9016682
 9020653
 1165684
 9019375
 9021168
 9019172
 9017573
 9021652
 1196448
 9011382
 9012354
 9012564
 9015641
 9016299
 9021362
 1188492
 1234213
 9018856
 9000015
 9000017
 9003809
 9007442
 9007443
 8991145
 9015941
 9016809
 9016614
 9016624
 9002607
 9001748
 9008880
 9009284
 9010302
 9007860
 9014475
 1354406
 9013425
 9012409
 9016239
 9015443
 9016340
 9016744
 9016156
 9015168
 0893963
 9020883
 9020901
 9017519
 9020219
 9020288
 9021472
 9005489
 9008316
 9010763
 9015018
 1354483
 9014866
 9014981
 9016157
 9015938
 9016084
 9015761
 9016175
 9020567
 9020408
 9018124
 1165699
 9017019
 9020154
 9020312
 9020403
 9017901
 9018827
 9021179
 9021342
 9019182
 9020927
 9020016
 9020038
 9019748
 8993706
 8999672
 9006975
 8983045
 9000803
 9001362
 9006112
 9008769
 9014440
 9016843
 9016477
 1308546
 9018532
 1332367
 1323335
 9017382
 9017386
 9017556
 9018864
 9019600
 9018321
 1240537
 9017536
 9020704
 9018383
 9017590
 9018938
 9015439
 9016329
 9008307
 9016947
 9019888
 9020743
 9020866
 8981925
 9004882
 9004633
 9005374
 1365601
 9007385
 9005686
 0893949
 9010623
 9007949
 9009857
 9009220
 9010866
 9012243
 9012478
 9011739
 9012720
 9012020
 1294274
 9015590
 9015535
 9015930
 9015492
 9020220
 9021707
 1188428
 8999195
 9003228
 9009830
 9009418
 9014350
 9018414
 9018152
 9020307
 9018648
 1379953
 9017663
 9018872
 9018423
 1202143
 8976903
 8995436
 8993930
 1165459
 8997622
 1011129
 9001671
 9004650
 9005749
 9009719
 9009128
 9008271
 9014665
 9013505
 9013450
 9012353
 9012964
 9014782
 9011560
 9015956
 9016382
 9016250
 9016546
 9016802
 9016804
 9016738
 1304212
 9016758
 9016781
 9016788
 9017510
 9020338
 9018292
 9019269
 9020973
 9021395
 9021399
 9017942
 9018853
 9018277
 9020722
 9021228
 9017758
 9008331
 9013253
 1332232
 9000451
 9005975
 9011986
 9015421
 9016688
 9016973
 1294288
 9015848
 9018580
 9017850
 1165696
 9018710
 9020915
 9020521
 9017209
 9006135
 9004079
 9010520
 9012556
 9011295
 9015851
 9016478
 9017362
 9018088
 9017894
 9017135
 9017570
 9017598
 9019116
 9017084
 1365079
 9004565
 9007772
 9015513
 9017006
 9020277
 9011891
 9011537
 8997154
 1336037
 9010351
 9007790
 1379421
 9009529
 9010836
 9013368
 9014666
 9011659
 9015556
 9016679
 9015282
 9016153
 9015615
 9016677
 9016622
 9020272
 9017045
 9017979
 9019953
 9021248
 9018969
 9017704
 9018585
 9019001
 9020492
 9017137
 9020327
 9018843
 9021209
 1294300
 1294301
 1294302
 9018594
 9021194
 1240096
 9018653
 9017422
 9020870
 9021510
 9018066
 9017290
 8997701
 9000214
 9011361
 9011375
 1243632
 9021012
 9021327
 9019973
 9020011
 9020026
 9019028
 8986873
 8988746
 8991619
 8988509
 8989288
 8994249
 9010999
 9012025
 9016511
 9018425
 8989632
 9002751
 9005842
 1188824
 1188806
 9013320
 9013464
 9013926
 9011296
 9013611
 9011468
 1010875
 9012479
 9020560
 9018774
 1232120
 9020898
 1234217
 9024879
 9015289
 9020285
 9021036
 9019468
 9021043
 1294285
 1294253
 9019539
 9023249
 9023744
 9024348
 9024479
 9025092
 1294313
 1307574
 1307576
 9014248
 9011882
 1308501
 1308507
 1308525
 9019906
 9020782
 9019872
 9019680
 1321604
 9019589
 9023536
 9025316
 8988943
 8999094
 9005261
 9010199
 9010157
 1160162
 9012415
 1188845
 9016197
 9019785
 1323347
 9020934
 9020949
 9021242
 9020774
 9017389
 9017924
 9021289
 9019962
 9024987
 9023988
 9021977
 9023771
 9024964
 9025246
 1223606
 9024108
 1342393
 9023505
 9021877
 9023558
 1366228
 9022824
 9023532
 9024870
 9025664
 9025923
 9021813
 9023348
 9022592
 9022903
 9025182
 1188744
 1188547
 9020488
 9018807
 9024170
 9024406
 9022431
 8998337
 9001835
 9025873
 9017673
 8999839
 8998180
 9001275
 9002429
 9005554
 8988415
 9020118
 9017112
 9012956
 9011105
 9019560
 9020258
 9020739
 9019823
 9019456
 9024086
 9025588
 9024898
 9022440
 9015085
 8995338
 1294493
 1294255
 9006613
 9010592
 9010708
 1294265
 1294271
 9015019
 9014700
 9015687
 9015525
 9015701
 9018146
 9018557
 9020558
 9021524
 9020275
 9020427
 9021966
 9023110
 9024969
 9025239
 9025671
 9025866
 9022176
 9023098
 9023819
 1272672
 9024436
 9024470
 9025792
 9023629
 9007212
 9005057
 1188742
 9005769
 9023034
 9022395
 9024782
 9022764
 9024937
 9018612
 9018539
 9019348
 9020034
 9020744
 9019546
 1191146
 9024133
 9025439
 1328200
 9022009
 1307595
 9005392
 9017034
 9019352
 9021044
 9021165
 9018975
 9020955
 9021231
 9023684
 9023934
 9024861
 9025441
 1272673
 9025409
 8996968
 9002303
 9006104
 9014137
 9014230
 9015912
 1165678
 9018963
 9018280
 9020387
 9018085
 9020835
 9020102
 9020287
 9024160
 9022638
 9015775
 9015657
 9015613
 9017589
 8980484
 9011661
 9016067
 9008910
 9009517
 9010549
 9011702
 9020913
 9017939
 9020516
 9019774
 9019516
 9024749
 9024094
 9024117
 9024527
 9021870
 9022423
 9024124
 9024354
 9023575
 9022527
 9025101
 9022309
 1307584
 8999277
 1272668
 9018400
 9020002
 9018144
 9021387
 9017752
 1232133
 9023802
 9022816
 9022829
 9022833
 9021841
 9023858
 9022479
 9009854
 9015145
 9021048
 9019784
 9018947
 9021498
 9018923
 9024346
 9025522
 9023388
 9025299
 9023790
 9014882
 9018260
 9019745
 9021398
 9021422
 1294292
 9025576
 1223676
 8999984
 9010608
 9008703
 9010820
 1339423
 9011312
 1291883
 9016416
 9016578
 9021149
 9019701
 9021263
 9020677
 9017706
 1284537
 9020328
 1294294
 9021130
 9024122
 9021898
 9023390
 9023690
 9024275
 9022631
 9023752
 9023741
 9025463
 9024910
 9022607
 9022882
 9025074
 9022376
 9012393
 9015728
 1165415
 9019247
 9018781
 9017544
 9023530
 9022688
 9024288
 9022697
 9025105
 9023112
 9024174
 9025398
 9025580
 9022181
 9024632
 9025020
 9023002
 9024807
 9020280
 9023743
 9024357
 8995611
 8999593
 9008035
 9010463
 9009506
 9011402
 9011895
 1165698
 9021127
 9019049
 9020170
 9017891
 9021710
 9017749
 9019398
 9020091
 9023845
 9024970
 9022759
 9022700
 9024728
 9024820
 1240968
 9002044
 9007446
 9013973
 9015737
 9017167
 9018464
 9017995
 9020775
 9018734
 9023063
 9023751
 9025431
 9024711
 1223607
 9024414
 9021986
 9022680
 9022712
 9021931
 9024899
 9023201
 9022461
 9022396
 9023173
 1293201
 9025081
 9025272
 9025394
 9025521
 9025620
 9024362
 9024918
 9024841
 9025220
 1365066
 9009029
 9009038
 9012811
 9015050
 9012658
 9015051
 9012889
 9015226
 9017954
 9018867
 9020019
 9020970
 9021193
 9020313
 9018265
 9021948
 9023889
 9024946
 9025613
 9022492
 1294315
 9022619
 9023808
 1365617
 9025911
 9022305
 8962107
 8991166
 8913433
 9003921
 1368676
 9013486
 1324248
 9017960
 1165443
 9020476
 9022623
 9022265
 8996027
 8995280
 9001280
 9002745
 9014715
 9016681
 9020513
 9018041
 9021415
 9017616
 9025904
 9022046
 9001546
 9005316
 9011475
 9021164
 9020171
 9017265
 9020490
 9018842
 9021341
 1321611
 9020582
 9020938
 1328198
 9023938
 9023951
 9022810
 9023085
 9025655
 9023975
 9024096
 9023089
 9023027
 1307527
 1379396
 9008207
 9012087
 9019405
 9018958
 9020433
 9024538
 9025162
 9024954
 9022577
 1323356
 9023921
 9023543
 9024601
 9025410
 9022918
 9012787
 9013950
 9016668
 9016819
 9016810
 9019961
 9018131
 1165683
 9017806
 9019204
 9020382
 9017928
 9020200
 9020350
 9017578
 9018878
 9019851
 9021819
 9025209
 1223690
 9022356
 9024886
 9023467
 9021869
 9023844
 1365621
 9024235
 9022208
 9006566
 9007726
 1339432
 1294289
 9020624
 9021110
 9019025
 9019929
 9017913
 9019889
 9019940
 9020263
 9025217
 9023941
 9022499
 9022380
 9022775
 9023426
 9025357
 9024087
 9024294
 9022421
 9022593
 9023859
 9022287
 1366230
 9022095
 9022887
 1202123
 9017800
 8985939
 1368526
 1188415
 1188530
 9022628
 9025897
 9024136
 8997071
 9015147
 9021058
 9019614
 9018968
 9018331
 9023184
 9025533
 1223695
 9025656
 9023676
 8997741
 1307508
 9009794
 9013401
 9011192
 9014273
 9016098
 9016467
 9016070
 9020178
 9021274
 1314728
 9019706
 9020315
 9020564
 9017398
 1294305
 9020347
 9021633
 9018824
 9018852
 9019915
 9018455
 9023540
 9024856
 9025172
 9025280
 9025592
 1223686
 9024130
 9025627
 9025742
 1010540
 9022225
 9024030
 9024139
 9023485
 9024076
 9024934
 9025091
 9025421
 9025626
 9025630
 9025752
 9023357
 9022730
 9023261
 9024299
 9025605
 9025418
 9025428
 9024279
 9022251
 9025511
 9022295
 9024345
 9024378
 9022976
 9025607
 9024216
 9023137
 9023890
 9016851
 9018393
 9018798
 9023424
 9024037
 9024172
 9025665
 9022337
 9023550
 9025872
 1188447
 1188449
 9022290
 9023674
 9022113
 9023497
 9023832
 9012034
 9014223
 9020193
 9024643
 9023765
 9024195
 9023314
 9024533
 9014275
 9013990
 9019837
 9024343
 9022450
 9023907
 9019944
 9000680
 9001686
 9014235
 9012313
 9016277
 9017319
 9018214
 9020526
 9020534
 1165677
 9018291
 9019183
 9019977
 9017998
 9018116
 9025282
 1202834
 9005559
 9012729
 9013012
 9019542
 9018495
 9019853
 9020415
 9019333
 9019979
 9021161
 9021673
 9021708
 9017898
 9020707
 9024252
 9023916
 9024846
 9025864
 9022915
 9023666
 9025303
 9022162
 9022368
 9022412
 9022480
 9024821
 9025017
 9025591
 9025642
 9022323
 9025590
 9024836
 9023982
 9025337
 9025348
 9024697
 9022008
 9022010
 9022790
 9025914
 9025918
 9021890
 9022570
 9022773
 9024035
 9022218
 9022636
 9022877
 9008285
 9014653
 9013702
 1339438
 9016027
 9016186
 9017623
 9018497
 9020036
 9017846
 9021780
 9025039
 9025491
 9022980
 9016145
 1165404
 9019697
 9017552
 1234210
 1234220
 9019422
 9020309
 9021018
 9021361
 9017339
 9025552
 9023579
 9024355
 8995011
 9011903
 9015213
 9016741
 9018327
 9010163
 9009782
 9008914
 9013470
 9014654
 9012485
 9014397
 9014585
 9013322
 9016913
 9020599
 9018548
 9021174
 1354435
 9018799
 9019792
 9020136
 1188495
 9019162
 9019428
 9019793
 9018440
 9019413
 9007824
 9014222
 9013906
 9012252
 9016114
 9016414
 1188312
 9019483
 1165690
 9020140
 9021244
 9020828
 9024002
 9023475
 9025435
 1393203
 9024540
 1354338
 9008926
 9009299
 9011626
 9014362
 9016408
 1323823
 9015608
 9016655
 9017657
 1165448
 1165444
 9019341
 9021115
 9017272
 9019321
 9024912
 1223677
 1323848
 9023834
 9022402
 9022411
 9023392
 9024351
 9024548
 9025793
 8989844
 9008235
 1379386
 1379429
 9012942
 9014183
 1352333
 9018937
 9018121
 9017962
 9020245
 9021243
 9023993
 9023183
 9023725
 9024834
 9023923
 9023644
 9024007
 9023952
 9024707
 9025512
 9025199
 9022244
 9024764
 9025014
 9022060
 9025121
 9023036
 9025508
 9023759
 9024296
 1286507
 9021408
 9020099
 9025448
 9025713
 1223010
 9002524
 9003395
 9011206
 9014352
 9011863
 9015054
 9025621
 9023138
 9012462
 9016731
 1188548
 1232140
 9024251
 9025624
 9025878
 9024183
 9024394
 9024179
 9024763
 1336140
 9022740
 9024999
 8995951
 1307507
 9004720
 9009157
 9013221
 9014760
 9014957
 9012854
 9012395
 9014053
 9016110
 9016662
 1165466
 9018810
 9003173
 9009112
 9008177
 1272658
 9009809
 9014625
 9013258
 9015483
 9018749
 9020081
 9020339
 9021446
 9018024
 9022768
 9025362
 9022844
 9025708
 9025807
 9019439
 9020326
 9020343
 9022826
 9025048
 9025638
 9025187
 9025330
 9022434
 1286506
 9022717
 8991766
 8991734
 8998675
 1272640
 9011500
 9011504
 9012343
 9012490
 1365749
 9011910
 9019017
 9020496
 9019771
 9021121
 9021238
 9019891
 9020460
 9018014
 9017713
 9019807
 9017283
 9017286
 9020965
 9021126
 9021518
 9019606
 9021148
 9021324
 9020877
 1232128
 9018369
 9025191
 9023973
 9021972
 9022190
 9022656
 9024412
 9024737
 9025350
 9025657
 9021743
 1223602
 9023412
 9024439
 9024503
 9025686
 9023440
 9023637
 9024611
 9024649
 9025770
 9025773
 9022524
 1294323
 9022169
 9023117
 9024168
 9023385
 9023737
 9022418
 9022269
 9023125
 9025241
 9015013
 9017238
 1354430
 9020615
 9018380
 9023102
 9022343
 9022801
 8948463
 1188977
 8988458
 9016849
 9025876
 9023136
 9022109