16-7-11
 9043509
 9051966
 9058844
 9062561
 9066799
 9066964
 9067082
 9063808
 9067527
 9070377
 9069999
 9070480
 9069188
 1321582
 9055220
 9056366
 9056561
 1321459
 9062176
 1321479
 9066424
 9063942
 9067207
 1321414
 9068812
 9068506
 9070434
 9015987
 1165417
 1165692
 9019586
 9017821
 9022250
 9032624
 9030843
 9037172
 1361050
 9034235
 9037953
 9038121
 9061794
 9061820
 9065993
 9064016
 9068410
 9068816
 9069537
 9068284
 0964817
 9070784
 9070792
 9067694
 9068729
 9069402
 9069458
 9067299
 9067599
 9070774
 9067701
 9070441
 9067568
 9068385
 9068422
 9070986
 9069990
 9068900
 9065659
 9070254
 9067552
 9067890
 9068003
 9069837
 9033698
 9066189
 1297694
 9068288
 9026445
 9030396
 9038462
 9056308
 9065583
 9040575
 1175599
 9060454
 9066993
 9068727
 9068544
 9070795
 9067588
 9068051
 9069815
 9064998
 9065339
 9034461
 9040108
 9051365
 9059449
 9056885
 1321079
 1249953
 9061989
 9060262
 9060385
 9020181
 9020194
 9024716
 9036739
 9063393
 9065652
 9065138
 9064360
 9066657
 9020082
 9021935
 9032040
 9037132
 9047106
 9059003
 1240734
 9058118
 1354873
 9061065
 9060458
 9060282
 9065749
 9064323
 9064778
 9066061
 9067197
 9065263
 9065508
 9068803
 9069994
 9069013
 9069255
 9069820
 9070828
 9067492
 9067809
 9069717
 9069624
 9070979
 9070487
 9070669
 9068866
 9069185
 9068599
 9068973
 9070855
 9067933
 9068776
 9068832
 9069222
 9024641
 9033722
 1323781
 1188160
 9056447
 9063478
 1297659
 9066228
 9069129
 9069110
 9069888
 9030574
 9049537
 1294431
 9066716
 9065913
 9065433
 9030602
 9030112
 9037592
 9043367
 9042623
 9047332
 9050517
 9049301
 9051630
 9051238
 9053072
 9054001
 9057179
 9057056
 1339956
 9056600
 9057388
 9058495
 9057207
 9056857
 9057887
 9061476
 9060972
 9061881
 9063990
 9064502
 9065952
 9066849
 9065319
 9064409
 9064225
 9065478
 9070736
 9068043
 9067719
 9069400
 9068570
 9069244
 9069427
 9070173
 1312685
 9070188
 9067857
 9055893
 9055904
 9043625
 9060903
 9064442
 9069989
 9067995
 9034831
 9039737
 9054111
 9053586
 9058841
 9056791
 9057202
 9061619
 1323504
 9066252
 9066232
 9066336
 9067353
 9068535
 9069647
 9067825
 9069369
 9070378
 9068651
 9069084
 1294442
 9061101
 9067241
 9068606
 1364310
 9057264
 1126807
 1341685
 9059986
 9065870
 9063515
 9041763
 9043166
 1321501
 9043086
 9045440
 9049334
 9068588
 9020320
 9063208
 9059963
 9060722
 9069086
 9069101
 9068370
 9068189
 9070358
 9068086
 9058375
 9059511
 9061557
 9065733
 9066465
 9066932
 9065516
 9070637
 9067622
 9070647
 9067934
 9070731
 9069584
 9068563
 9069495
 9027833
 9062913
 9061716
 9063157
 9066294
 9068605
 9069916
 1393056
 9070432
 9023931
 9039835
 9059479
 9056830
 9056405
 9058358
 9059911
 9062690
 9061811
 9061703
 9066208
 9065049
 9065005
 9063732
 9064369
 9064812
 9065375
 9066780
 9064839
 9066506
 9065966
 9066307
 9063826
 9065066
 9065424
 9068941
 9068133
 9070927
 9070503
 9069124
 9069534
 9069956
 9035319
 9038713
 9051663
 9050042
 9050605
 9057823
 9059002
 9063043
 1328359
 9065927
 9064084
 9063845
 9066819
 9068842
 9067886
 9067461
 9069168
 9069832
 9069872
 9070236
 9068686
 9070393
 9070720
 9070843
 9069220
 9070045
 9040991
 9039166
 9054800
 9069577
 9068538
 9070095
 9067725
 9069585
 9019989
 9025916
 1188278
 1304155
 9027877
 9032312
 9033700
 9031434
 9035527
 9034663
 1354971
 9040170
 9038097
 1010890
 9038461
 9041546
 9046302
 9047269
 9047313
 1188132
 9049411
 9049273
 9053437
 9057435
 9056390
 9056413
 9056528
 9060355
 9060417
 9060762
 9066485
 9063952
 9064300
 9065625
 9064579
 9065568
 9066051
 9066058
 9066078
 9066440
 9063839
 9066769
 9064352
 9064733
 9064402
 1339966
 9063981
 9063923
 9066257
 9066275
 9064030
 9065641
 9066776
 9069474
 9069303
 9069655
 9070337
 1297692
 9068879
 9069024
 9069128
 9069953
 9070122
 9068695
 1328375
 9070008
 9070029
 9041447
 9049398
 9058622
 1354857
 1354858
 9060840
 9060163
 9063260
 9061321
 9066568
 1354892
 1354899
 1165959
 9066192
 9066908
 9066190
 9067237
 9070253
 9069645
 9067938
 9069275
 9067632
 9070662
 1297687
 1312680
 9069904
 9067966
 9068311
 9070144
 9068211
 9068216
 9068914
 9069201
 9069734
 9048368
 9064009
 1294445
 9067348
 9067979
 9068156
 9069054
 9068922
 9069661
 9070643
 1393054
 9070345
 9069679
 8971573
 8992506
 8996635
 9026126
 9036574
 9037285
 9020144
 9066917
 9068066
 1297678
 9069257
 1321022
 9067707
 9061032
 9017111
 1249021
 9036778
 9051439
 9036255
 9065932
 9063898
 9065767
 9066860
 9064427
 9066106
 9067284
 9068327
 9069006
 9067965
 9070823
 9067247
 9067936
 9041983
 9055387
 9052405
 9059027
 9060197
 9061707
 9064833
 1354887
 9065797
 9065634
 9065476
 9064587
 9069328
 9068236
 9069564
 1341458
 9070145
 9069211
 9069217
 1321420
 1321431
 9069023
 9068279
 9068347
 9070670
 9035041
 9039338
 9063008
 9060418
 9061692
 9062834
 9065803
 9065900
 9064233
 9064144
 9065463
 9066653
 9065427
 9066001
 9068214
 9069778
 9069066
 9069072
 9068791
 9069955
 9070024
 9069565
 9070649
 9069062
 1361460
 1328355
 9058441
 9057399
 9059924
 9062426
 9060735
 1188183
 9059890
 9066951
 9065840
 9063891
 9064292
 9064474
 9065804
 9066084
 9066571
 9065280
 1297664
 9065281
 9063655
 9064701
 9065957
 9064607
 9065862
 9067513
 9068375
 9070127
 9070563
 9069021
 1312689
 9069234
 9068056
 9070990
 9069236
 9069405
 1188367
 9006019
 9014502
 1217721
 1382574
 1188743
 9020859
 9024375
 9027458
 9027973
 9028544
 9028837
 9029339
 1304247
 9032417
 9036585
 9035648
 1368182
 9035619
 9039791
 1188286
 1188296
 9040277
 9039950
 1339953
 9043605
 9042772
 9047955
 9045166
 9047162
 9049173
 9059921
 9063370
 9065676
 9066833
 9071015
 9068904
 9069035
 9058774
 9064347
 9065214
 9065275
 9064632
 9070687
 9070198
 9068237
 9032613
 9043952
 9049494
 9058079
 9061212
 1272744
 1240427
 9060809
 9063351
 9064846
 9065636
 9064578
 9066454
 9066733
 9065562
 9064617
 1366984
 9066852
 9066677
 9070595
 9070603
 9067888
 9068219
 9068223
 9070930
 1322081
 9069339
 9069662
 9070296
 9070640
 9070805
 9070942
 1341461
 9069601
 9067477
 9067723
 9068058
 9068661
 9069772
 9070315
 9067433
 9069998
 9070822
 9068721
 9069809
 9069963
 9070142
 9070895
 9068386
 9070162
 9070604
 9070628
 9067721
 9068405
 9068413
 9068009
 9067713
 9069828
 1321428
 9068751
 9070484
 9060056
 9043149
 9053007
 9053626
 9057694
 9058926
 9059497
 9061569
 1294436
 1294437
 9051832
 1368330
 9066430
 9069445
 9069552
 9069613
 9069634
 9069653
 9069658
 9070233
 9069473
 9069710
 1297658
 1297668
 9069417
 9068019
 9068309
 9069818
 9069826
 9069111
 9068262
 9069253
 9069312
 9068521
 9064264
 9066057
 9066137
 9070701
 1126966
 9070332
 9068567
 9070096
 9070673
 9069423
 1341827
 9006445
 9005455
 9016581
 9016588
 9026565
 9033617
 9037413
 9041267
 0893999
 9055452
 1382686
 9058278
 9062160
 9062276
 9062575
 9066832
 9066952
 9069048
 9030299
 9059359
 1284357
 9061009
 9063267
 9066771
 9064370
 9066567
 9067166
 9065253
 9063957
 9066939
 9064140
 9067224
 9070147
 9068160
 9069484
 9067414
 9068153
 9069322
 9070912
 9068186
 9069294
 9069409
 9070208
 9068585
 9068838
 9069419
 9069644
 9068468
 1294450
 9070495
 9069173
 9068789
 9069582
 9070005
 1321025
 9067901
 9067989
 1328370
 9067667
 9067930
 9068355
 9069359
 1365632
 9061269
 9063375
 9060959
 9064298
 9065407
 9064720
 9069889
 9069885
 9069370
 9070699
 9057247
 9060998
 9062911
 9063100
 9065096
 9065419
 9066115
 9069843
 9069879
 9070267
 9070428
 9070059
 9068777
 9070426
 9069340
 9070318
 9069579
 9067991
 8664617
 1308152
 1321568
 1321596
 9046561
 9048647
 9053428
 9040923
 1188107
 9023354
 9023924
 9027121
 9030818
 9047770
 9050389
 9049869
 9051337
 9051293
 9055477
 9055443
 9059192
 9061459
 9061654
 9062908
 9063060
 9062939
 9063211
 9066831
 9066709
 9066629
 9065271
 9064542
 9066026
 9066251
 9022424
 9037048
 9037034
 9034134
 9049328
 9053395
 9053489
 9056665
 9060528
 9066768
 9064557
 9064880
 9066736
 9064875
 9064396
 9065560
 9064058
 9069514
 9068496
 9068143
 9068965
 9070202
 9070252
 9070886
 1297691
 9069273
 1243229
 9068099
 9015975
 1165446
 9019046
 9025019
 9026332
 9026669
 9028332
 9028677
 9031045
 9033903
 9035301
 1354619
 9037404
 9035125
 9036507
 9038866
 9039759
 9040027
 9039524
 9038722
 9041481
 9042235
 9048640
 9052112
 9050050
 9052318
 9053300
 9053198
 9053802
 9055576
 9053080
 1194661
 9054672
 9055612
 9056630
 9057816
 1365739
 9059744
 9063201
 9062775
 9061601
 9061174
 1236769
 9060852
 9060877
 9062788
 9061120
 9061766
 9066445
 9066333
 9064108
 9066802
 9066988
 1297663
 9066774
 9065397
 9065502
 9065692
 9066978
 9064230
 9064247
 9069139
 9070043
 9070182
 9067941
 9069145
 9067643
 9069177
 9067521
 9067882
 9068801
 9068869
 9069102
 9067942
 9068814
 9069247
 9069887
 9070767
 9069725
 1249465
 9067761
 9040913
 9043885
 9048166
 9059436
 9060527
 9065039
 9067141
 9066448
 9067550
 9015067
 1272705
 9040833
 9058456
 9056198
 9062417
 1379633
 9061409
 9060532
 1323508
 9065660
 9064692
 9065730
 9066361
 9066803
 9064891
 9066838
 9064038
 9063472
 9064019
 9067450
 9068030
 9067528
 9067843
 9069034
 1341454
 9068615
 9069781
 9070587
 9069014
 9069903
 9068792
 9069270
 9070040
 9068006
 9068159
 9068333
 9053305
 9054042
 9069667
 9070468
 9031946
 1354708
 9056657
 9070502
 1297690
 9069044
 9070204
 9036391
 9051018
 1304197
 9051111
 9055603
 9053306
 9054251
 9056223
 9059202
 9056867
 9060146
 9060154
 9060617
 9061473
 9062364
 9066265
 9065606
 9066961
 9066590
 9063813
 9066204
 9065717
 9066321
 9069457
 9069468
 9067880
 9067907
 9068504
 9067392
 9067881
 9069857
 9070436
 9067760
 9067958
 9069835
 9067692
 9067993
 9070006
 9068639
 9069620
 9070077
 9070737
 9070831
 9068678
 9068805
 9069212
 9070629
 9070657
 9068281
 9042560
 1323460
 9049632
 9061327
 9060376
 9060578
 9062926
 9065942
 9066772
 9066756
 9065227
 9065677
 9067026
 9064698
 9064618
 9066867
 9064351
 9069286
 9070353
 9070385
 9067872
 9068737
 9069246
 9069391
 9069631
 9068108
 9070380
 9069425
 9070389
 9070398
 9068871
 9067569
 9070866
 9068198
 9016008
 9028098
 1293376
 9035523
 9060169
 9061825
 9061790
 9066280
 9055412
 9059325
 9062085
 9061169
 9064835
 9063490
 9064063
 9066173
 9065034
 9063702
 9066188
 9066645
 9070319
 1126967
 9068607
 9069705
 9069089
 9069749
 9070013
 1297679
 9067892
 9068515
 9068652
 9067962
 9038662
 9053067
 9053211
 9056548
 9062544
 9066407
 9065841
 1284378
 9068698
 9067655
 9068668
 9048691
 9052803
 9062179
 9060048
 9063397
 9066193
 9070960
 9048036
 9051110
 9050258
 9053655
 9057229
 9062615
 9061282
 9059945
 9066877
 9066753
 9065251
 9065622
 9063924
 9064804
 1328366
 9065970
 9066702
 9069636
 9067786
 9068795
 9069993
 9070869
 9070881
 9070489
 9070755
 9068743
 9070716
 9068388
 9067526
 9068522
 9069306
 9069503
 9067478
 9070567
 1393052
 9070541
 9069745
 9070098
 9068971
 9067963
 9069031
 9070780
 1362193
 9055310
 9054729
 9057135
 9066529
 9065670
 9065250
 1321488
 9067971
 1239803
 9068273
 9068376
 9069689
 9068373
 8959492
 9018056
 9017716
 9053364
 9060556
 9061422
 9060916
 9061196
 9068551
 9068688
 9039257
 9043122
 9062023
 1240426
 9064077
 9066105
 9068196