16-7-12
 9062496
 9062088
 9066246
 9064333
 9066041
 9064655
 9070320
 9070933
 9071380
 1321522
 1321527
 9059516
 9065643
 9067208
 9067228
 1321426
 9068314
 9068323
 9072624
 9074030
 9072806
 9073568
 9053263
 9063232
 9060817
 9064775
 9064415
 9066423
 9070730
 9067998
 9073337
 1322086
 9071487
 9071895
 9074314
 9072023
 9072366
 9073053
 9073472
 9072116
 9071598
 9071624
 9073657
 9071173
 9072478
 9061014
 9059646
 9064685
 9065930
 9068623
 9069476
 9068364
 9072441
 9072620
 9071663
 1297697
 1188067
 9073607
 9073863
 9071481
 9072206
 1188115
 1188386
 1188125
 9056235
 9056279
 9067303
 9069130
 9069547
 9068096
 9061649
 9062055
 9065243
 9065462
 9065501
 9066792
 9065582
 9064175
 9065373
 9066260
 9067637
 9069039
 9069498
 9070070
 9067565
 9069279
 9071996
 9072297
 9072874
 9073833
 9072377
 9068683
 0978740
 9067898
 9069685
 9061281
 9062771
 9067985
 9067876
 9068988
 9069739
 1146260
 9072770
 9071604
 1332959
 9072118
 9074306
 9074602
 9074605
 9074743
 1322364
 9073484
 9074044
 9074469
 9074554
 9074705
 9071204
 9072346
 9073073
 9074276
 9071925
 9073212
 9072589
 9071690
 9074116
 9072840
 9067103
 9070745
 9060451
 9067205
 9068613
 9067967
 9069991
 9046591
 9046906
 9056503
 1240737
 9056908
 9060138
 9061234
 9060821
 9060478
 9062504
 9064048
 9069944
 9068087
 9069345
 9072271
 9073562
 9074490
 9072130
 9074087
 9071892
 9074090
 9071789
 9071979
 9054947
 9057865
 9063565
 9064096
 9042238
 9055216
 9041013
 9066172
 9065379
 9067841
 9070579
 9068463
 9068305
 9071981
 9071722
 9071947
 9074000
 1382762
 9064105
 1294447
 9067203
 9067836
 1393057
 9069566
 1188182
 9062036
 1297661
 9049154
 9065635
 9065258
 9069428
 9068290
 9070313
 9068203
 9069686
 9069557
 9069562
 9069807
 9070032
 9070137
 9073077
 9073281
 9073593
 9071352
 9071769
 9074266
 9072896
 9073846
 1366910
 9073261
 9074536
 9074555
 9071646
 9072436
 9054277
 9063485
 9065071
 9066327
 9064266
 9069096
 9069164
 9069085
 9070354
 1294348
 9068857
 9067846
 9067463
 9069704
 9072301
 9072324
 9072562
 9072675
 9072990
 9073183
 9071642
 9059565
 9068010
 9068116
 9068317
 9070417
 9069972
 9071799
 9072629
 9074058
 1188064
 1294425
 9067925
 9069186
 9071687
 9073644
 9072140
 1393067
 9064273
 9063424
 9065575
 9064997
 9064857
 9066074
 9068575
 9068310
 9068091
 9068362
 9070350
 9067897
 9070184
 9070336
 9071858
 9074573
 9073385
 9074258
 9071688
 9074425
 1243249
 9073859
 9071751
 9071844
 9071997
 9043914
 9043940
 9047338
 9048190
 9047062
 9050251
 9049251
 9052747
 1304288
 9054432
 9057729
 9058487
 1188390
 9057556
 9058346
 9061588
 9060429
 9061058
 9065887
 9065868
 9066441
 9064419
 9066826
 1126959
 9068040
 9069519
 9067758
 9067834
 9069965
 9070020
 9070406
 9045529
 9057307
 9058076
 9058209
 9066491
 9069327
 9069776
 9070422
 9069822
 9068647
 9069502
 9073513
 9073221
 9073084
 9071928
 9073310
 9071968
 1188069
 9072886
 9051472
 9052598
 9054027
 9057430
 9063203
 1240949
 9069228
 9072179
 9074781
 9053069
 9069510
 9068071
 9070126
 9072175
 9073594
 9073403
 9072530
 9074800
 9029757
 9041962
 9052438
 1243219
 9057325
 9060382
 9065602
 9066976
 9064101
 9066675
 9069119
 9070242
 9070374
 9072330
 9072428
 9071315
 9071897
 9072076
 9071907
 1249032
 9062412
 9064549
 9066090
 9053998
 9060411
 9065495
 9064241
 9065924
 9065391
 1366983
 9066579
 9063848
 9068141
 9069769
 9067384
 9068379
 9070068
 9068576
 9068589
 9072670
 9071883
 9072274
 9074242
 1198962
 1198966
 9071401
 9045490
 9055786
 9055843
 1379625
 9060489
 9065523
 9063922
 9064342
 9065992
 9068060
 9068193
 9073900
 9071710
 9074429
 9073849
 9074653
 9071854
 9074571
 9073973
 9073143
 9073545
 9072090
 9074199
 1243248
 9071062
 9074524
 1188131
 1336078
 9064605
 9073186
 9073194
 1366922
 9070819
 9071791
 9074115
 9074457
 9071684
 9074153
 9074251
 9073211
 9071755
 9060979
 9061982
 9065264
 9065801
 9063805
 9064554
 9067206
 9065163
 9065497
 9067976
 9070042
 9069285
 9070810
 9070041
 9069037
 9068936
 9070066
 9070624
 9068716
 9072723
 9072558
 9073330
 9073440
 9074600
 9073713
 9073220
 9073264
 9074540
 9071309
 9071446
 9072290
 9071271
 9073694
 9073919
 9074611
 1393070
 9071620
 9074301
 9073270
 9072078
 9071247
 9073447
 9074206
 9074424
 1339976
 9071913
 9049356
 9050656
 9058756
 9063705
 9063892
 9063291
 9064012
 9071812
 9073867
 1321020
 1321021
 9071703
 9072976
 9072999
 9071123
 9071551
 1382646
 9071048
 9071172
 9073188
 9069640
 9064526
 9072017
 9073897
 9072756
 9072085
 9071473
 9071824
 9053192
 9061993
 9066517
 9070058
 9065136
 9066758
 9065737
 9067366
 9069864
 9070014
 9070360
 9070550
 9069496
 9070099
 9067910
 9069431
 9070117
 9069317
 9068520
 9068351
 9068447
 9068733
 9073151
 9074770
 9072650
 9071813
 9072421
 0964862
 9073980
 9071229
 9073840
 9071488
 9072386
 9072844
 9072982
 9071975
 9074310
 9073227
 9072226
 9073992
 9074100
 9074198
 9074331
 9071600
 9072094
 1382751
 9074234
 9074248
 9071243
 1328380
 1328384
 9048651
 9046202
 1365751
 9058115
 9062925
 9063548
 9068300
 9069331
 9069599
 9068702
 9070559
 9069919
 9073334
 9071665
 9072425
 1224754
 1224756
 1224755
 1224757
 1224753
 9064284
 9068068
 9072165
 9074004
 9072182
 9072836
 9074059
 9073085
 9073474
 9072197
 9043068
 9061848
 9060049
 9062683
 9065207
 9065438
 9069251
 9070004
 9069214
 9070046
 9068877
 9068241
 9068105
 9056263
 9067984
 9069150
 9069733
 9069249
 9069267
 9071715
 9074629
 9072971
 9073038
 9072639
 9073025
 9071343
 9071409
 9073768
 9073242
 9071170
 1243235
 9055708
 1304312
 1322069
 9064191
 9065833
 9064472
 9065903
 9064954
 9064017
 9069447
 9068913
 9068932
 9067973
 9067740
 9070650
 9067921
 9070497
 9067696
 9070257
 9071956
 9072594
 9074018
 9071909
 9072156
 9074321
 9073722
 9073942
 9073901
 9074466
 9074433
 1188065
 9074423
 9074031
 9072063
 9030451
 9041951
 1366096
 9057262
 9064263
 9064309
 9064693
 9065115
 9068169
 9067563
 9071951
 9073685
 1323178
 1341555
 9072516
 9073883
 9071064
 9071066
 9073002
 9071622
 9072662
 1381862
 9072028
 9074329
 9064661
 1322083
 9068326
 9067788
 9074027
 1322089
 9074676
 1393062
 1382761
 9023665
 9049089
 9059302
 9058807
 1126960
 9067894
 9068345
 1328372
 9072315
 9072869
 9071416
 9071257
 9071691
 9071697
 9072067
 9073556
 9072472
 1188060
 9071939
 1366915
 9071835
 9072691
 9071827
 9071329
 9072128
 9072811
 9073161
 9073855
 9071849
 9071627
 9072732
 9059354
 9063179
 9065759
 9066698
 9066700
 9066740
 9066030
 9066660
 9066101
 9070917
 9069350
 9070824
 9070898
 9071935
 9073285
 9072292
 9073760
 9074134
 1198963
 9074506
 9072014
 9070665
 9044925
 9065131
 9068102
 9070362
 9070717
 9067996
 9072043
 9072792
 9073678
 9074286
 1188061
 9072468
 9072626
 9071358
 9073529
 9071615
 9070223
 9042251
 9049404
 9051847
 9050712
 9054388
 9054472
 9053513
 0978742
 9074408
 9061404
 9064986
 9068524
 9061000
 9065920
 9068228
 9069462
 9068786
 9070492
 9070732
 9069055
 9070178
 9070613
 9070781
 9071201
 9073514
 9071898
 9072605
 9073450
 9073481
 9073487
 9074445
 9072769
 9073712
 9074375
 9072136
 9073483
 9074313
 1393069
 1188063
 9073853
 9072244
 9074802
 9072231
 9072585
 9055458
 9067582
 9070442
 9072652
 9072560
 9073671
 9072834
 9071063
 9011932
 9047503
 9053456
 1188154
 1188164
 9060658
 9062645
 9065786
 9069847
 9072860
 9073599
 9073522
 9072237
 1175598
 9070035
 1339906
 9060079
 9060332
 1297666
 9049607
 9070672
 9070904
 9067434
 9067850
 9072868
 9073602
 9074343
 9074493
 9073070
 9073033
 1161718
 9075791
 1321468
 9065673
 9067209
 9069399
 1321424
 1321449
 9076542
 9075417
 1321353
 1321366
 1304184
 9051152
 9057168
 9056289
 1321477
 9066962
 9067523
 9069897
 9074399
 9073104
 9071292
 9072054
 9071169
 1243665
 9072402
 9075718
 9075266
 9076261
 9076456
 9075225
 9075410
 9076622
 9076516
 9076593
 9074882
 9074989
 9072181
 9073121
 9076657
 9075910
 9055733
 1188172
 9056591
 9056270
 9062059
 9061643
 9053606
 9068713
 9067260
 9067270
 9068473
 1322357
 1382630
 9073512
 9075303
 1312719
 9054235
 9062549
 9065654
 9065399
 9052343
 9064112
 9066639
 9063723
 9067382
 9067922
 9069413
 9069467
 9070395
 9068829
 9069260
 9072950
 9074249
 9074659
 9072606
 9072673
 9072255
 9072192
 9073180
 9071399
 9072414
 9073750
 9074889
 9074953
 9075901
 9076578
 9076319
 9076326
 9075423
 9076653
 9075927
 9076321
 9075150
 1304510
 9076473
 9032538
 9051097
 9054118
 9063932
 1393053
 9073185
 1239807
 9071633
 9072417
 9075498
 9058925
 9057846
 9069136
 9073569
 9074794
 9071940
 9075564
 9070092
 9071804
 9075322
 9075408
 9070038
 9070055
 9071270
 9072522
 9073004
 9073610
 9072303
 9072610
 9061214
 9062051
 9065768
 9063966
 9066987
 0964825
 9072556
 9074304
 9075710
 9075815
 1321410
 1321425
 9071301
 9071556
 9075426
 9075871
 9074978
 9076590
 1364408
 1198959
 9059712
 9064100
 9072825
 9073655
 9060407
 9063394
 9067196
 9068128
 1297689
 9070987
 9069242
 9071580
 9071619
 9074795
 9074832
 9075571
 9075593
 9075455
 9075534
 9069287
 9074733
 9074577
 9071725
 9076608
 9076472
 9076511
 1393073
 9029702
 9049663
 9054702
 9056972
 9059054
 9060733
 9066747
 9069677
 9069766
 9071749
 9072842
 9073536
 1366911
 9072873
 9076360
 9075715
 9076558
 1284459
 9076344
 9076054
 9076471
 9075676
 9075683
 1328386
 9040894
 9060039
 9070140
 9069047
 9070453
 9068497
 9069914
 1351005
 9071359
 9072710
 9074205
 9074210
 9074220
 9072586
 9072916
 9073438
 9074389
 9072543
 9072997
 9072812
 9071375
 9073819
 9074105
 9075799
 9076061
 9076354
 9042607
 9051958
 9054513
 9055847
 9062002
 9061656
 9065679
 9070999
 9068050
 9069262
 9070080
 9072863
 9072848
 9073263
 9072949
 9073486
 9072365
 9072616
 9073570
 9074784
 1010801
 9073949
 9072490
 9074302
 1328278
 9072625
 9075667
 9075293
 9075677
 9075488
 9075223
 9038014
 9050991
 9052556
 9058915
 1240705
 9062352
 9060622
 9061464
 9068656
 9069174
 9074145
 9073985
 9073029
 9071400
 9071889
 9074086
 9072024
 9071829
 9073294
 9073303
 9073664
 9074110
 9074182
 9073916
 9073921
 9072725
 9072938
 9075065
 9076529
 9076399
 9075955
 9075209
 1321364
 9076039
 9059481
 9059985
 9067987
 9069899
 9069627
 9069845
 9069594
 9069814
 9074595
 9072311
 9074420
 9072431
 1393065
 9072256
 9073826
 9072992
 9074315
 9071672
 9015010
 9016737
 9018255
 9017388
 9017395
 1188376
 9056927
 9064307
 1321023
 9071678
 9073937
 9049583
 9053856
 9068318
 9067849
 9070049
 9074658
 9076165
 9076211
 9067126
 1321486
 1321487
 9069205
 9070340
 9068293
 9070064
 9070540
 9071539
 9074183
 9072763
 9072582
 9073510
 9071421
 1321438
 9073293
 9071573
 9075759
 1304507
 9075342
 1354823
 1240727
 9072514
 1322362
 9071719
 9072500
 9073228
 9071888
 9074192
 9072077
 9072773
 9074162
 9075541
 9064808
 9067665
 9070278
 9067591
 9067607
 9074572
 9073987
 9074184
 9072804
 9072451
 9072611
 9076059
 9075427
 9051748
 9054050
 9059357
 1294429
 9060165
 9060714
 9064274
 9064181
 1291934
 9067204
 9068206
 9072503
 9073666
 9072188
 9074130
 9073203
 9074465
 9073062
 9072355
 9072270
 9074319
 9072642
 9073320
 9075819
 9076390
 9075257
 9076583
 9075454
 9033055
 9039052
 9047448
 9046626
 9049812
 9053344
 9056576
 9056357
 9060330
 9061156
 9060259
 9060263
 9061183
 9064362
 1291933
 9068673
 9070061
 9068740
 9069140
 9067619
 9074421
 9073307
 9072236
 9072889
 9072905
 1297684
 9072630
 9074809
 9068147
 9069939
 9072686
 9072931
 9074691
 9073742
 9071571
 9073583
 9057265
 9057824
 9063631
 9065091
 9066389
 9064765
 9068450
 9070772
 9068052
 9070213
 9070201
 9069596
 9070984
 9073950
 9073115
 9071886
 9073317
 9073455
 9072383
 9067027
 9071018
 9074807
 9064078
 1321019
 9065792
 9068503
 9067739
 9068298
 9071574
 9073299
 9072006
 9072929
 9071771
 9074749
 9074753
 9072861
 9071067
 9074386
 9073575
 1390839
 9072150
 9073200
 9073193
 9075553
 9075425
 9075444
 9075449
 9075822
 9075468
 9075647
 9075704
 9076409
 1321087
 1321088
 1321089
 9051849
 9072777
 9072790
 9075985
 9076082
 9075321
 9075248
 9070526
 9071241
 1010803
 1362218
 9076397
 9075951
 9072940
 9076243
 9075422
 9051784
 9059503
 9060242
 9065414
 9067783
 9073407
 9065111
 9064387
 9066156
 9067820
 9069593
 9068164
 9069178
 1322361
 0964855
 9074417
 9073246
 9073668
 9073789
 9071457
 9072371
 9073347
 9071205
 9071361
 9073769
 9072540
 9072578
 9072915
 9074804
 9072010
 9074303
 9076658
 9075997
 9076134
 9075409
 9075752
 9075028
 9075797
 9076084
 9043797
 9064850
 9073254
 9072320
 9075001
 9076356
 9075688
 9075739
 9075610
 9075368
 9065774
 9071331
 9072608
 9074222
 9072649
 9072909
 1161722
 9076643
 9075706
 9073048
 9074527
 1322085
 9073827
 9074025
 9072671
 9072059
 9074335
 9074726
 9074782
 9056570
 9061760
 9064064
 9067254
 9070798
 9074631
 9072148
 9073415
 9074355
 9074456
 9074520
 9073009
 9075766
 9075828
 9076289
 9076606
 9054753
 9056838
 9059339
 9065591
 9066388
 9066679
 9067202
 9065782
 9068992
 9068477
 9068403
 9070997
 9071002
 9074015
 0964824
 9071989
 9072282
 9073456
 9071396
 9072115
 9072988
 9072820
 9072537
 9073386
 9074525
 9074897
 9076179
 9076507
 9075400
 9076225
 9075271
 9076281
 9076173
 9076048
 9076359
 9076260
 9075899
 9075542
 1341602
 9042687
 9057782
 9060447
 9063281
 9069531
 9067916
 9071694
 9071942
 9072706
 9073272
 9074133
 9074281
 9072753
 9071905
 1376117
 1341589
 9075539
 9074985
 9075918
 9076014
 9076112
 9076328
 9076412
 1304504
 9075213
 9075218
 9069589
 9075905
 9076560
 1354787
 9071537
 1393064
 9072449
 9076564
 9074935
 9076508
 1160756
 9071383
 9071387
 9072198
 9076226
 9075154
 9075306
 9075743
 9075304
 9075958
 9075308
 9076206
 9076247
 9075181
 9076249
 9058727
 9063819
 9065198
 9068467
 9071037
 9071993
 9072637
 9071865
 9073013
 9076475
 9076503
 9076108
 9076496
 9076092
 9062773
 9072855
 9057256
 9062234
 9065708
 9064830
 9070906
 9069614
 9072590
 9074567
 9074072
 9071686
 9075908
 9076509
 9076184
 9064942
 9073328
 9074767
 9072994
 9073721
 9071785
 1161724
 9061573
 9061725
 9061813
 9065213
 9066689
 9065077
 9065953
 9066604
 9069708
 9070112
 9072879
 9073046
 9071296
 9072664
 9073966
 9072737
 9071958
 9074250
 9071877
 9071879
 9073360
 9072368
 9074996
 9076129
 9076230
 9076373
 9076549
 9075982
 9075124
 9076652
 1393075
 9076181
 9075662
 9076160
 9076349
 1328282
 9063554
 9071542
 9072937
 9073738
 9075692
 9075269
 9076510
 9074852
 9067801
 9075825
 9074990
 9075370