16-7-13
 9069280
 9072039
 1161717
 1161723
 9075944
 9063881
 9067518
 9068919
 9073915
 9074557
 1339978
 9075941
 9076355
 9076403
 9076855
 9078924
 9079987
 9066691
 9065662
 9076568
 1321086
 1328387
 9078484
 9078465
 9047505
 9049400
 9069718
 9069958
 9074523
 9074404
 9074287
 9075415
 9075078
 9079847
 9078820
 9080473
 9077318
 9077341
 9078338
 9078817
 9079278
 9079879
 9077326
 9080212
 9079662
 9077509
 9078322
 9077567
 9077725
 1196798
 9068725
 9080460
 9080468
 9079565
 9080027
 9080271
 9079696
 9063775
 9045727
 9059491
 1236762
 9066220
 9067645
 9061969
 9079611
 9078854
 9076697
 9053400
 9073428
 9073838
 9056904
 9060040
 9065179
 9077325
 1272843
 9079953
 9080034
 9077437
 9077571
 9080558
 9069561
 9070034
 1323291
 9068061
 9071880
 9069525
 1321548
 9061443
 9065613
 9067480
 9073209
 1382755
 9076045
 9076370
 9076566
 9076572
 9075247
 9079165
 1354832
 9078295
 9079744
 9078043
 9078815
 9078160
 9078240
 9078494
 9079290
 9079813
 9080300
 9079671
 9080414
 9077042
 9078690
 9078923
 9077265
 9077890
 1161661
 1163482
 9069149
 9057860
 9062024
 1321530
 9074801
 9072693
 9077909
 9080614
 9045436
 9049849
 9059539
 9064788
 9065479
 9067947
 9069374
 9072918
 9074070
 9074215
 9074369
 1366853
 1323294
 9073491
 9073681
 9072408
 0964871
 9076287
 9079923
 9076848
 9080021
 9080045
 9080102
 9077854
 1240443
 9077228
 9079307
 9077778
 1010767
 9079708
 9077537
 9078050
 9059537
 9059845
 9071427
 9052519
 9058102
 9069590
 9073684
 9075994
 9077344
 9078732
 9079125
 9079828
 9077629
 9080654
 9058523
 9066364
 9064103
 9065876
 9067833
 9072689
 9073609
 9074014
 9075522
 9076787
 9076798
 9077777
 9077678
 9078311
 9077206
 9078771
 9079271
 9080297
 9078296
 9078310
 9077682
 9078084
 9078404
 9061231
 1294446
 9072336
 9062335
 9073756
 9059042
 9076541
 9076196
 1362234
 9077695
 9079616
 9080298
 9078138
 1327093
 9077491
 9077568
 9048503
 9051581
 9048810
 9053454
 9074006
 9077948
 1358686
 9053163
 9059686
 9065393
 9068883
 9074564
 9075685
 9075914
 9076499
 9076505
 9075262
 9076394
 9076012
 9076171
 9079809
 9076953
 9078812
 1272811
 9079436
 9079684
 1358685
 9078744
 9072351
 9073874
 9074356
 9072813
 9075126
 9075726
 9076464
 9079322
 9079442
 9080576
 9078090
 9079926
 1297502
 9079571
 9078572
 1368341
 9079124
 9051820
 9055333
 9070448
 9073501
 9076188
 9080469
 9077699
 9077712
 9079837
 1393083
 1393085
 9064529
 9065030
 9071756
 9075751
 9076447
 9075436
 9075326
 9079761
 9080309
 9078591
 9076970
 9078665
 9079603
 9080373
 9077934
 9078491
 9078740
 9080553
 9079350
 9080652
 9051391
 1336058
 1336059
 9053029
 9062255
 1297693
 9072646
 9073940
 9071408
 9071567
 9073703
 1390840
 9072523
 1362215
 1387812
 9075835
 9076031
 9079956
 9077982
 9080006
 9080012
 9080130
 9078567
 9078780
 9059092
 9059358
 9077126
 9079360
 9077968
 9079958
 9076696
 1163306
 9047902
 9049435
 9058387
 9061117
 9066108
 9067753
 9074363
 9074565
 9073878
 9071635
 9073630
 9074785
 9075450
 9076000
 9075508
 1362235
 9079329
 9078294
 9078361
 1272831
 1297501
 9077063
 9077548
 9080645
 9077380
 9078441
 9077681
 9078814
 9062005
 9060409
 9064468
 9065040
 9066926
 9068078
 9070273
 9069333
 9069439
 9068494
 9072902
 9074022
 9073031
 9073948
 1188068
 9074747
 9071249
 9073688
 1010802
 9072099
 9072153
 9072395
 9074823
 9074828
 9075821
 9075100
 9076150
 9075107
 9075092
 9075202
 9075315
 9079780
 9077454
 9079563
 9080398
 9078531
 9078028
 9079308
 9076872
 9077156
 9079198
 9077657
 9078403
 9079228
 9076943
 9077030
 9077189
 9077600
 9077757
 9077842
 9078878
 9080234
 9077216
 9077653
 9078159
 9080082
 9077925
 9078299
 9078486
 9078566
 9077722
 8978320
 9053707
 9067043
 9066349
 9067576
 9071019
 1321417
 1321418
 9068339
 9074273
 9072921
 9072961
 9072337
 9074351
 9074427
 9074574
 1393063
 9072942
 9073241
 1366914
 9071986
 9074917
 9076351
 9076576
 9076580
 9075876
 9076654
 9076265
 9076502
 1321359
 9075031
 9077106
 9079441
 9078182
 1366912
 9064991
 9071393
 9073393
 9075502
 1272828
 9077822
 9077513
 9077519
 9073886
 9050551
 9067531
 9068874
 9068766
 9071398
 9074397
 9074538
 9073387
 9076655
 9076175
 9074941
 9079863
 9080672
 9078316
 9078471
 9079263
 9077660
 9077654
 9078005
 9080035
 9046217
 9050064
 9053176
 9054832
 9060347
 1354881
 9063837
 9066064
 9068283
 9069556
 9067981
 9071878
 9072852
 9072489
 9071760
 9072633
 9072384
 9075809
 9075652
 9077235
 9078226
 1354841
 9076898
 9077135
 9078307
 9077328
 9078573
 9078284
 9078687
 1327092
 9079054
 9079279
 9079276
 9070961
 9076676
 9080598
 9080237
 9079647
 9079839
 9079824
 9079029
 1365743
 9064312
 9068291
 9072251
 9071652
 9071480
 9072474
 9073822
 9074223
 9074261
 9075660
 9075935
 9076244
 9076280
 9076383
 9075196
 9075270
 9076008
 9079284
 9080495
 1322371
 9078521
 9078610
 9077198
 9077953
 9078473
 9077424
 9077314
 1163471
 9053717
 9057665
 9056664
 1393058
 9069351
 9069395
 9073419
 9073396
 9075731
 9076106
 9074924
 9075371
 9076340
 9076859
 9078030
 9080475
 9080453
 9079037
 9079122
 9079703
 9078502
 1297512
 9078552
 9079655
 9080243
 1293149
 9077386
 9078148
 9078170
 9078087
 9078025
 9075713
 9079963
 9079544
 9080058
 9078229
 9078245
 9080653
 9076999
 1297695
 9076335
 9076421
 9076445
 9079894
 9078128
 9079020
 9079552
 9078120
 9077784
 9079333
 9080263
 9080386
 9056573
 9060279
 9066277
 9066729
 9067613
 9069127
 9070528
 9068224
 9072622
 9072977
 9074392
 9074395
 9074738
 9074188
 9073049
 9073384
 9074373
 1188066
 9074581
 1321447
 9075491
 9076348
 9075575
 9075556
 9076231
 9075395
 9075072
 9075264
 9076017
 9075772
 9076151
 9076105
 9076174
 9076519
 9075411
 9075440
 9076758
 9077884
 9078046
 9078661
 1322367
 1322096
 9077845
 9077889
 9078618
 9077194
 9077412
 9078598
 9079295
 9080320
 9078684
 9077347
 9077562
 9079391
 9079869
 9079873
 9080093
 9080289
 9078439
 9079273
 1393091
 9077550
 9079940
 9080352
 9077847
 9079726
 9080318
 9077852
 9078657
 9078664
 9080144
 9077825
 9077555
 9069003
 9068081
 1393068
 9074067
 9075813
 9076454
 9080379
 9080350
 9078123
 9078243
 9079059
 9077387
 9079034
 9077039
 9078191
 9077471
 9077505
 9078349
 9078504
 9077542
 9079265
 9075487
 9075669
 9077089
 9079915
 9078762
 9077881
 9079567
 9078741
 9078463
 9079246
 9078314
 9075204
 9080178
 9078051
 9033252
 1323777
 9035249
 9053660
 9057858
 9059543
 9064664
 9066404
 9070786
 9068276
 9068252
 9068519
 9070022
 9073123
 9074575
 9072817
 9072668
 9073208
 9072486
 9073130
 9076001
 9076469
 9076042
 9075038
 9075265
 1357703
 9079443
 9077530
 9078006
 9079602
 9079621
 9077972
 9078469
 9077439
 9080011
 9076856
 9077251
 9078267
 9078342
 9078482
 9078675
 9079111
 9079179
 9079886
 9079934
 9080116
 9080153
 9080361
 1272801
 9077558
 9077110
 9077044
 9079995
 9078399
 9079411
 9079670
 9080267
 9079155
 9080259
 9077025
 9079146
 9079160
 9079348
 9077276
 9078785
 9079258
 9079781
 9079964
 9080655
 9077461
 9080061
 1163301
 1163310
 1163462
 9077041
 9078140
 9079156
 9056381
 9070149
 9069541
 9069114
 9077533
 9077859
 9079425
 9076858
 1272836
 9078592
 9076913
 9078360
 9073567
 9075073
 9076303
 9079944
 9079144
 9080268
 9078383
 9077707
 9077581
 9078789
 9079539
 9078042
 9021768
 9044923
 9044926
 9048649
 9048652
 9047827
 9059920
 9063606
 1321496
 1321497
 9067238
 9067239
 1188059
 9070993
 9071041
 1321443
 1188392
 9050212
 9062955
 9054144
 9060051
 9062727
 9066467
 9065850
 9069052
 9025318
 9073139
 9072265
 9076595
 9075165
 9079244
 9079317
 1272802
 9078274
 9078457
 9080370
 9080430
 9079082
 9077108
 9079341
 9079639
 9079650
 1328388
 1328412
 9033663
 9042359
 9047009
 9045183
 9049458
 9051860
 1304275
 9052452
 9052808
 9053443
 9058687
 9057453
 9056686
 9057750
 9058624
 9056363
 9056773
 9056799
 1381568
 1323025
 9063123
 9062487
 1312752
 9061201
 9062591
 9060967
 9064288
 9065842
 9066515
 9064046
 9063969
 9063685
 9064820
 9065063
 9063936
 9065461
 9066111
 9067661
 9067691
 9067950
 9069051
 9070116
 9068082
 9068250
 9070623
 9070705
 9069093
 9067648
 9067652
 9073856
 9071823
 9073373
 1323174
 9072566
 9074560
 9072480
 9072036
 9072393
 9074952
 9075911
 9075453
 9075777
 9077861
 9079458
 9079991
 9077811
 9078395
 9078734
 9077460
 9079608
 9065793
 9066116
 9067195
 9070294
 9070776
 9072137
 9074588
 9071065
 9072110
 9046790
 9055388
 9064649
 9064852
 9066362
 9072519
 9072143
 9072854
 9075658
 9075858
 1354837
 9079583
 9078587
 9078003
 9078600
 9078393
 9080238
 9077152
 9079361
 9079993
 9080283
 9077350
 9079853
 9079016
 9077184
 9077356
 9078326
 9069851
 9073773
 9074480
 9076293
 0893958
 9043780
 9076382
 9075841
 9076103
 9079157
 1322093
 9078032
 9077402
 9076933
 9077545
 9080579
 9077197
 9078956
 9077284
 9077702
 9077898
 9054601
 9055236
 1339960
 9069033
 9069142
 9069642
 9071833
 9071545
 9076320
 9075310
 9075159
 9075170
 9079547
 9077650
 9080199
 9077269
 9078990
 1272842
 9079042
 9077147
 9077150
 9078107
 9078012
 9078743
 9077211
 9077242
 9077282
 9077502
 9077645
 9079190
 9079736
 9079849
 9080046
 9079299
 9079633
 9078431
 9078800
 9077226
 1293209
 9056078
 9060190
 9066010
 9066135
 9066234
 1297670
 1297671
 9070941
 9068267
 9068601
 9070179
 9067647
 9071276
 9071965
 9073410
 1224752
 9072073
 9072123
 9073505
 9072338
 1390844
 9072746
 9075708
 9075547
 9075936
 9076482
 9076547
 9076604
 9077863
 9078477
 9080258
 9078435
 9079334
 9080403
 9077592
 9079231
 9077045
 9077875
 9079069
 9050542
 9055849
 9074499
 9074803
 9055520
 0964856
 9071397
 9071809
 9074895
 9075986
 9075084
 9041722
 9050471
 1365725
 9056352
 9060538
 9064220
 9065434
 9073012
 9071351
 1321440
 1321446
 9072170
 9080458
 9078576
 9078668
 9079013
 9079133
 9079646
 9079860
 9076762
 9076768
 9078359
 9079652
 9077245
 9077336
 9055157
 9052622
 9058712
 9060910
 9070733
 9069628
 9072003
 9072149
 9072183
 9079663
 9077685
 9070297
 9079514
 9043750
 9060647
 9065872
 9065999
 9069316
 9070517
 9074339
 9074488
 9073617
 9075712
 9074999
 9075748
 9075253
 9076597
 1393076
 9075280
 9075461
 9076209
 9075383
 9077203
 9080129
 9080316
 1272833
 9079200
 9079848
 9080580
 9080584
 9079710
 1393095
 1240437
 9077516
 9077787
 9079560
 9077921
 9080038
 9080196
 9077809
 9079488
 9073092
 9071045
 1362219
 9075804
 9079427
 9080039
 9051368
 9055711
 9061188
 9068536
 9071334
 9073175
 9074358
 9077754
 9080634
