16-7-14
 9064485
 1393060
 9073142
 9075195
 9076215
 9076384
 9075561
 1393072
 9080184
 9078619
 9078929
 9080265
 9080596
 9079887
 9080532
 1393084
 9079094
 9079872
 1161655
 1161658
 9077853
 9081589
 9082350
 9084776
 9083523
 9083555
 9084520
 9081215
 1194669
 1321495
 1321448
 1321362
 1321383
 9084669
 9084674
 9042604
 1284406
 9046544
 9050900
 9069794
 9073292
 9071819
 9071973
 9074511
 9076459
 9076229
 9074958
 9076743
 9078937
 9077735
 9079455
 9079015
 9079719
 9080217
 9077694
 9082107
 9083107
 9082166
 9084292
 9084482
 9084462
 9081080
 9082551
 1341530
 9082620
 9081059
 9081641
 9082354
 9084211
 9084124
 9081076
 9083699
 1304542
 9083346
 9080774
 9081969
 9079916
 9083941
 9083061
 9084143
 1188074
 9084489
 9083211
 1188178
 9080675
 9080676
 9078935
 1297521
 9079166
 9077639
 9067656
 9073691
 9081191
 9064640
 9080807
 9084793
 9080896
 9082633
 9081151
 9079181
 9074745
 9074157
 9071592
 9058769
 1294432
 9062862
 9066941
 1294444
 1393051
 1393059
 9071333
 1362217
 9072632
 1393071
 9075919
 9079907
 1393080
 9078530
 1304326
 9079865
 9077129
 9080617
 9080662
 9077498
 9077036
 9077764
 9078014
 9078475
 9079362
 9084467
 9081036
 9082463
 9083532
 9084799
 9083822
 9081236
 9081286
 1341633
 9081302
 9084299
 9081245
 9082599
 9083173
 9084797
 9084284
 9083080
 9083534
 9082304
 9082719
 9083363
 9084160
 1328205
 9076329
 1393092
 9084051
 9075006
 9079147
 9079249
 9081202
 9081417
 9053770
 9060033
 9070493
 1354746
 9073214
 9073988
 1161719
 9071541
 9079024
 9078553
 9078419
 9080163
 9080382
 9077998
 9077743
 9078154
 9080287
 9084436
 9083351
 9083849
 9084184
 9084262
 9081693
 9083108
 9082188
 9082938
 9059536
 9070645
 9072805
 9079364
 9079636
 9081730
 9083927
 9081264
 9081726
 9082904
 9061082
 9064195
 1371451
 9072296
 9072461
 9072979
 9075596
 9078694
 9080745
 1322099
 9082871
 9080739
 9084645
 1163479
 1321084
 9077528
 1362165
 9074637
 9072517
 9050951
 9067690
 9069977
 9075619
 9080404
 9078169
 9080581
 9084582
 9080973
 9084112
 1358700
 9081018
 9081720
 9084874
 9081445
 9081458
 9083768
 9083139
 9063133
 9076424
 9076991
 9078062
 9080002
 9080810
 9080812
 9081993
 9083562
 9084188
 9081466
 9083413
 9073039
 9078834
 1297504
 1297513
 1297517
 9079497
 1305329
 9077399
 9078356
 9078362
 9084118
 9081938
 9082051
 9082331
 9083701
 9081219
 9081484
 9083010
 1188080
 9081101
 9082909
 9081784
 9043256
 9075008
 9077976
 9080171
 9083185
 9083230
 9083582
 9059119
 1365746
 9063360
 9060013
 9066093
 9065090
 9072204
 9073793
 9079332
 9079675
 9080140
 9078156
 9080108
 9078313
 9078112
 9080017
 9083127
 9081913
 9082560
 9081102
 9034812
 9057428
 9058506
 9059168
 9064168
 9073736
 9073834
 9076026
 9076030
 9075397
 9083491
 9081762
 9082914
 9080968
 9082286
 9083309
 9083021
 9083814
 9084333
 9081778
 9083292
 9084429
 9081127
 9083594
 9083565
 9081697
 9082127
 9084077
 9045759
 9050481
 9050509
 9058347
 9062322
 9068340
 9068397
 9073485
 9077665
 9078526
 9077936
 9078702
 9079008
 9079661
 9078514
 9077151
 1297505
 9078098
 9080030
 1240441
 9079288
 9079591
 9078554
 9078564
 9079534
 1339989
 9079519
 9077768
 9082642
 9081407
 9084884
 9050005
 9061019
 9065390
 9064696
 9070016
 1297685
 9068093
 1224751
 9073904
 9076176
 9079735
 9078944
 9080256
 9077154
 1010899
 1339990
 1328389
 9077704
 9079379
 9080875
 9081044
 9082680
 9080962
 9081599
 9083937
 9082208
 9082386
 9082670
 9082978
 9083240
 9083421
 9084502
 9084574
 9084618
 9081259
 9082757
 9083271
 9081035
 1323526
 9063572
 9069281
 9070651
 9071021
 9071948
 9075002
 9077826
 9079686
 9079854
 9080024
 1393082
 9079121
 9078931
 9079642
 9077078
 1376672
 9080190
 9081882
 9084841
 9084241
 9083990
 9082747
 9083200
 9083834
 9082710
 9081160
 9052520
 1297525
 9082597
 9043793
 9078803
 9075665
 9075385
 9075952
 9078999
 9079000
 9079130
 9078153
 9081143
 9083879
 9083105
 9083115
 9081733
 9082537
 9059717
 9066194
 9065310
 9069347
 9069681
 9073727
 9072429
 1339981
 9071778
 9072462
 9075699
 9075984
 1321354
 1322090
 9078230
 9077781
 9076997
 9078515
 9078559
 9079009
 9077026
 9077080
 1321399
 9080081
 9080805
 9082908
 1341507
 9083690
 9082196
 9082721
 9081403
 9081737
 9082499
 9084175
 1321307
 1341508
 9081463
 9053470
 9056796
 1328404
 9078558
 9079649
 9077977
 9078343
 9077688
 1328408
 9081536
 9083442
 9082505
 9083706
 9063305
 9061741
 9064960
 9066325
 9064934
 9063832
 1321423
 1322352
 9071773
 9073675
 9075166
 9076716
 9079396
 9079558
 9079818
 9077737
 9079531
 9079776
 9078948
 9080180
 9080905
 1126983
 9082109
 9081078
 1341525
 1341645
 9083926
 9081188
 9082766
 9082745
 9083784
 9083361
 9081233
 9083528
 9082163
 9084878
 9082228
 9082943
 9084253
 9042750
 9043944
 9046054
 9050649
 9051467
 9053452
 9054152
 9053977
 9053438
 9057522
 9059164
 9056866
 9057217
 1188186
 9061254
 9069412
 1351002
 9075795
 9078928
 9079108
 9081348
 9082512
 9083035
 9083067
 1188081
 9083960
 9083716
 9084085
 9081994
 9081209
 9077447
 9083183
 9083202
 9083864
 9084303
 9084505
 9084721
 9083327
 9083502
 9082449
 9082152
 9083044
 9066648
 9079230
 9078056
 9078082
 9079114
 9054762
 9052784
 9070646
 9068517
 9074584
 9076573
 0964829
 9076352
 9075802
 9075843
 9075856
 9075862
 9075085
 9075172
 9076153
 9076169
 9074814
 1126972
 9077084
 9077831
 9077843
 9079594
 1272803
 9080587
 9079418
 9079301
 9084493
 9081365
 9081378
 9082370
 9083558
 9083802
 9083885
 9084132
 9084497
 9084535
 9084597
 9084651
 9084781
 9084798
 0964831
 9084629
 9081894
 9080817
 9082482
 1341511
 9081448
 9081073
 9081192
 9082231
 9083002
 9083264
 9083821
 9083862
 9084046
 9082980
 9082249
 9084137
 1297540
 9084310
 9080702
 9084470
 9081429
 9083613
 9084195
 9084396
 9084882
 1321309
 9082570
 9080864
 9068984
 1393061
 1393074
 9075173
 9068414
 9068949
 9067748
 9077100
 1321473
 1321480
 9067651
 1297699
 9074833
 1321372
 9077037
 1321382
 9080678
 9080681
 9082299
 9083650
 9082415
 9084260
 9084276
 9083397
 9082480
 9083040
 9076275
 9077858
 9077497
 9079210
 9079605
 9081571
 9081783
 9082242
 9083840
 9082401
 9081601
 9083804
 9081907
 9055844
 1322067
 9074787
 9074927
 9075463
 9078151
 9058095
 9079243
 9078246
 9079047
 9079952
 9079149
 9077238
 9078117
 9078332
 9078440
 9080619
 9077527
 9078033
 1332986
 9080949
 9081876
 9083812
 9083928
 9084186
 9082476
 9082517
 9082776
 9083646
 9081900
 9084843
 9081016
 9081399
 9082675
 9082892
 9083967
 9084255
 9084091
 9082763
 9084663
 9080706
 9080744
 9083418
 9080871
 9081958
 9084258
 9082397
 9084280
 9081454
 9082089
 9084872
 9084894
 9081104
 9082632
 9080769
 9081228
 9082147
 9082764
 9083020
 9082906
 9083747
 9081564
 9082036
 9055365
 9076379
 9081858
 9082073
 9084892
 9077691
 9079251
 1297528
 9077217
 9077390
 9077444
 9077619
 9084311
 9083617
 9083904
 1304518
 9082065
 9084658
 9083693
 9083791
 9055068
 1010898
 9073315
 9079346
 9077159
 9077570
 9080412
 1322366
 9080371
 9079804
 1297508
 9080181
 9066520
 1243234
 9076380
 9079517
 9079553
 9079217
 9077013
 9077585
 9078149
 9079050
 9079895
 1163308
 9077569
 9084432
 0964881
 9082647
 9082811
 9081207
 9083599
 9083894
 9084551
 9084686
 9084787
 9080687
 9081757
 1328397
 9081022
 9045965
 9046101
 9060256
 1390843
 9075043
 9079035
 9077597
 9078941
 9079822
 9078737
 9077396
 9078067
 9077131
 1332989
 9080816
 9082475
 9083446
 9083712
 9084391
 9083427
 9084033
 9083032
 9082770
 9082953
 9082337
 9069378
 9078542
 9077506
 9079303
 9079600
 9080226
 9080232
 9077869
 9084625
 9084125
 1341524
 9081489
 9083222
 9083627
 9084009
 9080880
 9082419
 9084313
 9083970
 9082006
 9077703
 9078860
 9028540
 9047804
 9066183
 9066033
 9068788
 9073105
 9074073
 9077591
 9077323
 9080203
 9078454
 9079592
 0964878
 9082939
 9084271
 9084022
 9082212
 9082717
 9083986
 9081740
 9082877
 9082161
 9084294
 9082662
 9083625
 9083752
 9084171
 9081749
 9083286
 9081493
 9081767
 9082234
 9083033
 9055645
 1165499
 9067029
 9066805
 9069479
 9069517
 9069532
 9069777
 9068831
 9068966
 9074578
 1165963
 9071874
 9073870
 9075569
 9078048
 9078250
 9077434
 9078282
 9079172
 9081356
 9083588
 9084808
 9082765
 9083270
 9081566
 1341514
 9083957
 9083263
 9084149
 9084599
 9084747
 9084321
 9082194
 9083278
 9084647
 9078008
 9053556
 9071918
 9075462
 9077409
 9079448
 9079500
 9076988
 9076989
 9077897
 9078650
 9081479
 9081543
 9080989
 9083111
 9084617
 9083355
 9068769
 9074552
 9073019
 9072910
 9073707
 9079430
 9079433
 9079440
 9078716
 9081096
 9082637
 9060764
 9060487
 9063935
 9065167
 1297656
 9063797
 9065640
 9063843
 9076889
 9078095
 9055273
 9056176
 9056803
 9061871
 9067034
 9066548
 9066241
 9068201
 9073291
 9071651
 9078563
 1293140
 9079969
 9078581
 1332300
 9084013
 9084767
 9084487
 9083008
 9083387
 9083859
 9083874
 1341595
 9083082
 9080854
 9084318
 9082507
 9083097
 1393101
 9082875
 1366872
 9083117
 9084760
 9084784
 9084488
 1163492
 9082954
 9082027
 1364406
 9079449
 9076847
 9079154
 9080901
 9083549
 9082740
 9048824
 9076043
 1188072
 9078604
 9082338
 9083644
 9081887
 9019541
 9022455
 9031441
 1297681
 9074012
 9079962
 1297524
 9079135
 9080635
 9078739
 1339909
 9081474
 9082845
 9083336
