16-7-15
 9066185
 9068804
 9067533
 9067789
 9075949
 9076364
 9076946
 9078811
 9079876
 9079997
 9080497
 9079426
 9080888
 9081716
 9084623
 9084062
 9084104
 9082191
 9086342
 9086692
 9086958
 9087560
 9088233
 9086950
 9086891
 1393105
 9083795
 9084464
 9082125
 9081936
 9088607
 9088280
 9079884
 9079730
 9083305
 1222506
 9088358
 9087549
 9085616
 9087167
 9087873
 9084587
 1358655
 9088116
 9071004
 9072124
 9072121
 9076977
 9082880
 9085010
 9064703
 9074131
 9063438
 9032977
 9076448
 9073601
 9071407
 9082064
 9084937
 9071758
 9072020
 9072105
 9072985
 9073080
 9073097
 9073252
 9074398
 9072260
 9073262
 9073412
 9073845
 9076232
 9076341
 9077061
 9077204
 9078293
 9078902
 9079014
 9079981
 9080625
 9078337
 9080198
 9084478
 9082649
 9083119
 9083628
 9083968
 1358654
 1358659
 1358658
 9083431
 9083743
 9084578
 9081779
 9081877
 9082290
 9083381
 9083632
 9088027
 9085829
 9085273
 9086418
 9087487
 9087550
 9087716
 9087151
 9086218
 9080293
 9077379
 1323417
 9079694
 9078190
 9078794
 9077225
 8991521
 9052204
 9055883
 1321481
 9064885
 9070379
 9069925
 9072172
 9072385
 9071570
 9076372
 9075574
 9075109
 9080272
 9076932
 9077431
 1321389
 1163456
 9082344
 9084469
 9081871
 9081925
 9082091
 9081758
 9082820
 9081729
 9084900
 9082858
 9086393
 1126996
 1126999
 9087119
 9087537
 9085902
 9087624
 9088254
 9085407
 9086725
 9085118
 9085917
 9085542
 9085757
 9086876
 9087526
 9088432
 9088445
 9088455
 9088039
 9088051
 9087375
 9086022
 9087263
 9087984
 9085354
 9085469
 1249073
 9072096
 9078218
 9078601
 9077792
 9079173
 9077268
 1376670
 9082224
 9084025
 9084615
 1188083
 9081106
 9071364
 9071146
 9077419
 9076771
 9078983
 9078335
 9087150
 9044402
 9052011
 9055601
 9053804
 9052914
 9056616
 9056646
 9063979
 9065361
 9070744
 9071530
 9075689
 9077603
 9077357
 9080893
 9084176
 9081575
 9082160
 9083416
 9087920
 9086649
 9085778
 9087121
 9087473
 9088063
 9087390
 9086380
 9088238
 9086563
 9080661
 9073476
 9074196
 9075880
 9082828
 9084010
 9085609
 9087787
 9087999
 9088296
 9043863
 9061685
 9065331
 9069470
 9075583
 9077937
 9077128
 9079195
 9078061
 9083422
 9087714
 9085820
 9086077
 1323666
 9086621
 9085178
 9086059
 9085432
 9085304
 9080441
 1304516
 9043082
 1126955
 9065178
 9076300
 9079691
 9079927
 9083196
 1328394
 9087589
 9087384
 9086120
 9085044
 9086617
 9086945
 9085897
 1240639
 1240640
 1321536
 1321542
 9054999
 1240422
 9058585
 1321472
 1321482
 9048994
 9084461
 9084545
 9084779
 9083324
 9081632
 9082071
 9082964
 9081797
 9081819
 9081556
 9085908
 9086933
 9087919
 9066487
 9066744
 9073810
 9074388
 9073159
 9075931
 9076056
 9079947
 9080222
 9080340
 9081653
 9083636
 9084498
 9082839
 9084891
 9086500
 9087327
 9087343
 9088236
 9088131
 1297905
 9088613
 9088567
 9087722
 1393088
 9081796
 9084273
 9085753
 9086816
 9087980
 1393107
 9064260
 9074156
 9077324
 9083060
 9082548
 1341641
 9082540
 9082847
 9083411
 9082332
 9086884
 9088302
 9085784
 9087557
 9084969
 9085358
 9063240
 1165952
 9060642
 9061663
 9061555
 9061375
 9065168
 9069612
 9070279
 9073528
 9073986
 1161716
 9071795
 9079739
 9084588
 9082803
 9082078
 9086523
 9088199
 9059468
 9070921
 9086169
 9086929
 9043130
 9054847
 9056824
 9065102
 9065964
 9064953
 9072186
 9072794
 9072951
 9076493
 9079255
 9079380
 1297523
 9080159
 9083014
 9084577
 9083385
 9082374
 9082873
 9083801
 9082405
 9082761
 9082359
 9083564
 9082547
 9085740
 9052541
 9061485
 9064906
 9072184
 9074834
 9083554
 9083461
 9083920
 9081881
 9084275
 1126989
 9088080
 9085611
 9087797
 1224758
 9085404
 9085726
 9087102
 9085615
 9088240
 9088031
 1297902
 1297908
 1297914
 1297951
 9086979
 9085927
 9086055
 9087159
 9087275
 9087868
 9088000
 9088299
 9085497
 9085179
 9088228
 9086314
 9085599
 9086012
 1365671
 9064179
 9071022
 9075696
 9077522
 9083068
 9084474
 9081985
 9082984
 9083774
 9084298
 9080750
 9080986
 9083147
 9084893
 9085177
 9086854
 9087045
 9087807
 9088448
 9088466
 1387606
 9087612
 9088556
 9088582
 9088604
 1321331
 9055819
 9055926
 9056926
 9068462
 9073734
 9076741
 9083787
 1188073
 9084443
 9087647
 9086943
 9086966
 9069290
 1321429
 1321445
 9075419
 9075227
 9080659
 9080667
 1321396
 1321421
 1321360
 9078582
 9079555
 9080592
 9081419
 9080834
 9084957
 9086778
 9085156
 9085158
 9085471
 9085865
 9086586
 9087469
 9072829
 9087884
 9064633
 9065578
 9068437
 9070423
 9071705
 9071370
 9072362
 1341571
 9076466
 9077296
 9077655
 9079462
 9076756
 9077899
 9080218
 1332907
 1332978
 1332984
 9081717
 9081810
 9083981
 1304525
 9081744
 9083348
 9083319
 1323672
 9086163
 9086798
 9085164
 9086094
 9087763
 9085529
 9084992
 9085361
 1321314
 1321325
 1321334
 9088262
 9073060
 1366870
 9078036
 0964879
 9081741
 9082947
 9083218
 9082047
 9080912
 9083114
 9083756
 9086008
 9086246
 9087115
 9087544
 9088388
 9087334
 1328326
 1240638
 9075211
 9075670
 9075923
 9077012
 9079141
 9079407
 9081023
 9081668
 9083630
 9083722
 9084413
 9084716
 9081964
 1341513
 9081412
 9081752
 9082942
 9083566
 9084579
 9080756
 9084272
 9082256
 1359268
 9087157
 1323670
 9088430
 9088462
 9048643
 9045877
 1188140
 9061697
 9065623
 9066358
 9071634
 9075004
 9077479
 1297531
 9080009
 9080020
 9078755
 9078114
 9080089
 9081709
 9080836
 9084613
 9081199
 9081435
 9082037
 9083497
 9084354
 9081438
 9082638
 9083287
 9085402
 9085894
 9087802
 9087370
 9085762
 9087307
 9087746
 9085677
 1393110
 9087002
 9088555
 1321317
 9087806
 9085930
 8998166
 9011411
 9053826
 1188149
 9062272
 9060525
 9070766
 1297680
 9070263
 9071657
 1297698
 1297507
 1297515
 9080302
 9082655
 9081545
 9087864
 9086093
 9086872
 9085008
 9072000
 9080451
 9081243
 9081724
 9082592
 9081255
 9081604
 9087328
 9088129
 9088270
 9088359
 9088030
 1314733
 9086611
 9086555
 9086063
 9050883
 9061318
 9074317
 9075148
 9075839
 9076420
 9077427
 9078057
 0807099
 9080627
 9082574
 9084278
 1358662
 9081766
 9084486
 9085168
 9087378
 9085664
 9085916
 9086131
 9086331
 9086861
 9087065
 9087522
 9087756
 9086906
 9088383
 9085821
 9087592
 9086869
 9087075
 9087220
 9087671
 9087700
 9088007
 9085288
 9086894
 9087101
 1393111
 9086814
 9087391
 9086041
 9086605
 9085745
 9086171
 1393090
 9060841
 9072613
 9077280
 9083023
 9084102
 9084326
 9084723
 9081939
 9081957
 9082701
 9082782
 9083258
 9083279
 9084822
 9081910
 9083516
 9082973
 9084572
 1188079
 9082937
 9083245
 9083500
 9083633
 9084166
 9081183
 9081773
 9081793
 9085903
 9085369
 9086461
 9087351
 9087398
 9085423
 9085429
 9085939
 9087361
 1224759
 9086398
 9086021
 9087672
 9088049
 1368751
 9087960
 9088347
 9085689
 9088348
 1312718
 9076853
 9079022
 9078413
 9078074
 9082889
 9081310
 9083464
 9084468
 9086952
 9087597
 9086016
 9087410
 9084989
 9084991
 9066124
 1321408
 9066602
 9081688
 9086261
 9087784
 9088371
 9085790
 9087264
 9082379
 9085003
 9085508
 9068976
 9066823
 9074338
 9050456
 9071811
 9079267
 1332973
 9084661
 9084696
 9083490
 9083833
 9084642
 1304526
 9082103
 9083159
 9087405
 9084958
 9085261
 9087076
 1126998
 9086085
 9086818
 9086985
 9086846
 9086579
 9086382
 9087844
 9086695
 9086423
 9085539
 9086824
 9085086
 9085545
 9085972
 9086822
 9087713
 9087917
 9088001
 9085128
 9086623
 9085477
 9086325
 9085380
 9087972
 9085797
 9086781
 9086800
 9087986
 9087995
 9088096
 9085460
 9086422
 9086956
 9085052
 9085955
 9087497
 9088125
 1163322
 9086539
 9063018
 9067904
 9072001
 9073506
 9075816
 9075826
 9078065
 1393086
 9076809
 9084043
 9083297
 9082768
 9083993
 9087257
 9087492
 9085738
 9087615
 9082021
 9084320
 9081875
 9082217
 9088040
 9087710
 9086806
 9087250
 9087539
 9088286
 9087194
 9086512
 9086600
 9086794
 9085915
 1393208
 9055853
 9057327
 9059499
 9061924
 9062303
 1393211
 9071042
 9053624
 9053071
 9058485
 9058920
 9063269
 9066839
 9067046
 9067154
 9067139
 9066138
 9066453
 9066784
 9066892
 9064949
 9068963
 9070752
 9068480
 9072569
 9074515
 9073831
 9071931
 9076111
 9076142
 9076491
 9075529
 9076617
 9076276
 9076460
 9077774
 9078669
 9082453
 9084177
 9082301
 9082658
 9084476
 9084758
 9070639
 9072200
 9074528
 9076220
 9075589
 9080323
 9077689
 9078423
 9077606
 9080185
 9083164
 9082469
 9082627
 9083161
 9081351
 9082930
 9082018
 9088090
 9088363
 9086904
 9085987
 9088343
 1328285
 9046019
 9046028
 9046035
 9045428
 9056617
 9058302
 9059058
 9059446
 9056915
 9058505
 9060563
 9062555
 9062397
 1294443
 9065282
 0978737
 9068296
 9067791
 9069363
 1341457
 9068329
 9068210
 9074777
 9073880
 9073799
 1239809
 9074507
 9071330
 9074193
 9072052
 9072677
 9072309
 9071433
 9076574
 9075588
 9075208
 9078283
 9079540
 9079225
 9077802
 9077993
 9080042
 1284462
 9077145
 9079171
 9080357
 9080134
 9076862
 9078943
 9080120
 9079862
 1293231
 9077393
 9078631
 9079319
 9080225
 9080397
 9077900
 9078147
 1328409
 9079596
 9077609
 9084643
 9082316
 9081480
 9082439
 9083682
 1341526
 9081738
 9082931
 9083531
 9084265
 9081523
 9083956
 9084644
 9081110
 9082859
 9084567
 9083100
 9082601
 9083177
 1321029
 9083408
 1196799
 9085535
 9087458
 9085804
 9085672
 9086940
 9088178
 9088457
 9085692
 9086247
 9086295
 9087338
 9086013
 9074254
 9074805
 9076449
 1354833
 9083548
 9084690
 9070280
 9075151
 9077289
 9079983
 9080000
 9078448
 9084360
 9084028
 9084218
 9084409
 9082810
 9080748
 9084233
 9083241
 9081452
 9086195
 9086807
 9087270
 9085768
 9087923
 9088033
 9088504
 9088068
 9088342
 9085078
 9087581
 1146274
 9086556
 9085625
 9086236
 9087317
 9075120
 9084542
 9084656
 9086180
 9086632
 9056545
 9070051
 9076761
 9082144
 9084845
 9082279
 9084257
 9081459
 9084307
 9084865
 9084868
 9086608
 9086803
 1296445
 9085115
 9087728
 9044482
 9077116
 9082536
 9083238
 9087482
 9085887
 9084953
 9087412
 9088127
 9088149
 9086071
 9085839
 9087500
 9087511
 9085493
 9087199
 9067088
 9069729
 9071910
 9073027
 9074194
 9072715
 9079593
 9082993
 9084701
 9084802
 9081661
 9082667
 9083819
 9083251
 9083930
 9082257
 9081617
 9082541
 9081041
 9086078
 9086150
 9088048
 9088318
 9087720
 9087459
 9088303
 9088550
 9087566
 9088219
 9087911
 9085349
 9086337
 9087421
 9074269
 9071841
 9072254
 9073222
 9071354
 9072653
 9075837
 9078254
 9077958
 9078894
 9080582
 9078015
 9077727
 9076755
 9079890
 9080813
 9084306
 1393099
 9082504
 9083499
 9083492
 9084433
 9086033
 9088446
 9088465
 9085592
 9087013
 9087771
 9085880
 9085292
 9085316
 9064386
 9065555
 9071597
 9077849
 1272830
 9077575
 9081798
 9082651
 9081234
 9083848
 9087939
 9087691
 9085092
 9080005
 9082827
 9082567
 1358696
 9080322
 9081664
 9065334
 9068489
 1393077
 9079532
 9080303
 1272805
 9079001
 9079489
 9078000
 9083692
 9083893
 9082489
 9084449
 9084263
 1358667
 9082758
 9084297
 9081781
 9084873
 9083667
 9081049
 9083371
 9085549
 9088349
 9086663
 9088345
 9087463
 9088106
 9088287
 1296442
 9085218
 9087811
 9087160
 9088444
 9088452
 9085776
 9088151
 9085541
 9085905
 9087386
 9088329
 9086029
 9088225
 9075963
 9075762
 9075442
 9080137
 9081519
 9082000
 9081256
 9083207
 9084144
 9084518
 9085809
 9088531
 9085062
 9087329
 9047070
 1243218
 9070515
 9079681
 9084106
