16-7-16
 1297503
 1297509
 9077293
 8995492
 8998113
 9064645
 9073462
 9075686
 9076965
 9085225
 9087184
 9088470
 9087460
 9087816
 9086850
 9090986
 9091847
 9092193
 9092222
 9092243
 9091089
 9092247
 9088863
 9088867
 9090415
 9089176
 1321379
 1321385
 9084092
 9082787
 1321338
 9081943
 9087440
 9086763
 9090654
 9091995
 9092232
 9042391
 9044927
 9051697
 9050208
 9053737
 9056944
 9059130
 9072798
 1323415
 9079688
 9080649
 9078611
 9081217
 9084114
 9081549
 9082584
 9080779
 9082186
 9085173
 9087111
 9085195
 9085538
 9088422
 9085132
 9086340
 9085384
 9087903
 9086629
 9087606
 9088042
 9087308
 9088753
 9090881
 9092082
 9091555
 9089411
 9089866
 9091417
 9088719
 9090593
 9088713
 9091039
 9087514
 9088102
 9063436
 9080586
 9084795
 9084483
 9078920
 9078921
 9082061
 9085338
 9087842
 9090323
 9090812
 9089648
 9089836
 9079395
 9077814
 1341625
 9087435
 9045998
 9049055
 9069797
 9074827
 9085480
 9043473
 9048425
 9062617
 9062816
 9072782
 9073705
 9073873
 9075860
 9075907
 9079939
 9079515
 9079852
 9077281
 1297522
 1286913
 9079389
 9081983
 9086044
 9087552
 9088050
 9085875
 9087851
 9088787
 9092276
 9092042
 9092234
 9088892
 9090301
 9088702
 9090533
 9090996
 9091865
 9092080
 9090155
 1249078
 9071320
 1321361
 1321371
 1321387
 9086494
 9085801
 1365724
 9059495
 9064067
 9080907
 9082151
 9086693
 9088486
 9088837
 9088766
 9090741
 9089635
 9073871
 9078856
 9082132
 9088569
 1126965
 9073359
 9087799
 9087561
 9090807
 9090829
 9091640
 9089781
 9089907
 9091778
 9089228
 9089161
 9090588
 9075051
 9075448
 9080487
 1393097
 9081396
 9085605
 9088086
 9089539
 9076959
 9082446
 9082609
 9085895
 9086052
 9085015
 1239476
 9090961
 9071566
 9079345
 9080431
 9077613
 9080644
 9081990
 9084510
 1393098
 9084169
 1393108
 9081392
 9085473
 9085607
 9066290
 9080331
 9080642
 9065604
 9065853
 9083029
 9086048
 9085029
 9090776
 9092306
 9091316
 1146280
 9077043
 9080809
 9081980
 9084522
 9086977
 9085534
 9085921
 9086915
 9088769
 9089841
 9089680
 9090817
 9074796
 9086316
 9085791
 9085848
 9089116
 9091170
 9090757
 9091536
 9089767
 9090049
 9089682
 9089708
 9085378
 9052665
 9087962
 9092046
 9089313
 9089976
 9090286
 1393117
 1321404
 9074229
 9076166
 9084045
 9082187
 9084899
 9087754
 9087621
 9087860
 9085466
 9088181
 9085761
 9086873
 9088596
 9089523
 9092215
 9091984
 9092109
 9090609
 1239475
 9089908
 9091851
 9090255
 9090433
 9061159
 9069032
 9074983
 9087872
 9085986
 9086916
 9088695
 9091760
 9089361
 9091155
 9051738
 1354768
 9058724
 9057443
 9062076
 9066123
 9064639
 9068100
 9073611
 9073697
 9074806
 9072945
 9075966
 9079101
 9079373
 9083424
 9083608
 9083794
 9084293
 9082055
 9084417
 9083763
 1368342
 9083903
 9084247
 9081984
 9087092
 9087759
 9085720
 9085792
 9086655
 9086758
 9087122
 1297909
 9085666
 9086419
 9087899
 9085269
 9086427
 1328284
 9086186
 9087843
 9090036
 9088935
 9090205
 9072158
 9083614
 9085728
 9088628
 9091895
 9090191
 1382711
 9089898
 9067860
 1161720
 9077272
 9084442
 9085552
 9085602
 9087143
 9091842
 9091421
 9090556
 9090145
 9089832
 9018245
 1014571
 9078621
 9080123
 9083765
 9077104
 9091363
 9090477
 9057107
 9056505
 9077038
 9082824
 9083933
 9082237
 1126994
 9087840
 9086640
 9086292
 9086911
 9092054
 9089768
 9089566
 9089646
 1327091
 9082843
 9086276
 9086451
 9086304
 9090699
 9072575
 9072866
 9077708
 9079366
 9077715
 9082153
 9082367
 9082590
 9086678
 9086767
 9087091
 9086517
 9088534
 9088423
 9087735
 9087325
 9089066
 9090838
 9091669
 9089466
 9090880
 9089398
 9089295
 9047673
 9048461
 9066822
 9066830
 9072469
 9072030
 9076006
 9080276
 1272834
 9079877
 9084078
 9080829
 9081232
 9084608
 9081879
 9082732
 9083384
 9083977
 9081594
 9083028
 9087967
 9088293
 9087829
 9087786
 9091637
 9092113
 9089881
 9090793
 9082575
 9088392
 9090290
 9089351
 9091492
 9090645
 9091675
 9079587
 9081580
 9081597
 9083742
 9082863
 9083043
 9083356
 9086790
 9087254
 9087246
 9086635
 9087835
 1358828
 9085983
 9086930
 9088313
 9086766
 9089285
 9088833
 9090023
 9091380
 9091723
 9091850
 9092275
 9091746
 9089975
 9090892
 9089585
 9091207
 9089805
 9090396
 9088910
 9089999
 9091272
 9091430
 9091719
 9092014
 9090243
 9092167
 9092214
 9092224
 9090980
 9090246
 9090653
 9091629
 9088848
 9084537
 9081592
 9076035
 1297506
 1297510
 1297526
 1297529
 9082671
 9082396
 9087283
 9086148
 9087208
 9087961
 9085105
 9088623
 9088625
 9090153
 9090672
 1297919
 1297926
 1297934
 9090868
 9089900
 9091779
 9091442
 9090858
 9091058
 9077816
 9087028
 9086671
 9085859
 9086735
 9087170
 9089025
 9089370
 9090474
 9090547
 1249473
 9081281
 9089941
 9028199
 9028211
 9028977
 9040022
 9040040
 9041777
 1323791
 1382619
 9050826
 9055440
 9059494
 9064790
 1291937
 9069292
 9077983
 9079260
 9081780
 9081196
 9083882
 9084584
 9080870
 9086401
 9087406
 9085725
 9086358
 9085763
 9089053
 9091594
 9089406
 9089477
 9090904
 9091481
 1239479
 9089591
 9090471
 9090589
 9090027
 9090746
 9090670
 9090730
 9091609
 9091645
 9092049
 9090445
 9089637
 9090341
 1321253
 9089225
 1249075
 1196869
 9091071
 9091771
 9091896
 9080244
 9078686
 9078972
 9092157
 9089940
 9090711
 9090859
 9091030
 9091508
 9091704
 9088959
 9092342
 9080683
 9078808
 9081341
 9087642
 9085920
 9091158
 9091806
 9089215
 1202832
 9048689
 1379628
 1379629
 9063363
 9074835
 9080682
 1393218
 9059564
 9061749
 9079838
 9084869
 9086988
 9087217
 9085362
 9086897
 9085181
 9085858
 9046147
 1196706
 9051606
 9081157
 9071392
 9075840
 9075198
 9077614
 9077411
 9079742
 1163307
 9083145
 9084677
 9081828
 9083190
 9083943
 9082479
 9083124
 9081834
 9088176
 9086686
 9086143
 9087855
 9087885
 9087005
 1249072
 9092085
 9089813
 9088757
 9090520
 9088771
 9091293
 9089645
 9053285
 9057891
 9061123
 9080416
 9080674
 9083236
 9087773
 9088375
 9085334
 9087772
 9085356
 9085485
 9085163
 9089668
 9089329
 9090949
 9091152
 9091937
 9089951
 9091483
 9090901
 9091221
 9090505
 9089949
 9090469
 9090116
 9090770
 9089278
 9089943
 9089963
 9088419
 9089549
 9089802
 9083773
 9082112
 0964877
 9083062
 9084040
 9091076
 9057253
 9062289
 9065760
 9068013
 9068168
 9074079
 9073488
 9076314
 9077573
 9078951
 9083254
 9084116
 9081583
 9081565
 9084072
 9086399
 9087734
 9086639
 1297906
 9085888
 9087761
 9086908
 9087559
 9088206
 9086560
 9087239
 9087182
 9090119
 9090342
 0964886
 0964897
 9088991
 9090754
 9091443
 9091502
 9089596
 9090325
 9090915
 9089437
 9092057
 9091191
 9030669
 9036122
 9077760
 9080718
 9083954
 9084515
 9081366
 9082546
 9087336
 9087724
 9087454
 9087490
 9088381
 9086558
 9087632
 9088433
 9085819
 9089513
 9089431
 9092252
 9091260
 9092139
 9090066
 9091379
 9081441
 9085501
 9077319
 9080588
 9087957
 9085925
 9089569
 9089023
 9090298
 9083992
 9086545
 9085095
 9090761
 9090481
 1236878
 9090093
 9077127
 9084207
 9075312
 9079936
 9085313
 9085989
 9079344
 9082464
 9082108
 9081461
 9083994
 9084327
 9087695
 9087827
 9087416
 9085659
 9086786
 9087503
 9087576
 9088308
 9086249
 0964836
 1354905
 9091213
 9089309
 9089858
 9090577
 9089461
 9090862
 9089089
 9091934
 1321439
 1321436
 1321437
 9082583
 9088009
 9087874
 9088111
 1249074
 9085150
 9089462
 9089886
