16-7-18
 9076149
 9076651
 9076146
 9076388
 9087751
 9091249
 9088840
 9090434
 9091292
 9092206
 9089171
 1321394
 9089624
 9093155
 9077441
 9080616
 9083729
 9085896
 9085688
 9088804
 9091241
 9065713
 9054673
 9062979
 9067156
 0978741
 9075832
 9056883
 9072310
 9074908
 9078855
 9078871
 9091662
 9093697
 9060323
 9076742
 9080527
 9080205
 9076861
 9081953
 9083785
 9082742
 9083406
 9083702
 9085237
 9088401
 9009799
 9084876
 9081715
 9051192
 9076571
 9079222
 9083030
 9084402
 9084511
 9086935
 9087085
 9088115
 9085699
 9086257
 9089897
 9090173
 9092278
 9090176
 9091466
 9092166
 9091190
 9091504
 9091112
 9056262
 9073468
 9078076
 9081486
 1239488
 9090828
 1297938
 9089188
 9074416
 9083172
 9087892
 9091016
 1239781
 9046385
 9064011
 9069753
 9072018
 9072515
 9077425
 9080169
 9083004
 9082341
 9087992
 9086145
 9086892
 9086032
 9085847
 9090501
 0964898
 9088911
 9089334
 9089565
 9090234
 9090292
 9091019
 9091143
 9091393
 9088822
 9090562
 9093435
 9094248
 9093600
 9093739
 1379265
 9093438
 9094094
 9094103
 9093047
 9086862
 9087158
 9086134
 9088908
 9093151
 9045686
 9051525
 1304268
 9054704
 9058163
 1240731
 1240738
 9062780
 9071522
 9071866
 9083790
 9081072
 9081750
 9082450
 9082454
 9086771
 1297936
 9090576
 9091975
 9089481
 9085032
 9085161
 9086060
 9072747
 9088581
 9043640
 9081303
 9088066
 9088461
 9086700
 9088687
 9090208
 9090541
 1239490
 1239493
 9089812
 9089903
 9090571
 9091141
 9091102
 1249472
 9088975
 9094228
 9092605
 9057339
 9064771
 1321405
 1321406
 1321409
 9092261
 9076457
 9080154
 9080801
 9085913
 9090404
 9091807
 9089717
 9091671
 9093061
 9094040
 9092804
 9087448
 9087456
 9090964
 9090700
 9090558
 9091630
 1297931
 9093083
 9093076
 9094008
 9094062
 9093533
 9093013
 9089342
 9051038
 9051418
 9055147
 9061356
 9061882
 9073573
 9079450
 9085479
 9087723
 9090132
 9090875
 1393118
 9034935
 9063197
 9079545
 9083404
 9092175
 9090568
 9092003
 9090312
 1239459
 1239489
 9088967
 9088971
 9090683
 9088838
 9090228
 9091801
 9057843
 9064430
 1297688
 9073830
 9072103
 9073784
 9074187
 1328378
 9079989
 9079992
 9077956
 9083342
 9084415
 9086333
 9085857
 9085901
 9087016
 9088379
 1368753
 9086524
 9087153
 9090135
 9089716
 9089382
 9089344
 9090888
 9088972
 9089464
 9092103
 9090364
 9088812
 9089892
 9090079
 9091828
 9088696
 9091173
 9090865
 9091151
 9094253
 9092991
 9092877
 9092886
 9094122
 9092722
 9069545
 9089850
 9091404
 9037414
 9068195
 9077023
 9081386
 9084140
 9087388
 9087276
 9090760
 9090416
 9090866
 9091091
 9091136
 9090685
 9090877
 9091212
 9093713
 9093067
 9092730
 9093409
 9054058
 9066127
 9067558
 9073499
 1339980
 9077590
 9078143
 9084670
 9083708
 9082425
 9085730
 9085507
 9085547
 9085411
 9091876
 9089288
 9089533
 9089211
 9090174
 9089876
 9090813
 9090818
 9091889
 9088976
 9088814
 9091509
 9089159
 9090522
 9089417
 9089548
 9090450
 9090748
 9092033
 9089243
 9089354
 9089436
 9089456
 9090527
 9090756
 9090846
 9091317
 9091187
 9093732
 9093962
 9093976
 9093196
 9092577
 9093943
 9093891
 9092842
 9093743
 9092515
 1324438
 9092755
 9093054
 9093129
 9093498
 9063959
 9067754
 9081406
 9082585
 9082298
 9091834
 9092147
 9090850
 9092292
 9092294
 9091741
 9091451
 1393115
 1297917
 9088808
 9091866
 9092371
 9090005
 9093362
 9094261
 1393123
 9092629
 9093787
 1126901
 9044931
 9083414
 9086138
 9087697
 9087211
 9087658
 9089913
 9090668
 9089583
 1297923
 9090559
 9092902
 9067227
 1393106
 9055000
 1240709
 9079580
 1328411
 9087896
 9087777
 9043772
 9055896
 9062215
 9078100
 9088945
 9089470
 9056407
 1243250
 9075207
 1341518
 9082413
 9086821
 9086922
 9085822
 9091480
 9089482
 9088850
 9091920
 9089378
 9091056
 9089236
 9090421
 9091105
 9091128
 9092870
 9093957
 9093016
 9041789
 9057644
 9066496
 9082531
 9082349
 9087342
 9089259
 9091635
 9090385
 9090104
 9090984
 9093354
 9093940
 9094066
 9092765
 9093205
 9092774
 9094141
 1236885
 9092409
 9092558
 9092744
 9092959
 9070552
 9069239
 9074933
 9081167
 9083923
 9086251
 9087626
 9086709
 9088218
 9088583
 9089570
 9091512
 9091810
 9089496
 9089292
 9092256
 9091259
 9089172
 9091880
 9092364
 9088914
 9090573
 9091162
 9091699
 9089670
 9094120
 9092550
 9092615
 9092759
 9092893
 9093214
 1268117
 9094330
 9092905
 9093658
 9092925
 9092847
 9092882
 9093010
 9093387
 9010827
 9015079
 9016640
 1291891
 9022617
 9029798
 9029800
 9029801
 9029802
 9029804
 9029805
 9033695
 9037411
 9063369
 9069727
 9080615
 9087272
 9089420
 9091116
 9091728
 9091867
 9089769
 9090796
 9061245
 9063082
 1368336
 9060195
 9060796
 9060226
 9062106
 9069927
 9070514
 9073106
 9079541
 1328283
 9084202
 1368344
 9084187
 9087822
 9062730
 9067230
 1321403
 1321432
 9073280
 9077612
 9077800
 9081401
 9081240
 9083665
 9084890
 9085647
 9088037
 9086812
 9087094
 9085340
 9085598
 9088806
 9090821
 9091095
 9090343
 9090156
 9090546
 9090959
 9091164
 9091832
 9091839
 1393114
 9090820
 9090590
 9091607
 9090674
 9090289
 9076140
 9078761
 9082573
 1393109
 9086405
 9086760
 9084314
 9084818
 9085435
 9085673
 1368343
 9091973
 9090849
 9091240
 9091897
 9089110
 9091859
 9091943
 9091025
 1223747
 9093906
 1321276
 0978781
 9094048
 9092932
 9093034
 9086181
 1297922
 9090701
 9091988
 9093142
 9093444
 9094551
 1324444
 9093082
 9036697
 9043101
 9084217
 1188076
 9088369
 9086411
 9086194
 9090183
 9090398
 9083511
 9087684
 9088600
 9091024
 9090032
 9090277
 9090887
 9091252
 1294350
 9090051
 9091697
 9090792
 1324587
 9089601
 9093707
 9092787
 9093180
 9092884
 9093804
 9094310
 9094419
 9093461
 1354847
 9093860
 9093245
 1341264
 1239902
 9093258
 9093457
 9093644
 9093886
 9093939
 9094413
 1393128
 9092793
 9093612
 9093984
 9092617
 9092713
 9093944
 1284465
 9080523
 9089029
 9089520
 9089833
 9090718
 9094417
 9094462
 9093761
 9094406
 9088624
 9085574
 9086723
 9089696
 9089849
 9091618
 9088970
 9090921
 9091074
 9091080
 9091503
 1297921
 1304555
 9089426
 9089808
 9091578
 9090597
 9090271
 9093154
 9093036
 8941048
 9056183
 9063398
 1308154
 9075480
 1321356
 1321357
 1321386
 9080680
 1379647
 9064629
 2354810
 9055642
 9066482
 9066975
 9072071
 9074203
 9073205
 9071366
 9075947
 9076444
 9075817
 9076323
 9076522
 9080317
 1322370
 9077767
 1314732
 9080311
 9079941
 9077979
 9079823
 9081051
 1322385
 9084557
 9081372
 9083088
 9083121
 9083360
 9087614
 9086896
 9089122
 9089742
 9089801
 9090188
 1297920
 9089438
 1324430
 9089656
 9055901
 9052829
 9053037
 9053678
 9054949
 9054973
 9059533
 9055971
 9056069
 9058630
 9057290
 9061582
 9061753
 9067229
 9066717
 9074380
 1382763
 9085800
 9086084
 9087644
 9088373
 9085970
 9087288
 9085107
 9086718
 9089400
 9089206
 9091656
 9091970
 9092254
 9090531
 9088673
 9089254
 9092946
 9094137
 9092961
 9053803
 9061704
 9063252
 9064027
 9065683
 9067231
 9067379
 9070011
 9071689
 1328281
 9075081
 9075145
 9078645
 9082360
 9082420
 9082650
 9083916
 9084602
 9085396
 9089076
 9089525
 9089749
 9091440
 9092250
 9090523
 9090970
 9091476
 9091419
 9091073
 9092341
 9094243
 9093331
 9094157
 9094079
 9094007
 9092737
 9093994
 9094403
 9093730
 9094423
 8948603
 9050930
 9075456
 9080166
 9077949
 9083631
 9090669
 9053872
 9057065
 9073821
 9084270
 9082553
 9085575
 9086433
 9089291
 9089471
 9089497
 9090315
 9090987
 9089074
 9090458
 9092778
 9093419
 9093796
 9093173
 9094506
 9093921
 9092627
 9093991
 9094312
 9092820
 9093128
 9061604
 9074526
 9086199
 9088601
 9088157
 1351050
 9088980
 9094363
 9094439
 1322162
 1393121
 1393125
 9046849
 9070440
 9077469
 9083253
 9086543
 1297913
 9086446
 9086265
 9086834
 1382781
 9090774
 9091845
 9089155
 1297916
 1297933
 9090783
 1324427
 9093443
 1354849
 9093275
 9093676
 9093980
 9094032
 9093174
 1253813
 1322068
 9066703
 9069959
 9071577
 9077797
 1236862
 9079773
 9084508
 9086513
 9085253
 9085462
 9088981
 9089391
 9089985
 9091368
 9091739
 9091968
 9091579
 9092001
 9092018
 9090239
 9091412
 9091744
 9090937
 1376142
 9091470
 9089476
 9091079
 1146279
 9091786
 1332937
 1332941
 9093517
 9093487
 9094418
 9094133
 9093774
 1304559
 9093307
 9093318
 9093322
 9092794
 9064383
 9076752
 9088463
 9088932
 9089079
 9092006
 9092299
 9090739
 9091281
 9075942
 1161657
 9084590
 9087683
 9085394
 1328398
 9090521
 9089195
 9094010
 9093582
 9093862
 9087381
 9087681
 9090388
 1324572
 9089402
 9059521
 1294449
 9079325
 1393094
 9084426
 9084330
 9088434
 9086371
 9087432
 9089009
 9091438
 9091495
 1354844
 9090886
 9091960
 9088803
 9089459
 9090035
 9091674
 9088732
 9089560
 9090800
 9092648
 9093592
 9093665
 9093927
 9092423
 1321393
 9087359
 9089488
 9092101
 9090808
 1321340
 9092542
 9093649
 9056122
 9056467
 9059649
 9070302
 9074748
 9079506
 9083022
 9089316
 9090913
 1240633
 9060272
 9063425
 9065453
 9074150
 9075492
 9075063
 9078719
 9079883
 9086031
 1339910
 9090938
 1297924
 9089320
 9092366
 9093663
 9094524
 9094545
