16-7-19
 9080477
 9077773
 9084706
 9087565
 9087750
 9088957
 9090211
 9090918
 9089964
 9089156
 9089181
 9093207
 9093351
 9093995
 9093949
 9094226
 9094307
 1161662
 9096348
 9098215
 9097958
 9098049
 9098478
 9098605
 9095250
 9094918
 9081450
 9096178
 9096204
 9095376
 9064024
 9073858
 9075317
 9078288
 9079954
 9078081
 9090579
 9091838
 9091145
 9092021
 9089847
 9094173
 9093223
 9093700
 9094174
 9092843
 9092912
 9093149
 9093169
 9094455
 9093736
 9093794
 9093653
 9093636
 9092895
 9094353
 9092532
 9092410
 9092706
 9094028
 9095069
 9095041
 9098261
 9094976
 9095369
 9095313
 9097500
 9095349
 9095673
 9096417
 9089057
 9090162
 9094830
 9098029
 9098393
 9097461
 9087258
 9097468
 9095195
 9094735
 9094772
 9096522
 9097870
 9094893
 9098745
 9094896
 9073235
 9070768
 9084593
 9081070
 9092295
 9090652
 9098392
 9096316
 9096683
 9096752
 9096887
 9097379
 9097392
 9097964
 9095665
 9097349
 9091459
 9086373
 9085562
 9092097
 9089910
 9090667
 9047592
 9052269
 9062859
 1321470
 9063458
 9055149
 9067517
 9072714
 9086290
 9088194
 9091925
 9089574
 9091525
 9092013
 9090874
 9090024
 9089501
 9093365
 9093371
 9093882
 9094365
 9094464
 9093024
 9093702
 9094391
 9093185
 9092602
 9094147
 9094247
 9092738
 9093616
 9093417
 9092397
 9095947
 9097362
 9098744
 9098762
 9097899
 9094885
 9095012
 9095818
 9095899
 9095945
 9096852
 9097565
 9098167
 9098433
 9097442
 9098641
 9095217
 1331415
 9096599
 9096276
 9097828
 9098699
 9098847
 9095359
 9095620
 9094658
 9077621
 9085582
 9092357
 9090843
 9088805
 9094252
 9090779
 9092351
 9089737
 9094513
 9097944
 9098815
 9061125
 9060974
 9071055
 9091551
 9092824
 9095446
 9097303
 9098291
 9095610
 9096729
 9097104
 9098494
 9096639
 9081323
 9089544
 9090274
 9084039
 9086274
 9086286
 9090500
 9093744
 9094852
 9095344
 9072581
 1332995
 9087848
 9087736
 9087231
 9087587
 1239468
 9091737
 9089909
 9092607
 9092699
 9093394
 9096034
 9097318
 9098372
 9096407
 9096594
 9097698
 9097577
 9095587
 9097039
 9097669
 9094565
 9097951
 9096888
 9096750
 1321318
 9089205
 9092635
 9083051
 9083776
 9068400
 9075969
 9089643
 9089479
 9092818
 9094107
 9093969
 9095284
 9095928
 9096443
 9095775
 9098382
 9098651
 9097947
 9096568
 9096604
 9096435
 9097539
 9095015
 9098395
 1239498
 9089553
 9092285
 9090248
 9093060
 9092985
 9092537
 9092539
 9093827
 9094086
 9096100
 9097089
 9083806
 9086998
 9089948
 9091626
 9095392
 9097164
 1176311
 9098789
 9097661
 9096003
 9097239
 9068580
 9080162
 9083997
 9090238
 9093975
 9094333
 1393124
 9098004
 9095285
 9095476
 9096889
 9098190
 1393134
 9075168
 9080664
 9082270
 9084864
 9087481
 9085577
 1366886
 9090328
 9090720
 9091616
 9094442
 9093887
 9093227
 9093025
 9093184
 9094132
 9093931
 9095625
 9096353
 9096653
 9098092
 9096573
 1376673
 9096577
 1339918
 9064221
 9069335
 9068828
 9069605
 9078255
 9093722
 9093890
 9093866
 1322389
 9095407
 9096742
 9098018
 9098025
 9098054
 9097176
 9097924
 9095786
 9097682
 9097761
 9097705
 9098090
 9095118
 9096122
 9096131
 9095679
 9096674
 9080065
 9095186
 9096352
 9098160
 9050205
 9066749
 9070533
 9069353
 9080622
 9078306
 9087417
 9085368
 9086421
 9085322
 9085663
 9086919
 9091690
 9091981
 9089770
 9089618
 9089401
 9090086
 9091356
 1328292
 9093489
 9093410
 9093595
 9093954
 1324449
 9092844
 9097708
 9098006
 9095256
 1321369
 9077700
 9085329
 9085250
 1297904
 9090413
 9089893
 9090150
 9090855
 9092124
 1223744
 9093552
 9092739
 9093491
 9094981
 9095048
 9097101
 9098527
 9095092
 9095107
 9095431
 9098146
 9095022
 9095281
 9096720
 9094723
 9095854
 9096533
 1176303
 1176304
 9096523
 9095582
 9095590
 9095600
 9097211
 9095146
 9096326
 9096760
 1376678
 9095774
 9097406
 9095948
 9097159
 9096657
 9077672
 9086775
 9092273
 9090806
 9091646
 9093353
 9093946
 9095021
 9098556
 9098559
 9098749
 9095102
 9096275
 9096836
 9095235
 9095430
 9096587
 9094638
 9094973
 9096873
 9095963
 9095100
 9096308
 9094729
 9096243
 9077426
 9065837
 9070789
 9074033
 9080638
 9075242
 1321400
 9085063
 9087879
 9089383
 9088768
 9088770
 9092368
 9093898
 9093358
 9094138
 9092962
 9095845
 9098533
 9098649
 9098170
 9074532
 9075188
 9083649
 9086447
 9087669
 1236876
 9091361
 9093197
 9093350
 9093381
 9092873
 9094068
 9092931
 9092951
 9093012
 1321260
 1321261
 1321264
 1321265
 9094031
 1322163
 9098306
 9098552
 9097700
 9096384
 9096635
 9096166
 1366895
 9098204
 9096343
 9096801
 9097057
 9097430
 1160786
 9096649
 1321293
 9097210
 9095301
 9079052
 9081539
 1332924
 9090302
 9089485
 9089360
 9091860
 1366885
 9091560
 1297941
 9092762
 9093043
 9093236
 9097020
 1341384
 9095870
 9097737
 9097957
 9097338
 9095414
 9076145
 9083642
 9085126
 9087745
 9085263
 9088978
 9089905
 1189951
 9090040
 9089669
 9091720
 9091660
 9093956
 9094202
 9094317
 9094347
 9092711
 9093375
 9095094
 9096120
 9095108
 9097690
 9095765
 9097476
 9098080
 9080043
 9079204
 9085744
 9087562
 9089223
 9088983
 9088989
 9089547
 9092892
 1393126
 9096320
 9096151
 9094987
 9096282
 9096401
 9097407
 9098165
 9098187
 9094876
 9094938
 9095290
 9097720
 1176309
 9097704
 9097977
 9095513
 1321290
 1321297
 9097115
 9096225
 9096826
 9097885
 9071805
 9079925
 1297918
 9091935
 9089016
 9089166
 9096947
 9097781
 9095374
 1176302
 9098490
 1366820
 9095025
 9094657
 9072636
 9088626
 9091226
 9091532
 9092791
 9093728
 9093988
 9093892
 9094659
 9096141
 9096162
 9097405
 9096524
 9094778
 9095622
 9096245
 9098252
 9098639
 9098020
 9096532
 9097554
 9048625
 9077631
 9083789
 9087891
 9086106
 9088570
 9088987
 9089575
 9089559
 1323721
 9089550
 9090230
 9089414
 9092337
 9089957
 9093363
 9094100
 9094104
 9094143
 9094360
 9094444
 9093579
 9094267
 9093348
 9093585
 9094082
 9092964
 9093160
 9093164
 9094039
 9094227
 9094250
 9094446
 1393127
 9093682
 9094102
 9094315
 9093666
 9094377
 9094390
 1321272
 9095267
 9097732
 9095294
 9096336
 9097258
 9097455
 9098148
 9098590
 9097598
 9098130
 9098211
 9096078
 9096542
 9097151
 9097178
 9097300
 9097755
 9097766
 9097376
 9095559
 9096458
 9097485
 9096025
 9098846
 1176316
 9095098
 9097270
 9097093
 9094699
 9095675
 9095135
 9095368
 9097420
 9095169
 9097055
 9098345
 9098803
 9098823
 9098758
 9095063
 9095929
 9098437
 9082434
 9088559
 9089504
 9090584
 9081534
 9084901
 9088595
 9088598
 9088608
 9094543
 9064603
 9080113
 1188075
 9090299
 9089239
 9090349
 9092068
 9089917
 1321095
 9094000
 9092707
 9093219
 9093259
 9093272
 1314739
 9096154
 9098120
 9095717
 9097231
 9095125
 1176301
 9097144
 1382785
 9097959
 9094668
 9095257
 9095251
 1253812
 9086349
 9095321
 9098282
 9095836
 9095153
 9095274
 9097084
 9097079
 9096382
 9097689
 9097617
 9098417
 9095175
 9090454
 9098067
 9095001
 9095336
 9095764
 9095731
 9089376
 9097428
 9095701
 9072508
 9074815
 9080389
 9078866
 9087770
 9091059
 9090107
 9091881
 9094061
 9093798
 9094734
 9095659
 9095759
 9095242
 9084100
 9088255
 9085282
 9090581
 9091614
 9092017
 9091725
 9089706
 9092754
 9092897
 9092545
 9094548
 9095003
 9096199
 9095618
 9097723
 9097794
 9097809
 9095283
 9095753
 9098188
 9098202
 9096507
 9096611
 9094840
 9095286
 9095489
 9095831
 9096877
 9097403
 9097410
 9097504
 9098089
 9098244
 9095159
 9096432
 9097495
 9097965
 9095511
 9097756
 9097583
 9097949
 9095711
 9097162
 9095096
 9097005
 9098408
 9095172
 9095788
 9096107
 9096527
 9098388
 9094655
 9097547
 9097739
 9097757
 9097861
 9070556
 9069971
 9075514
 9077744
 9084450
 9092323
 9093889
 9094087
 9093378
 9093339
 9094949
 9097426
 9098643
 9095571
 9096880
 9096118
 9092386
 9097165
 9098627
 9097272
 9095561
 9098791
 9098237
 9095645
 9095176
 9096612
 9096702
 9063673
 9071009
 9071040
 9074791
 9074792
 9074793
 9074830
 9074831
 9088571
 9089660
 9093694
 1297686
 9081681
 9088947
 9089304
 9088941
 1249079
 1328286
 9092894
 9093578
 9097456
 9098109
 9098522
 9096066
 9096715
 9095839
 9097190
 9098603
 9098731
 9095721
 9096566
 9096252
 9096202
 9094602
 9095183
 9097516
 9053074
 9071025
 9071961
 9071783
 9073662
 9074212
 9074788
 9075548
 1312788
 9076680
 9079403
 9077940
 9077839
 9080098
 9077371
 9077378
 9077738
 9080643
 9080656
 9077905
 1010769
 9081616
 9084447
 9084631
 9084610
 9082618
 9082625
 9081395
 9083459
 9080874
 9084209
 9087077
 9088202
 9086476
 9087332
 9086973
 9088212
 9086565
 9088977
 1361473
 9090184
 9091309
 9092343
 1321094
 9094085
 9093208
 9093530
 9093280
 9093015
 1312226
 9093217
 9094569
 9094958
 9095611
 9096074
 9094661
 9097381
 9097386
 9098655
 9095815
 9098355
 9098633
 1361498
 9098203
 9098212
 9095484
 9095333
 9095226
 9094572
 9095076
 9094809
 9047311
 9081721
 9081453
 9090912
 9089683
 9090326
 9089365
 9090799
 9090052
 9090997
 1341273
 9092710
 9093316
 9093323
 9096897
 9095704
 9096492
 9094591
 1341367
 9096415
 9097727
 9097773
 9098591
 9095339
 9097085
 9098154
 9098610
 1393136
 9094705
 9098751
 1297944
 9097472
 9096531
 9096905
 9097721
 9097818
 9094781
 9096314
 9096623
 9095106
 9095652
 9087193
 9093377
 9093696
 9094260
 9093244
 9098043
 9098600
 9095826
 9084141
 9089918
 9090632
 9092346
 9094179
 9098747
 9094915
 1382685
 9080417
 9081020
 9084495
 9085623
 1358827
 9085814
 9091799
 9091453
 9089290
 9091121
 9089782
 9094319
 9092775
 9093865
 9092660
 9093726
 9092761
 9093403
 9092807
 9096628
 9098309
 9096052
 9095161
 9095457
 9097641
 9098115
 9098430
 9094782
 9095253
 9095735
 9098273
 9097334
 9096680
 9095522
 9096829
 9095031
 9097423
 9095059
 9095552
 9077742
 9084404
 9084405
 9082052
 9088404
 9087140
 9088089
 9087136
 9087577
 9086234
 9088629
 9090903
 9089249
 9090332
 9090367
 9090455
 9090889
 9091156
 9091519
 9089641
 1332936
 1332938
 1332939
 1332943
 1351017
 9093267
 9094344
 9093228
 9094316
 9093005
 9093575
 9093310
 9093313
 9093326
 9093330
 0978783
 9095304
 9097235
 9094702
 9098615
 9095848
 9098083
 9095917
 9081949
 9088468
 9088710
 9091023
 9090417
 9089317
 9093063
 9093357
 1393122
 9092538
 9093656
 9095340
 9098665
 9097237
 1376677
 9098812
 9097656
 9064514
 9079745
 9082624
 9087688
 9092950
 9098548
 9095598
 9095604
 1198994
 9096446
 9095211
 9068998
 9077560
 9080090
 9088488
 9094863
 9097170
 9089257
 9097549
 9058799
 9084081
 9084093
 9085594
 9090196
 9089735
 9089260
 1332272
 9092995
 9093062
 9093388
 9093752
 9094414
 9093780
 9094167
 9092549
 9093851
 9094369
 9094731
 9097154
 9095013
 9097780
 9098374
 9096249
 9095579
 9096961
 9094703
 9095584
 9098352
 9098650
 9096543
 9096224
 9098672
 9097320
 9096578
 9097249
 9097724
 9078736
 1321392
 1321313
 1321326
 9091833
 9089530
 9094505
 9093635
 9092611
 9098667
 9095568
 9095585
 1297942
 9063359
 9078862
 9079561
 9080633
 9086437
 9088809
 9096060
 9095472
 9096046
 9094886
 9095619
 1243698
 9097605
 9085084
 9089692
 9097524
 9069981
 9080609
 9091670
 9094305
 1161726
 9098571
 9095355
 9098705
 9096138
 9099460
 9100126
 9101802
 9101897
 9102068
 1354929
 9100635
 9100140
 1393142
 9100076
 9080620
 9084871
 9087951
 1321346
 1321347
 1321348
 9095744
 9095820
 9097283
 9095782
 9096874
 9098838
 9102475
 9099128
 1249080
 9058200
 9071152
 9085219
 9090006
 9088721
 9088723
 9090752
 9093088
 9094522
 9095009
 9096054
 9096855
 1393138
 9097555
 9094801
 9096694
 9096457
 9098523
 9097778
 9100463
 1373513
 9098945
 9098949
 9102038
 9102204
 9099442
 9101411
 1304566
 9100520
 9099263
 9099898
 9102004
 9102404
 9101380
 9101406
 9091097
 9099935
 9101483
 9101692
 9102091
 9074783
 9090839
 9094438
 9094262
 9082406
 9088693
 9097351
 9101575
 9099854
 1176323
 1188095
 9101392
 9101213
 9079796
 9082550
 1297915
 9086101
 9095073
 9091599
 9089728
 9090157
 9040860
 9041299
 9074829
 9083099
 9087191
 9086108
 9092387
 9092802
 9094779
 9097393
 9100085
 9101455
 9092350
 9089992
 9092388
 9092569
 9095623
 9098808
 9090585
 9096908
 9072600
 9072117
 1321302
 9081132
 9089318
 9090956
 1321341
 1321252
 1321255
 9089638
 9093567
 9094186
 9094269
 9092752
 9093448
 9096290
 9097955
 9094752
 9097906
 9095155
 9095173
 9095923
 9097412
 9098144
 9096179
 9095835
 9095876
 9099348
 9102511
 9102540
 9100183
 9101919
 9102148
 9100934
 9100938
 9100647
 9098905
 9101423
 9100690
 9100762
 9102026
 9101533
 9102356
 9099424
 9099951
 9101517
 9102506
 9102564
 9102597
 1249808
 9099406
 9101870
 9069908
 9096108
 9098944
 9085209
 1296447
 9098270
 9096233
 9095455
 9079805
 9082478
 1297537
 9081221
 9082443
 9087407
 9086787
 9086352
 9090022
 1297928
 9089932
 9089264
 9089834
 9097425
 9095712
 9099361
 9099412
 1354930
 9102097
 9102324
 9101430
 9100174
 9101694
 9102174
 1272748
 9086853
 9089846
 9092344
 9095722
 9099868
 9099885
 9100487
 9101452
 9102199
 9099977
 9072242
 9076914
 9076931
 9084422
 9086260
 9086508
 9089427
 9089872
 9090853
 9090482
 1341257
 9093051
 1341382
 9096116
 9095592
 9098529
 1376683
 9096293
 1160798
 9099503
 9100049
 9101280
 9101352
 9099890
 9089540
 1321344
 1321251
 9093901
 9082825
 9090347
 1268118
 9080165
 9089217
 9091082
 9090823
 9094411
 9093346
 9094526
 9098767
 9095095
 9094979
 9096185
 9097282
 9101034
 9101600
 9099641
 9102261
 9099168
 9102291
 1393147
 9099966
 1160356
 1160388
 9100199
 9099454
 9071666
 9073496
 9072339
 9074516
 1321365
 9099040
 9089711
 9089441
 9091397
 9093241
 9097205
 9096085
 9096093
 9098542
 9096761
 9098073
 9098469
 9096892
 9099850
 9101388
 9101625
 9064545
 9075291
 9085631
 9091449
 9092348
 9093773
 9092637
 9098055
 9097112
 9098184
 9098286
 9095583
 9098127
 9094984
 9099405
 9099222
 9099354
 9100697
 9101386
 9101649
 1188097
 9101736
 9101799
 9085557
 9091065
 9096230
 1393137
 9099528
 9100595
 9101944
 9100651
 1321368
 9083622
 9093849
 9092449
 9093668
 9094214
 9094364
 9096689
 9096281
 1239923
 9095465
 9098391
 9100917
 9101777
 9099664
 9100703
 9100739
 9100768
 9100990
 9102414
 9100444
 9099698
 9101969
 9099713
 9078919
 9082809
 9084061
 9087401
 9093625
 9092821
 9094286
 9095488
 9095249
 9096263
 1176312
 9095742
 9098302
 9097956
 1165969
 1239930
 9101593
 9099548
 9100149
 9099339
 9100062
 9101298
 9099369
 9101300
 9101146
 9082294
 9096939
 9100714
 1160379
 1160390
 9099540
 9099542
 0677725
 9046060
 9052493
 9060297
 9061596
 9066541
 9064602
 9063767
 9067389
 9069219
 9073206
 9072669
 1339979
 9071168
 9072252
 9079757
 1010768
 1163309
 9081269
 9082622
 9081753
 9082610
 0978759
 9080861
 9082407
 1163484
 1163485
 9086826
 9091957
 1354346
 9088866
 9089921
 9088912
 0978782
 9093699
 9093817
 1362452
 9092936
 9096307
 9098363
 9095038
 9095168
 9098044
 9098050
 9095827
 1176313
 9096547
 9095323
 9097098
 9097848
 9096064
 9097649
 9097458
 9095752
 9098442
 9102374
 9101289
 9099953
 1176326
 9075674
 9079831
 9082716
 9093022
 9097264
 9095423
 9096665
 9097441
 9095193
 9097719
 9097288
 9096770
 9096890
 9097186
 9097869
 9098575
 9096349
 9097914
 9099363
 9100545
 9101735
 9099319
 9099107
 9099367
 9099567
 9101518
 9099654
 9099783
 9101053
 9100241
 1188098
 9100133
 9100221
 9100870
 9101623
 9102146
 9102258
 9100348
 9100357
 9101202
 9084231
 9084880
 9091825
 9092339
 1324416
 9096080
 9096088
 9096708
 9096617
 1321292
 9095779
 9102507
 9099836
 9100887
 9102364
 9101525
 9088847
 1223745
 9095705
 1202733
 9102392
 9101188
 1176319
 9101786
 9069877
 9091094
 9094116
 9093035
 9093834
 9097481
 9100951
 9099507
 9101647
 9099105
 9100758
 9101758
 9099220
 9072430
 9074980
 1393113
 9080413
 9083519
 9085938
 9091204
 9093741
 9093790
 9093495
 9094530
 9093386
 9096072
 9096544
 9095297
 9098608
 9097789
 9095231
 9102149
 9099042
 1353440
 9100335
 9099860
 9101285
 9095348
 9095261
 9097142
 9095516
 9095308
 9101418
 9099427
 9099811
 9101332
 9069420
 9068679
 9079693
 9078509
 9081001
 9089002
 9094466
 9094149
 9094255
 9095409
 9094810
 9094812
 9096625
 9096452
 9094669
 9095683
 9101877
 9102425
 9099284
 9101199
 9101589
 9099114
 9100103
 9100612
 9100682
 9101824
 9099757
 9101943
 9067918
 9079212
 9088087
 9087323
 9092340
 9092238
 9093837
 9093871
 9093257
 9094531
 9094119
 9092948
 9096988
 9095397
 9097293
 9094676
 1393139
 9094607
 9096306
 9098432
 9094601
 1243699
 9095088
 9098360
 9098380
 9100077
 9102122
 1165965
 9101237
 9099720
 9100787
 9101301
 9100110
 9100082
 9101272
 9101869
 9101394
 9101792
 9048664
 9055867
 9084888
 9091357
 9093829
 9096519
 9098152
 1366818
 9098128
 1368765
 9100841
 9101405
 9102045
 9101554
 1160384
 1160800
 9073490
 9075039
 9081533
 9083751
 9084283
 9087113
 9088155
 9087525
 9090728
 9093213
 9092708
 9092960
 9093252
 9098788
 9097391
 9095588
 9096963
 9098183
 9097450
 9098088
 9097422
 9098356
 9098640
 9094787
 9097542
 1331416
 1160781
 1160784
 9097839
 9098465
 9099535
 9100260
 9101111
 9101447
 9101637
 9102133
 0964837
 9102275
 9102117
 9099236
 9099533
 9100557
 9099434
 9099658
 9098932
 9099028
 9099110
 9100128
 9100514
 9100575
 9100834
 9101487
 9101610
 9100223
 9102332
 9100894
 9101369
 9100084
 9101966
 9102260
 9102498
 9101284
 9099893
 9102177
 9102265
 9102583
 9100305
 9099302
 9100341
 1393089
 1393119
 9093429
 9080650
 9079218
 9100531
 9083547
 9090333
 9091026
 9091137
 1297925
 9090638
 9095011
 9096119
 9096205
 9102271
 1322170
 9100492
 9100850
 9100865
 9101040
 9101527
 9102226
 9099662
 9101083
 9101781
 1165966
 1165971
 9099471
 9102310
 9100090
 9102550
 1188092
 9101278
 9099926
 9100437
 1161735
 1161736
 9093478
 9094685
 9097050
 9098329
 1362467
 9101245
 9101568
 9100733
 1354917
 9100111
 9100848
 9100475
 9101757
 9099916
 9102227
 9087617
 9093064
 9096509
 9095550
 9101670
 9099903
 9099959
 9099257
 9095982
 9100324
 9084810
 9088900
 1324431
 9094469
 9097562
 9098223
 9099891
 9078617
 9088553
 9089576
 9092822
 9096613
 9096899
 9098071
 9098246
 9095964
 9098258
 9102645
 9099459
 9099357
 9099537
 9100046
 9099468
 9099984
 9099999
 9100427
 9101398
 9101437
 9101576
 9101795
 9102424
 9102197
 9100760
 9099711
 9099991
 9101310
 9102230
 9101004
 9099462
 9099941
 9101105
 9100040
 9100337
 9100638
 9100740
 9100021
 9102087
 9099737
 9101634
 9100359
 9101683
 1249081
 9099818
 9099250
 9073451
 9077586
 9095335
 9095589
 9102303
 9099847
 9099287
 9099668
 9099397
 9099765
 9100167
 1393145
 9101628
 9099267
 9101530
 9085076
 9083199
 1297935
 9098618
 9094846
 9098371
 9096980
 9095036
 9095842
 9100333
 9102024
 9099837
 9101917
 9099113
 9099496
 1366842
 9102306
 9074454
 9098861
 9082756
 9082971
 9082318
 9084849
 9091983
 9094338
 9094158
 9095627
 9098081
 9098337
 9096285
 9097143
 9095198
 9097126
 9097570
 9095778
 9095093
 9097026
 9097180
 9097936
 1321291
 1324662
 9097188
 9089818
 9092279
 9094077
 9095601
 9095656
 9096390
 9098400
 9096270
 9097493
 9095531
 9097229
 9098563
 9095220
 1115690
 9099621
 9099685
 9100056
 9100066
 9101292
 9101669
 9102135
 9102228
 9102321
 9101219
 9102272
 9099616
 9063535
 9080631
 9088168
 9089688
 9088937
 9098220
 9096945
 9098032
 1341379
 9094832
 9095719
 9095902
 9096473
 9096972
 9097031
 9096912
 9095634
 9096328
 9097666
 9095697
 9099524
 9100002
 9099443
 9102143
 9099525
 9099889
 1359409
 9099648
 9101309
 9092938
 9097474
 9097752
 9095960
 9097067
 9097431
 9097120
 9096605
 9097913
 9096456
 9097670
 9099135
 9099761
 9099712
 9101481
 9100700
 9101831
 9099108
 9099379
 9099875
 9100899
 9102526
 9100186
 9100547
 9099048
 9102373
 9099622
 9101657
 9099016
 9100101
 9102027
 9102048
 9099971
 9100429
 9101775
 9092297
 9094196
 9094534
 9094555
 9094556
 9098177
 9096161
 9102503
 1322171
 1354928
 9099293
 9101789
 1393141
 9062418
 9091108
 9093518
 9094856
 9097367
 9095179
 9095523
 9095507
 9095903
 9097280
 9097390
 9097586
 9095570
 9097829
 9102460
 9100456
 9100970
 9100983
 1354916
 1354926
 9099985
 9099138
 9100123
 9101542
 9100706
 9101265
 9100826
 9100853
 9099066
 9099626
 9102302
 9028054
 9036234
 1321508
 9070548
 9072022
 9074308
 9074415
 9077673
 9080295
 9083180
 9087985
 9087990
 9091355
 9090365
 9094429
 9096572
 9098725
 9096019
 9098403
 9100425
 9102009
 9101084
 9075560
 1239480
 9072784
 9085569
 9093366
 9096640
 9095295
 9095341
 9101971
 9099769
 9100752
 9101570
 9100902
 9102114
 9084528
 9095710
 9095996
 9098404
 9097069
 9098035
 9101056
 9101445
 9100699
 9102046
 9100882
 9100907
 9100885
 9101605
 9099062
 9101118
 9083935
 9082744
 9087913
 9092129
 1339911
 9094838
 1240351
 9067669
 9083908
 9086053
 9086776
 9089879
 9092753
 9093831
 9094381
 9094370
 9094121
 9092889
 9096669
 9098540
 9095533
 9097967
 9098365
 9098377
 9097432
 9095693
 9097640
 9099766
 9101759
 9102057
 9099519
 9100535
 9102205
 9099827
 9101126
 9101514
 9101529
 9102318
 9102243
 1240356
 9100172
 9101538
 9102195
 9102247
 9102323
 9099001
 9099715
 9100767
 9099312
 9101370
 9083674
 9091165
 1362550
 9092860
 9097294
 9099527
 9080051
 9088874
 9090717
 9089732
 9090891
 9095859
 9094776
 9095650
 9098569
 9100563
 9089372
 9098769
 9097793
 9096298
 9099759
 9101878
 9100169
 1366838
 9098353