16-7-2
 9013366
 9020813
 9021556
 9021010
 1223696
 9022462
 9022839
 9023087
 9023685
 9027099
 9028219
 9028908
 9028956
 1294336
 9026063
 9027959
 9027489
 1321603
 9023840
 9024425
 9025174
 9025639
 9025906
 9025226
 9023763
 9023772
 9028641
 9029232
 9026914
 9026798
 9029704
 9029838
 1365332
 8997516
 9001180
 9009928
 9011307
 9011901
 9017732
 9017990
 9021140
 9020108
 9020754
 9019521
 9020292
 9025150
 9022178
 9024790
 9023835
 1365620
 9024411
 9023701
 9024860
 9028628
 9026498
 9027767
 9029379
 9028047
 9026771
 9028427
 9028200
 9029694
 9026146
 9027581
 9026156
 9026588
 9026908
 9027568
 9028578
 9029210
 9029326
 9029607
 9028228
 9026262
 9029276
 9029330
 9026948
 1304250
 9028402
 9028488
 9025964
 9026385
 9028753
 1243661
 9029485
 9029072
 9028541
 9026868
 9027488
 9026635
 9028642
 9029408
 9028387
 9029029
 9028765
 9029547
 1188277
 1188438
 8998716
 8999010
 9002293
 9004615
 9009838
 1354446
 9024368
 9020675
 9022061
 9024794
 9023103
 9025785
 9023140
 9024246
 9004318
 1322267
 9019839
 9021762
 9024361
 9028276
 9028062
 9028846
 1243662
 9026501
 9013115
 9017624
 9020345
 9019382
 9021059
 9019211
 9021430
 9025489
 9023805
 9023496
 8989903
 1354247
 9016162
 9016634
 1188549
 9021687
 9021767
 9023843
 9024587
 9020201
 8989034
 8999332
 9006045
 9006432
 9006342
 9009839
 9013031
 9016924
 9015919
 9021004
 9017917
 9019502
 9019651
 9017976
 9023687
 9024516
 9023093
 9023097
 9025380
 9024816
 9025058
 9023940
 9023655
 9024237
 9024980
 9025767
 9025780
 9023047
 9022246
 9022470
 9025329
 9024517
 9022993
 9023179
 9023224
 9023667
 9022909
 9026186
 9026640
 9029247
 9026316
 9028393
 9029502
 9029505
 9029262
 9029465
 9028381
 9027022
 9026604
 9028423
 9026867
 9029235
 9029587
 9029101
 9029453
 9026612
 9026333
 9027900
 9029069
 1304248
 9028702
 9029714
 1249145
 9027139
 9026455
 9003780
 9020393
 9020826
 9021866
 1294322
 9029808
 9029848
 9021159
 9028314
 8996685
 9006146
 9013256
 9014581
 1202445
 1354493
 9020566
 9017910
 9020466
 9020268
 9018565
 9020499
 9022761
 9023339
 9025277
 9022931
 9023535
 9023158
 9023936
 9023775
 9024379
 9024788
 9025236
 9022916
 9022954
 9027115
 9029469
 9027916
 9028904
 9028312
 9019236
 9013842
 9015620
 9015253
 9017239
 9018222
 9020687
 9020456
 9027264
 9028330
 9026819
 9027138
 8991106
 9007800
 1323340
 9017680
 1354500
 9022477
 1239687
 9022465
 9023574
 9022905
 9023037
 9026508
 9029656
 9018259
 1294304
 9023366
 9023749
 9022632
 9010857
 9026781
 9013423
 9019399
 1160154
 9022907
 9023241
 9023247
 9023270
 9024948
 9027749
 9028472
 9029167
 9028015
 9028350
 9029536
 9026966
 9027945
 9028650
 9029424
 9026796
 9026707
 9004284
 9004171
 9005969
 9005979
 1307515
 9029275
 9028973
 9010798
 9012244
 9016387
 9018017
 9023315
 9025802
 9025625
 9028129
 9028949
 9026617
 9027919
 9026006
 9027197
 9026513
 8994909
 8993591
 8997846
 9006688
 9019184
 9019789
 9018730
 9017491
 9024636
 9029869
 9027237
 9028842
 9028734
 9027235
 9020924
 9024769
 9023729
 9025631
 1294317
 1294318
 1294320
 9028493
 9026116
 9026951
 9027412
 1294326
 8999341
 9002547
 9006703
 9010215
 9008998
 9012162
 1308540
 9017661
 9018290
 9018982
 9021147
 9020226
 9020494
 9017644
 9018731
 1249138
 9022536
 9023672
 9024935
 9025170
 9023985
 9024811
 1365618
 9026020
 9027358
 9029151
 9026147
 9028406
 9028938
 9027181
 9027822
 9029663
 9028194
 9028469
 9026220
 8994956
 9000601
 9002250
 9001237
 9006535
 9012514
 9016384
 9020809
 9018636
 9018231
 9020522
 1188734
 1188496
 9023965
 9024757
 9025219
 9021932
 9025134
 9023186
 1336048
 9022213
 9029725
 9029755
 1354511
 9026714
 9026836
 9027624
 9027723
 9027773
 9029193
 9027985
 9028782
 1188282
 9028709
 9028879
 9027317
 1382598
 9028720
 9028673
 9025978
 9026999
 9028513
 9020507
 9023244
 9024128
 9027227
 9028859
 9028150
 9028097
 9029004
 8999993
 1284595
 9008093
 9011151
 9017507
 9018531
 9018837
 9020432
 1223799
 9024630
 9025877
 9024552
 9025289
 9024560
 9025376
 9023894
 9024730
 1202124
 9028661
 9029140
 1354507
 9028148
 9027419
 9027225
 9010934
 9016791
 1188313
 9021761
 9023998
 9022071
 9022075
 9022226
 9024372
 9023884
 9022267
 9022831
 9023785
 9024140
 9025088
 9022068
 9024101
 9028112
 1354515
 1223638
 9026200
 9027548
 9028152
 9026266
 9026661
 9027796
 9027924
 9028187
 9026236
 9027162
 9027914
 9027934
 9028810
 9029348
 9029375
 1366200
 9027506
 9029310
 9028178
 9028191
 9028880
 9028834
 9027135
 9028342
 9028436
 9026253
 9027625
 9026680
 9026991
 9004547
 9009162
 9014225
 1240536
 9020665
 9021467
 1165416
 9018644
 9020967
 1234212
 9021648
 9024572
 9025501
 1294314
 9023379
 9024452
 9025369
 9024733
 9023131
 9029509
 9029220
 9029129
 9029260
 9028704
 9029449
 1294329
 9027667
 9028452
 9025984
 9007035
 9000674
 9019905
 9024884
 1321064
 1321065
 9029474
 9027183
 9017768
 8992525
 9002024
 9002289
 9002110
 9004673
 1324142
 9010444
 9008846
 9010850
 1307536
 1307544
 9014307
 9013408
 9014555
 9013826
 9011833
 9012899
 9012919
 1382580
 1308511
 1308531
 9020372
 9021585
 9020806
 9019319
 9018559
 1332372
 9023653
 9025364
 9025907
 9002078
 9023323
 9023651
 9025615
 9025633
 9023016
 9008158
 8999183
 9005160
 9011225
 1323827
 1165686
 9017946
 9018395
 9023132
 9023568
 9024390
 9023291
 9022516
 1321625
 9023881
 9027435
 9026254
 9028882
 9028386
 9010065
 9024702
 9024656
 9025234
 9029589
 9026810
 9026672
 9026504
 9028477
 9027267
 9027553
 9028563
 8989113
 9012217
 9013654
 1332321
 9019427
 9021638
 9017813
 9017757
 9020459
 9023761
 1323354
 9024639
 9024695
 9022663
 9025252
 9023787
 1365619
 9022872
 9023602
 9027070
 9029495
 9027097
 9026345
 9026352
 9026368
 9028333
 9028854
 9029724
 9028303
 1366246
 9028143
 9028149
 9028258
 9028907
 8993904
 9004236
 9009649
 9010862
 9014422
 9021230
 9021411
 9017361
 9024303
 9025373
 9025726
 9023626
 9024189
 9023510
 1188448
 9025233
 9025913
 9023021
 9029364
 1354539
 9026564
 9026492
 9027982
 9026217
 9026449
 9026841
 9028861
 9029159
 9029200
 9028275
 1294338
 9026312
 9029850
 9028534
 8988192
 8985481
 8986117
 8986450
 8990659
 8991479
 8993157
 8999032
 8998044
 8998176
 9002350
 9004645
 9005292
 9006095
 9004324
 9006134
 9008121
 9010846
 9014318
 9013268
 9011415
 9015214
 9015440
 9018067
 9018143
 9019768
 9021128
 9020279
 1368302
 9019558
 9018314
 9018322
 9025361
 9023175
 9024143
 9022722
 9025082
 9026645
 9027828
 9016022
 9015450
 9020604
 9020128
 9021078
 9021112
 9023876
 1322268
 9024671
 9025634
 9022439
 9028952
 9029265
 9028728
 9028982
 9029230
 9029596
 9026457
 9005579
 9013275
 1188836
 9020357
 9021455
 9020958
 1291889
 9021677
 9023403
 9023563
 9022936
 1323399
 9025704
 9024025
 9023853
 9023490
 9026042
 9027477
 9027027
 9028565
 9029316
 9029635
 0893977
 9028442
 1223619
 9028482
 9029717
 9028536
 9029045
 9029130
 9028134
 9027531
 9027769
 9026298
 9026611
 9026691
 9027274
 9028156
 9029100
 9028458
 9029111
 9029117
 9029722
 9026124
 9026837
 9027756
 9026148
 9026005
 9027681
 9027494
 9028012
 9029398
 1293163
 9027434
 9028263
 9027067
 9027523
 9028192
 9028835
 9027136
 9028437
 9028449
 9026709
 9017558
 9018509
 9023838
 9024751
 9028351
 9027529
 9028929
 9029556
 0893973
 9028414
 9028479
 9028528
 9028545
 9026774
 9027730
 9028733
 9029309
 9027457
 9027453
 9026391
 9026398
 9026182
 9025975
 9010512
 1354444
 9020448
 9019532
 9025831
 9022979
 1321066
 9029561
 9028122
 9028804
 1188267
 9027222
 9028763
 9029016
 9026323
 9026996
 9026419
 9028366
 9013098
 9019911
 9024925
 9029333
 9028514
 9026251
 9028910
 9028607
 9028090
 0893952
 0893959
 1188545
 9024257
 9025267
 9023611
 8989766
 9005583
 9014260
 9016653
 9016190
 9020617
 9020696
 9020211
 9021108
 9021166
 9019345
 9021217
 9022474
 9022564
 9025816
 9021884
 9021867
 9024015
 9025271
 9025206
 9023918
 9023833
 9023866
 9024023
 9024962
 9024270
 9024344
 9026755
 9029643
 9025969
 9026151
 9029386
 9029392
 1332391
 9027481
 9028489
 9028515
 9026743
 9026931
 9027116
 9029621
 9026720
 9028495
 9028751
 1323851
 9026725
 9028658
 1239691
 9029003
 9028324
 9028532
 9028955
 9029662
 9026591
 9027927
 9028829
 9028100
 9026366
 9029431
 9029334
 9029809
 9026207
 9027640
 9026335
 9027670
 9018257
 9020692
 9025840
 9021886
 9024635
 9025764
 9023621
 9022701
 1365622
 9024748
 9028506
 9026487
 9027087
 9025994
 9027576
 9028202
 9027486
 9027301
 9020132
 9025287
 9024586
 9024545
 9024208
 9024802
 9028935
 9027200
 9026330
 9027083
 9027717
 9027143
 9029834
 9026203
 9027716
 8984452
 8992624
 9002126
 9002097
 9001698
 9010891
 9012009
 1304210
 9020383
 9021763
 9022952
 9015140
 9015141
 9015149
 9015151
 9017005
 9017007
 9017009
 8998324
 9025934
 9006518
 9006860
 9004166
 9006669
 9010078
 9013104
 9016185
 9020951
 8999966
 9003760
 9012315
 1354478
 9014141
 9018370
 9023441
 9025659
 9022634
 9022957
 9023584
 1323400
 9025426
 9025740
 9025751
 9029176
 9029653
 9029332
 9027368
 9027806
 9028666
 9028906
 9029061
 9026866
 9028681
 9029184
 9026549
 9028374
 1328309
 9026238
 8994368
 8996437
 8997756
 8997113
 8997757
 9003777
 9000463
 9002708
 9005584
 9005478
 9009934
 9009046
 9009647
 1254135
 9011209
 9014543
 1322262
 9011621
 9013767
 1323896
 9014978
 9011807
 9014410
 9014150
 1202446
 1202824
 1323819
 9015836
 9016298
 9016364
 1188309
 9016687
 9016621
 1308151
 9016453
 9019585
 1332335
 9021564
 9020004
 9021441
 1165685
 9020340
 9019715
 9020117
 9020290
 9021400
 9019337
 1252743
 9018917
 9018936
 9018407
 9019757
 9018633
 9020052
 9020729
 9021034
 9021049
 9021669
 9019865
 9017626
 9021959
 9023780
 9025012
 9025805
 9024785
 1323363
 9024914
 9022186
 9025384
 9022050
 9023885
 9023896
 9023317
 1354540
 9029639
 9029652
 9027280
 9028005
 9027182
 9028556
 9026923
 9027666
 1223033
 9009205
 9022739
 9007753
 1379394
 9011894
 9014668
 9012824
 9013245
 9021291
 9025245
 1223800
 9021914
 9022404
 9024398
 9023400
 9023074
 9023318
 9023311
 9024298
 9026452
 9027755
 9027764
 1105499
 9026571
 9026921
 9028347
 9029118
 9026177
 9028538
 9029240
 9026122
 9027441
 9028988
 9027203
 9028361
 9026178
 9029568
 9027651
 9027797
 9028099
 9020757
 9021352
 9028539
 9029719
 8998380
 9015745
 9016195
 9019275
 1294312
 9025242
 9029517
 9027573
 1294328
 9027676
 9027587
 9027664
 8983874
 8986564
 9001988
 9013234
 9011423
 9016160
 9015533
 9020010
 9018098
 1165414
 9019649
 9021079
 9019443
 9019660
 9017334
 9020445
 9020942
 9017355
 9020878
 9023990
 9024099
 1223798
 9024021
 9022414
 9024229
 9022665
 9023823
 9023868
 9024819
 9024156
 9025036
 9023178
 9024067
 9025456
 9023295
 9023029
 9024109
 9024241
 9027450
 9026724
 9029352
 1223626
 9028441
 9027169
 9026161
 9026450
 9027051
 9028755
 1272674
 9026150
 9027427
 9029530
 9027420
 9028933
 9029269
 9026066
 9027550
 9027971
 9029750
 9027112
 9026902
 9026507
 9027100
 9028636
 9027327
 8993555
 1188486
 9008776
 9021281
 9021332
 9021403
 9019346
 1354440
 9021104
 9017516
 9017524
 9018251
 9019485
 9023239
 9025744
 9025438
 9023466
 9025007
 9025116
 9025593
 9025734
 9024908
 1293202
 9024599
 9025530
 1382591
 9023632
 9024903
 1336142
 9028997
 9027761
 9029506
 9027947
 9027960
 9028341
 9029471
 9029236
 9028981
 9026360
 9029226
 9029277
 9024429
 9007651
 9017133
 9024673
 9025343
 1239676
 9022163
 9024244
 9023297
 9025176
 9025486
 9024460
 9022897
 9022967
 1365616
 9023601
 9022668
 9024053
 9022969
 9024541
 9028124
 9027013
 9029614
 9027284
 9029242
 1188271
 9028523
 1366397
 1332324
 9019209
 1321608
 9022063
 9023070
 9025045
 9025208
 9026616
 9028746
 9029565
 9026149
 9028252
 9027525
 9029223
 9029133
 9026232
 1324212
 9007876
 9008211
 9012320
 9012614
 9013471
 9023714
 9027443
 9029673
 9003439
 9008092
 9009176
 9014750
 1332188
 9016942
 1294286
 9015872
 9018661
 9019754
 9020530
 9017931
 9023032
 9025049
 9022502
 9023839
 9024199
 9025444
 9023322
 9024880
 9025205
 9025737
 9022284
 9023717
 9024931
 9021975
 9023512
 9024772
 9027492
 9027887
 9026615
 9027554
 9028059
 9028944
 9029114
 1354508
 9026719
 9029595
 9029644
 9027360
 9026607
 9028417
 9029079
 9029150
 9029494
 9029696
 9026458
 9028614
 9029445
 9029448
 9028803
 9026326
 9029603
 1175482
 9027286
 9028274
 9026235
 9027117
 9028822
 1307540
 9011444
 9017332
 9021599
 9022853
 9024758
 9024489
 9022624
 1202122
 9028886
 9026008
 8974599
 8988366
 9007700
 9007618
 9015082
 1382595
 9029806
 9029446
 9029415
 8971370
 1322254
 9021635
 1234219
 9022793
 9025595
 9022406
 9026117
 9028912
 9026009
 9032966
 9029996
 9030600
 1308510
 9015996
 9019332
 9021310
 9026417
 9029239
 9033297
 9032668
 9031100
 8993076
 9023683
 1323849
 9024892
 9027224
 9028877
 9027770
 1294332
 9026083
 9028209
 1196658
 9030529
 9031010
 9033455
 9032019
 9030964
 9030431
 9030500
 9031864
 9032637
 9029978
 1294358
 9032204
 1243579
 9002345
 9028524
 9027196
 9031994
 9032891
 9033474
 9022640
 9020577
 1336175
 9027496
 9027825
 9027948
 9031109
 9032077
 9030996
 9032563
 9030336
 1188308
 9026222
 9023142
 9022747
 9026653
 9025988
 9029879
 9029881
 9032942
 9031626
 9001584
 9002041
 9001920
 9000280
 9002875
 9004737
 9005414
 9006126
 9006651
 9006814
 9006106
 9003968
 9008030
 9009139
 9009282
 1361115
 1361200
 1361103
 9008364
 9007684
 9009603
 9012245
 9012212
 9026656
 9027292
 9030097
 9032952
 9033065
 9030565
 1243575
 9029121
 1365587
 9020752
 1354541
 9029359
 9028961
 9026992
 9015143
 9025924
 1126346
 9028662
 9026512
 9024554
 8997457
 8997347
 8999594
 1165675
 9013639
 9014171
 9016633
 9023679
 9022057
 9025235
 9026423
 9026580
 9026290
 9029807
 9032394
 1126863
 9030904
 9033386
 9032105
 9033299
 9033422
 9032041
 1323767
 9030622
 9030404
 9032513
 9033021
 9033566
 9032328
 9032908
 1304158
 9032471
 9032648
 9033324
 9033608
 9031325
 9031014
 9029721
 9008351
 9011601
 9013519
 1188840
 9021795
 1188318
 1332119
 9017367
 9017155
 9023327
 9026566
 9026751
 9032857
 9033225
 1011127
 9002943
 9002485
 9004989
 9004123
 9004958
 9008595
 9012621
 9013852
 9012457
 1163200
 9020784
 9018061
 9021295
 1232117
 9023451
 9025865
 9022576
 9022331
 9024557
 9024332
 9027258
 9027253
 9027374
 9027324
 9026663
 9029468
 9030793
 9030748
 9032730
 9030824
 9032981
 9031823
 9025920
 9004328
 9023989
 9024103
 9025029
 9026015
 9027110
 9027830
 9028334
 9028476
 9030917
 9004854
 1321060
 9017346
 9019525
 1386398
 9025015
 9028569
 9027378
 9027814
 9029136
 9027039
 9029321
 9030341
 9022883
 9022393
 1321058
 9018844
 1188542
 1365094
 9010416
 9016537
 1354445
 9019143
 9025119
 1366226
 9022281
 9026537
 9027739
 9029023
 9026462
 9026983
 9032892
 9033491
 9033458
 9032576
 9030900
 9030166
 9030277
 9033352
 9030769
 1175413
 1379978
 9015627
 9015983
 1165410
 9019016
 9018211
 9023369
 9022825
 9024192
 9028490
 9027400
 9026415
 9030002
 9030962
 9033629
 9030463
 9032298
 9033534
 9033588
 9025215
 9022691
 1354513
 9028295
 9028379
 9028420
 9027726
 9028986
 1188263
 9029125
 9032315
 9032365
 9032746
 9032138
 1188211
 9030552
 9031180
 9024651
 9023677
 1294319
 9028594
 8995860
 8994148
 9002055
 9009182
 9012438
 9018270
 9020963
 9026502
 9026941
 9026364
 9026420
 9028111
 1126873
 9029922
 9030334
 9033190
 9033396
 9030605
 9033027
 9030149
 9031484
 9031542
 9033649
 1011147
 1010879
 9012759
 9012242
 9015671
 1165467
 9025136
 1223608
 9023067
 9023911
 9027313
 9029376
 1188261
 9028491
 9028774
 9033408
 9031910
 1223644
 9030345
 9030589
 9032021
 9032946
 9032956
 9030935
 9031115
 9033291
 9031737
 9033511
 9031457
 9031262
 9012036
 9014052
 9030310
 9032516
 9030076
 9033490
 9030667
 9030865
 9031159
 1116177
 9000672
 9003713
 9010037
 9013151
 9013924
 9013004
 9014638
 9013195
 9013766
 9013479
 9014576
 9016206
 9020619
 9019136
 9021685
 9017411
 9018640
 9025228
 9024660
 9023587
 9024017
 9023444
 9024129
 9024423
 9025917
 9024359
 9029580
 1354512
 9028131
 1188268
 9027815
 9028438
 9027696
 9026805
 9032322
 9032701
 1379999
 9031058
 9031886
 9030530
 1011148
 1010878
 9031246
 9011673
 9021052
 9018288
 1165700
 9018818
 9018392
 9025254
 9024676
 9024992
 9023698
 9028501
 1188274
 9026257
 9028036
 9033197
 9033320
 9030697
 9031110
 9031276
 9032042
 9032535
 9032622
 9031617
 9032355
 9033014
 9033077
 9031055
 9031593
 9032596
 9032785
 9033070
 9030441
 9030475
 9031720
 9032278
 9031126
 8991924
 9018863
 9023116
 9024310
 9025388
 9023242
 9025894
 9025909
 9029519
 9029365
 9029090
 9029095
 9027961
 9028516
 9032670
 9032808
 9032822
 9032655
 1294340
 9031038
 9031281
 1307528
 9025684
 9024006
 9028355
 9028689
 1307516
 9007578
 9015566
 9019581
 8999157
 9002420
 9002719
 9013569
 1188370
 9017337
 9019393
 9024031
 9022166
 9025194
 9025423
 1304225
 9022705
 9024233
 9023336
 9024231
 9022215
 9028459
 9028793
 1304246
 9029729
 9029055
 9029708
 9026087
 1323995
 1323207
 9031044
 9033429
 1321645
 9030504
 9030505
 9002638
 9019535
 9025678
 9025946
 9028785
 9030364
 9030937
 9030967
 9030679
 1366110
 1366109
 1175412
 9031237
 9030400
 9009796
 1328302
 9014856
 9016764
 9020129
 9025787
 9021911
 1236728
 9028618
 9028821
 9029243
 9029135
 9029459
 9028296
 9028759
 1175481
 9026227
 9028251
 9028679
 9028812
 9031792
 9031036
 9032636
 9033555
 9029921
 9031841
 9032143
 9031929
 9032992
 1175414
 9031525
 9030351
 9032886
 8999959
 9008567
 9010828
 9009966
 9011525
 9013411
 9015048
 9015903
 9016303
 9016600
 9016659
 9018029
 1188741
 9021680
 9018304
 9025457
 9022026
 1304229
 9023688
 1336143
 9026568
 9026599
 9026373
 9026985
 9029349
 9029152
 9028921
 9028573
 9029066
 9030551
 9030472
 9033449
 9032053
 9031836
 9033222
 9033160
 9030429
 9030783
 1379995
 9032894
 9032764
 9031751
 9030107
 9033718
 9029994
 9026885
 9026181
 9029293
 9026315
 9011434
 9011923
 9016866
 9015786
 9021402
 9018665
 9021107
 9023080
 9023992
 9025647
 9024674
 9024388
 9024166
 9026721
 9026756
 9027433
 9029139
 9029010
 9029948
 9033612
 9033145
 9030966
 9031008
 9032333
 9032462
 9031767
 8947636
 9008522
 9016864
 9016086
 9021302
 9018430
 9017304
 9019471
 9017511
 9020847
 1321610
 9020031
 9023730
 9023908
 9024612
 9025582
 9022671
 9025096
 1336154
 9024602
 9028413
 9028352
 9027938
 9032467
 9030315
 9030941
 9031319
 9032460
 9032663
 9032887
 9033315
 1223646
 9030731
 9031105
 9032590
 9033340
 9033141
 9031857
 1323220
 9030200
 9031758
 9031850
 9030049
 9030215
 9030726
 9031393
 9031831
 9032319
 9032691
 9033370
 9031724
 9033437
 9031296
 9033304
 9032583
 9032653
 9031195
 9032010
 9030826
 9031107
 9032310
 9033008
 9033704
 1321641
 9030882
 9030289
 9009801
 9010728
 1294279
 1294298
 1294321
 9022416
 9024428
 9029824
 9029827
 9029830
 9033230
 9032939
 9031338
 9016444
 9027928
 9028195
 9033609
 9031347
 9032086
 9032123
 9032149
 9032168
 9032344
 9033462
 9033465
 9033587
 9030409
 9031534
 9031815
 9032060
 1165419
 1379992
 1188213
 1188217
 1188203
 1188207
 9030856
 9032484
 9032755
 9033314
 9031698
 9031236
 9019848
 9020087
 9017953
 9024665
 9027818
 9032009
 9032505
 9031647
 9030619
 9032967
 9033402
 9031340
 9030498
 9032843
 9030332
 9029147
 9032437
 1126858
 9030544
 9031429
 9031530
 9032985
 8990315
 9011252
 9033234
 9030587
 9031072
 9031082
 8959540
 8964417
 8967841
 8966681
 8982225
 8982761
 9009454
 9018472
 9025107
 9022899
 9025097
 9025268
 9024262
 9023203
 9026244
 9026907
 9027786
 9027750
 1294308
 1294309
 1188265
 9027287
 9029336
 9027503
 9028204
 9027691
 9031696
 9030170
 1126859
 9030058
 9030573
 9032943
 9033368
 9031006
 9032292
 9033283
 9033443
 9030164
 9031465
 9032743
 9031283
 9032028
 9032873
 9032905
 9033385
 9032625
 9033329
 9031719
 1188210
 9031052
 9030410
 9030320
 9030550
 9030105
 9030340
 9030851
 9031061
 9032568
 9033375
 9033434
 1339861
 9031598
 9030117
 9033169
 9031832
 9030746
 9006386
 1365577
 9014631
 9014539
 9013883
 9020771
 9019695
 9017934
 1284538
 9025565
 1321620
 9023650
 9028687
 9028814
 9028760
 9026299
 9027106
 9028909
 1223647
 9033468
 9032965
 9030407
 9033060
 9031849
 9033699
 9025874
 9023188
 9029731
 9027431
 9028416
 9031725
 9033356
 9033363
 9030203
 9031124
 9032059
 9032286
 9033153
 1188208
 1188209
 9032896
 9019147
 1322280
 9002687
 9025937
 9009554
 9009969
 9016248
 9016216
 9019086
 9020535
 9018993
 9019037
 9021717
 9018204
 9023494
 9024724
 0893966
 9022231
 9025138
 9025040
 9023256
 9023520
 9024207
 9029026
 9028902
 9028972
 9026962
 9027113
 9027521
 9026827
 8996183
 1382581
 9016575
 9019763
 9020093
 9023915
 9023620
 9028025
 9027784
 9028794
 1126861
 0893978
 9031450
 9032729
 9033389
 9033569
 9032828
 9032524
 8989122
 9002058
 1324135
 9008576
 9008485
 1304201
 9018190
 9020153
 9019142
 9017754
 9022476
 9023977
 9025556
 9022620
 1366227
 9023910
 9028147
 9026448
 9028169
 9028033
 9028831
 9026624
 9026998
 9027285
 9028433
 9028422
 9026295
 9032004
 1323761
 1323990
 9030507
 9030706
 9030772
 9030456
 9032259
 9033235
 9031178
 9032922
 9030197
 9032600
 1188540
 9017431
 8973791
 8988373
 9006511
 9009955
 9012719
 9018042
 9018080
 9023048
 9023739
 9022229
 9029259
 9028138
 9028272
 9028686
 9029002
 9029054
 9029499
 9028561
 9031932
 9032103
 9030219
 9032569
 9033335
 9033492
 9032540
 9030171
 9033391
 9032438
 9031101
 9031063
 9030239
 9024085
 9031335
 9031835
 9014085
 9018851
 9019128
 9017648
 9032685
 1379884
 9033589
 1294354
 9032147
 9030760
 9031114
 9009997
 1126326
 1126339
 9028555
 1188273
 9028174
 9028942
 9028527
 9032544
 9032327
 1126874
 1165421
 9030298
 9033550
 1011146
 9030582
 9016325
 9016331
 9020659
 9020791
 9018483
 9023793
 9023821
 9025668
 9025132
 9025322
 9025721
 9023100
 9026192
 9028470
 9029005
 9032907
 9030728
 9031398
 9032058
 9030386
 9031372
 9033174
 1379998
 9030739
 9033501
 9033590
 9033104
 9032359
 9033573
 9033611
 9030367
 9030199
 9021675
 9019029
 9025775
 1321623
 9027788
 9029462
 9028954
 9015594
 1294287
 9023457
 9025599
 1294316
 9025573
 9023389
 9023086
 9022518
 9027064
 9026700
 9028873
 9026297
 9029122
 9026128
 9026018
 9027411
 9027164
 9027123
 9032630
 9033430
 9031267
 9031687
 8990309
 1291890
 9024274
 9025908
 1249143
 9028344
 9028496
 9027792
 9029035
 1126878
 9033068
 9030916
 1198801
 9032450
 1324190
 1365653
 9016249
 9020084
 9017483
 9024982
 9027848
 8996031
 9001424
 9006532
 9015423
 9020293
 9023818
 9025276
 9022599
 9025302
 9022011
 9028511
 9026848
 9029214
 9029456
 9029619
 9029325
 9026436
 9026255
 9029433
 9028087
 9033739
 9030061
 9029926
 9030534
 9030994
 9033451
 9033460
 9031925
 9031943
 9031974
 1223639
 9032522
 9032816
 9033476
 9030671
 9032433
 1323775
 9033046
 9033606
 1294359
 9033000
 9031118
 9033659
 9005368
 9009073
 1165403
 9024907
 1354547
 9027417
 9028518
 9028474
 9028564
 9029120
 9032876
 8981050
 9020790
 9022104
 9026728
 1126868
 9032419
 8992179
 9007203
 9003970
 9008097
 1188499
 1232138
 9022720
 9022751
 1336153
 9029158
 1366296
 1366297
 9027765
 9027519