16-7-20
 9080594
 9094263
 9096584
 9101746
 9099575
 9102314
 9104185
 9103410
 9105291
 1321345
 9096954
 9098750
 9096725
 9095099
 9095849
 9101313
 9101363
 9103182
 1321217
 9106230
 1379630
 9087725
 9088420
 9090696
 9091634
 9095219
 9095494
 9097465
 9095365
 9099674
 9101458
 9104564
 9103135
 9104147
 9104532
 9103264
 9105857
 9105367
 9104529
 9104433
 9106051
 9106039
 9106044
 9104954
 9106031
 9103083
 9105586
 9105489
 9103468
 9103501
 9105193
 9105388
 9105395
 9090336
 9092758
 9101440
 9102771
 9105715
 9105379
 9103846
 9105041
 9105183
 9075760
 9078733
 9078738
 9077082
 9082746
 9102655
 9102969
 9094829
 9100003
 9102399
 9101478
 9103438
 9104984
 9106058
 1381347
 9073446
 9075396
 9082700
 9087266
 1358830
 9092716
 9097538
 9096464
 9068257
 9074649
 1321374
 9041880
 9080585
 9083191
 9082424
 9093451
 9095268
 1341394
 9099568
 9100754
 9101916
 9100106
 9100646
 9101813
 9103586
 9105499
 9105602
 9103304
 9105114
 9105670
 9105688
 9106025
 9105106
 9106246
 9104179
 9104646
 9104781
 9105034
 9106084
 9106215
 9103230
 9103251
 9103656
 9103588
 9106016
 9105337
 9104818
 9065182
 9079326
 9082481
 1296444
 9096111
 9101419
 9102586
 9088826
 9089723
 9100203
 9086711
 9088915
 9090311
 1324407
 9098255
 9102465
 9102434
 9100261
 9100765
 9105145
 9105783
 9103587
 9104196
 9096861
 9098367
 9101774
 9102209
 9104601
 9104812
 9084933
 9082534
 9096104
 9096142
 9099301
 9100718
 9101797
 9101484
 1364415
 9103467
 9103855
 9104342
 9104367
 9093905
 1239935
 9094873
 9097935
 1393130
 1321283
 9099184
 9099457
 9083330
 9093712
 9093306
 9093246
 9101858
 9101378
 9101258
 9100297
 9101822
 9105803
 9103568
 9103062
 9104078
 1249086
 9073376
 1272807
 9095468
 9098917
 9099689
 9099292
 9102831
 9106047
 9092384
 9098147
 9106295
 9105780
 9103149
 9104226
 9103626
 9105990
 9103720
 9104068
 9105748
 9105938
 9104438
 9104683
 9105083
 9105718
 9103518
 9102681
 9104033
 9104202
 9105402
 9094690
 9100132
 9101343
 9102567
 1393143
 9103732
 9104043
 9103833
 9106131
 9077083
 9092160
 9092745
 9095004
 9099988
 9101061
 9101978
 9102050
 9102415
 9102229
 9101248
 9101206
 9103534
 9104344
 9104719
 9106105
 9103762
 9104482
 9105886
 9104658
 9105826
 9103985
 9104089
 9104236
 9105477
 9071091
 9085553
 9086113
 9086541
 9085750
 1362518
 1362520
 9088047
 9088162
 9089282
 9090650
 9089981
 9094105
 9096289
 9095684
 9096278
 9098868
 9099874
 9100171
 9100402
 1188088
 9101769
 9103529
 9104268
 9103079
 9103225
 9104510
 9104894
 9105465
 9105446
 9105450
 1293397
 1161665
 9104913
 9103249
 9103631
 9103679
 9091679
 9091120
 9091193
 9094550
 0978780
 9100855
 9100801
 9100388
 9100722
 9101890
 9101655
 9099758
 9101942
 9102569
 9099849
 1328297
 9100843
 9101828
 0964839
 9105372
 9105991
 9103627
 1163500
 9103728
 9044484
 9085227
 9092921
 9097000
 9096176
 9096449
 9097155
 9096194
 9096361
 1354923
 9099797
 9100125
 1304567
 9099705
 9102659
 9104793
 9103241
 9105180
 9102917
 1223814
 9103430
 9103029
 9104946
 9103168
 9103727
 9104506
 9105110
 9104282
 9105182
 9103843
 9103983
 9104678
 9105939
 9105190
 9105474
 9103183
 9103570
 9104454
 9106110
 9103940
 9104591
 9106276
 9102913
 9103652
 9104530
 9103250
 9103444
 9063349
 9070995
 9091879
 9090453
 1321256
 9090101
 9095017
 9097040
 9098383
 9101807
 9102510
 9099120
 9100319
 9099562
 9102470
 9101594
 9101382
 9101340
 9102328
 9102552
 9102578
 9105574
 9105593
 9103902
 9105620
 9105731
 9105789
 9104518
 9104388
 9103146
 9106117
 9036780
 9038608
 9037844
 9045715
 9059645
 1390841
 9086716
 9098873
 1223815
 9104764
 1321032
 9098698
 9079709
 9086444
 9099140
 9099278
 9101456
 9102580
 9103687
 9077006
 9088996
 1324437
 9096755
 9096839
 9096394
 9100639
 9101399
 9102334
 9101307
 9099414
 9102106
 9105687
 9103592
 9105958
 9077929
 9084847
 9093390
 9098579
 9100806
 9100515
 1366899
 9103488
 9104596
 9104291
 9105690
 9105711
 9104086
 9102654
 1249087
 9103515
 9105556
 9081254
 9081443
 9085412
 9093724
 9092874
 9093294
 9092662
 9098659
 9097173
 9097735
 9096210
 9099830
 9099833
 9100851
 9099724
 9099571
 9101830
 9099731
 9100734
 9102584
 9099227
 9103750
 9103551
 9104742
 9105630
 9103927
 9104732
 9104025
 9104959
 9087227
 1297929
 9093261
 9095090
 9095915
 9098106
 9099391
 9100705
 1188093
 9099653
 9102967
 9103295
 9103311
 9106038
 9105342
 9102859
 9105648
 9105988
 9102782
 9104971
 9105464
 9105380
 9104011
 1160407
 1160426
 1160400
 9103760
 9105360
 9104276
 9070535
 9086308
 9086618
 9089469
 9095034
 1176314
 1115669
 1165964
 9099593
 9100484
 1188086
 9100833
 9102595
 9100404
 9101070
 9083817
 9086797
 1321324
 9085274
 9093097
 9098222
 9097897
 9096601
 9098362
 9099756
 9099924
 9100037
 9099551
 9100618
 9101104
 9101251
 9101936
 9100130
 9099446
 9101005
 9102071
 9099422
 9100670
 9104443
 9103150
 9103227
 9103784
 9103787
 9104414
 9104782
 9105567
 9105588
 9105720
 9105796
 9106208
 9104235
 9106068
 9104711
 9103766
 9103057
 9103192
 9104896
 9105365
 9105608
 9106231
 9104183
 9105579
 9104245
 9104839
 9104417
 9102022
 9097590
 9081748
 9085090
 9089902
 9094910
 9099936
 9103739
 9103745
 9104661
 9105356
 9106055
 9103436
 9103619
 9103628
 9103634
 9104696
 9104548
 9104261
 9103066
 9104198
 9105817
 9105600
 9103476
 9103872
 9104277
 9104952
 9105144
 9105640
 9106048
 9105742
 9104055
 9103034
 9103159
 9104375
 9105050
 9106046
 9103993
 9105505
 9068297
 1322378
 1321320
 1321350
 1321267
 1321269
 1321294
 9102245
 9099242
 9099429
 9100741
 9101639
 9105832
 9103442
 9103503
 9104869
 9105763
 9104497
 9105080
 9103537
 9104716
 9089915
 9099683
 9084877
 9088577
 1322164
 1322168
 9102002
 1382793
 9102575
 9093756
 9097952
 9097305
 9097357
 9100116
 9101400
 9099880
 9099276
 9102792
 9103088
 9103131
 9105329
 9105094
 9105251
 9105935
 9103349
 9104166
 1239951
 9102989
 9104046
 9104702
 9105614
 9105664
 9105828
 9104617
 9106052
 9103223
 9104659
 9105496
 9102959
 9105089
 9105437
 9104217
 9104316
 9103783
 9104919
 9104410
 9103546
 9105986
 9104968
 1243701
 9103439
 9105038
 9103622
 1249085
 1249084
 1196934
 9105323
 9096919
 9098793
 9099590
 9102095
 9104044
 9104527
 9104635
 9106250
 1239956
 9103569
 9103842
 9100601
 9099260
 9101500
 9100091
 9100137
 9104671
 9105747
 9105881
 9104570
 9105378
 9103535
 9104575
 9104121
 9098865
 9105432
 9088314
 9095060
 9097171
 1240014
 9101994
 9102548
 9101154
 9100689
 9100477
 9102092
 9094277
 9098227
 9096182
 9097767
 9101180
 9099430
 9102214
 9102531
 9105383
 9105919
 9106106
 1188196
 1297696
 9072776
 0964899
 9094704
 9095435
 9097446
 9100711
 9102329
 9099353
 9099573
 9099925
 9099089
 9100735
 9100411
 9101426
 9100346
 9105536
 9105261
 9103753
 9105844
 9105852
 9103554
 9103308
 9103200
 9104609
 9104561
 9103989
 9103998
 9079053
 9085656
 1176308
 9098814
 9099863
 9100102
 9077576
 9091275
 1304548
 9090449
 9094218
 9097209
 9097434
 9097887
 1354924
 9099591
 9100272
 9103108
 9104336
 9104452
 9105122
 9106053
 9103581
 9105549
 9105348
 9104955
 9104579
 9103263
 9104041
 9102685
 9101790
 9106090
 9105120
 9105545
 9069536
 9092370
 9094615
 9098564
 1322167
 9096103
 9096608
 9096032
 9105665
 9103706
 9102706
 9105997
 9103294
 9105650
 9105689
 1393153
 9104394
 9103804
 9104938
 9099547
 9101549
 9103253
 9104256
 9105350
 9104085
 9105225
 9103994
 9104832
 9105503
 9103725
 9104177
 9105501
 9068987
 9076750
 9084000
 9083635
 9087706
 9091271
 9089213
 9093071
 9095608
 9095857
 9096921
 9097776
 9095824
 9096272
 9096494
 9098085
 9098290
 9095986
 9096721
 9097036
 9098586
 9097634
 9102016
 9100451
 9101249
 9102386
 1240355
 9100702
 9101304
 9101341
 9103828
 9104485
 9105483
 9105118
 9105153
 9105692
 9103045
 9092373
 9094936
 9095575
 9096190
 9098843
 9101465
 9091428
 9093074
 9092816
 1393135
 9096229
 9099841
 9102417
 9099467
 9102036
 9102047
 9099407
 9099418
 9105559
 1223818
 9105993
 9104333
 9104340
 9103691
 9104402
 9105646
 9103479
 1332903
 9097642
 9105560
 9105024
 9103813
 9071412
 9071875
 9086740
 9090064
 9090353
 9089036
 9091295
 1115689
 9097822
 9105091
 9102860
 9063277
 9069243
 9078086
 9083746
 9083670
 9090350
 9089064
 9090801
 9090382
 9090414
 9091485
 9093175
 9097863
 9098308
 9095919
 9096341
 9095506
 9097909
 9094754
 9095420
 9100374
 9101765
 9100649
 9100764
 9100926
 9101519
 1393148
 9102202
 9100177
 9100436
 1222252
 9105953
 9103526
 9104348
 9105806
 9105890
 9105927
 9103572
 9103695
 9102798
 9104449
 9105000
 9104746
 9106069
 1393156
 9105023
 9104364
 9104163
 9105044
 9104339
 9103293
 9103310
 9102932
 9095636
 9096471
 9096559
 9100170
 9100609
 9102412
 9099696
 1321203
 9106233
 1243704
 8888022
 9016817
 9088697
 9095546
 9099821
 9103808
 9103558
 9089512
 9089599
 9090908
 9093203
 9096273
 9099421
 1366711
 9102888
 1011967
 9102743
