16-7-21
 9094912
 1188087
 1176328
 9100155
 9083711
 1161731
 1161733
 9095797
 9105223
 9102033
 9103003
 9104823
 9108431
 9106895
 9107297
 9109162
 9109929
 9107830
 9109533
 9108962
 9107795
 9106733
 1160431
 9107905
 9108361
 9108211
 9082754
 9105088
 9098805
 9089027
 9095515
 9101709
 9102657
 9105033
 9108277
 1239802
 9080280
 9096297
 9096834
 9097295
 9101471
 9072766
 9073823
 0964832
 9081428
 9083965
 1321322
 9098257
 9084939
 9087854
 1304568
 9088277
 1393096
 1393102
 1393112
 1393120
 9096203
 9099681
 1393140
 9102542
 9106153
 9105537
 9105096
 9106509
 9107745
 9109890
 9107232
 9108291
 9109161
 9109288
 9109444
 9106807
 9107368
 9107747
 9108669
 9109592
 1393158
 9106727
 9109109
 9107338
 9108868
 9108886
 1249821
 9107317
 9107554
 9107787
 9094537
 9095487
 9099722
 9100946
 9099645
 9105907
 9108089
 9108911
 9079387
 9082626
 9091012
 1324435
 9096590
 9096562
 9096567
 9096570
 9102120
 9102432
 9100306
 9101504
 9101103
 9104808
 9105755
 9104717
 9106007
 9105999
 9104153
 9103246
 9108808
 9108397
 9108552
 9109476
 9109495
 9107651
 9107350
 9108979
 9108024
 9109768
 9109501
 9108953
 1161742
 9088603
 9095706
 9095459
 9101768
 9099520
 9097643
 9101653
 9072623
 1362497
 9104857
 9106951
 9082872
 9090491
 9099290
 9099582
 9104349
 9105428
 9106221
 9109475
 9108419
 9107794
 9108861
 9108047
 9108206
 9106914
 1160438
 1160487
 9078237
 1321375
 9085511
 1321327
 9098398
 9103673
 9103575
 9106132
 9105721
 9097730
 9099739
 9105533
 9106024
 9104280
 9104768
 9105739
 9103460
 9102858
 9108032
 9108706
 9107192
 9107243
 9108143
 9108202
 1176868
 9109164
 9107063
 9107945
 9108841
 9103141
 9105436
 9086410
 9100871
 9104428
 9102955
 9105725
 9105506
 9106358
 9109423
 9109609
 9108066
 9107670
 9108589
 9108632
 9106954
 1176858
 9109324
 9098756
 9100496
 9103103
 9107506
 9108848
 9108721
 9106356
 9107439
 9108021
 9108516
 9067225
 9097980
 9102388
 1354931
 1188096
 9102590
 9100227
 9103502
 9105702
 9105072
 9105992
 9105162
 9103481
 9107305
 9095428
 9100071
 9100709
 9101342
 9099646
 9099940
 9105914
 9108945
 9108246
 9106848
 9107872
 1354828
 9098245
 1331417
 9101818
 9105653
 9105610
 9103579
 9105589
 9104643
 1393155
 9103773
 9107053
 9106621
 9109606
 9107074
 9107300
 9109405
 9107422
 1393160
 9106964
 9108794
 9107151
 1126997
 9103337
 9077974
 9080994
 9082823
 9086780
 9095351
 1160351
 9082739
 9089920
 9094474
 9097223
 9101524
 9104558
 9105018
 1358678
 9092338
 9099364
 9099693
 9104565
 9103900
 9077501
 9094932
 9098251
 9101923
 9099986
 9104727
 9105240
 9105312
 9105654
 9104907
 9105893
 9105756
 9108176
 9109564
 9108279
 9109668
 9108416
 9109835
 9109936
 9108128
 9109772
 9109794
 9108447
 9109923
 9094297
 9107308
 9107571
 9107587
 9107599
 9107606
 9108354
 9108515
 9109963
 9109965
 9109970
 9106713
 9107934
 9109089
 9106581
 9107008
 9107020
 1176867
 9109053
 9108759
 9109350
 9106598
 9104487
 9105170
 9102703
 9103380
 9108544
 9107886
 9108950
 9108815
 9106717
 9108496
 9107111
 9107826
 9105233
 9081846
 9093319
 8991917
 9047816
 1341680
 9054148
 9054707
 9056081
 9058070
 1321078
 9103305
 9104313
 9103870
 9094888
 9100986
 9102086
 9102207
 9100238
 9099297
 1223817
 9104305
 9104729
 9105398
 9106595
 9110035
 9106675
 9107722
 9108178
 9108986
 9107441
 9109060
 9107274
 9106412
 9109793
 1393150
 9109439
 9108873
 9106987
 9107536
 9106874
 9109662
 9106828
 9108171
 1249089
 9107117
 9090419
 9094567
 9102165
 9100495
 9105901
 9102934
 9109548
 9108580
 9109808
 9107446
 9107929
 9109770
 9107868
 9109408
 9109352
 9092389
 1176306
 9106304
 9082628
 1321310
 9094535
 9095758
 1376674
 9098801
 9098867
 9076305
 9094879
 9105771
 9105961
 9103759
 9109525
 9109964
 9108266
 9107732
 9109796
 1160454
 9108509
 9109179
 9081440
 9100598
 9102666
 9102670
 9109168
 9106678
 9108040
 9107081
 9109829
 9099219
 9107206
 9106748
 9075429
 9082794
 9091238
 1351032
 9096331
 9095363
 1176305
 9098113
 1339917
 9102161
 9102076
 9100453
 9101099
 9101315
 9102290
 9101374
 9105371
 9104739
 9105671
 1223813
 9105338
 9105324
 9103485
 9104207
 9106116
 9106092
 9105346
 9105314
 9104833
 9105781
 9084525
 9085428
 1332940
 9094153
 9095937
 9099506
 9101396
 9101501
 1165970
 9101785
 9103639
 9103560
 9102953
 9105026
 9105136
 9107099
 9107240
 9108281
 9108525
 9109255
 9085232
 9087409
 9089678
 9096798
 9099494
 9099781
 9105165
 9108198
 9106527
 9108355
 9093018
 9095191
 9101948
 9103280
 9108555
 1368759
 9104241
 1393104
 9088834
 9093797
 9092840
 1161728
 9098057
 9095199
 9095838
 9102196
 1341498
 9105319
 9105659
 9103611
 9104536
 9105213
 9104930
 9109336
 9107582
 9108797
 9109329
 9109743
 9109132
 9109880
 9109897
 9106614
 9108451
 9107902
 9108337
 9108186
 9108332
 9107823
 9108236
 9108077
 9107564
 1160433
 9106900
 9107221
 9107992
 9106474
 9107545
 9107878
 9107780
 9108667
