16-7-22
 9073190
 9090424
 9103890
 9104302
 1393154
 1161667
 9108913
 9080884
 9109591
 9108483
 9108497
 9108417
 9109557
 9109639
 9107664
 9109227
 9107042
 9107197
 9101587
 9103123
 9105682
 9106159
 9108094
 9107131
 9103443
 9104432
 9098434
 9091234
 9097490
 9097007
 9097021
 9097037
 9100136
 9104048
 1357713
 9107754
 9108522
 9100198
 9109305
 9108607
 9109827
 9075471
 9082266
 9085871
 9094954
 9096621
 9102390
 9099741
 9099531
 9101902
 9104182
 9104766
 9104927
 9107051
 9108517
 9109617
 9109653
 9109727
 9107316
 9106949
 1393132
 1393151
 9107447
 9107452
 9108562
 9108946
 9107730
 9072319
 9098890
 9101459
 9100316
 9104382
 9107029
 9108241
 9109658
 9098191
 9100139
 9099516
 9099368
 9099628
 1191802
 9105053
 9107476
 9107575
 1310926
 9102656
 1362236
 1362250
 9096592
 9094843
 9105740
 9104019
 9108466
 9109418
 9108498
 9107889
 1249095
 9096529
 9098666
 9104138
 9108616
 9109215
 9107661
 1176863
 9107520
 9107325
 9110590
 9100729
 1393131
 1393144
 9106061
 9109635
 9081371
 9085566
 9085704
 9087007
 9095055
 1160789
 9103774
 9103671
 9106006
 9102975
 9106288
 9102947
 9107437
 9106661
 9107347
 9107035
 9109574
 9078548
 9081222
 9090900
 9091329
 9096769
 9096077
 9099371
 9102515
 9099973
 9102365
 9100298
 9105713
 9102929
 9102736
 9103715
 9105801
 9105778
 9108715
 1351051
 1223832
 9107590
 9107524
 9108368
 9108139
 9109678
 9109458
 9107597
 9109196
 9105290
 9052358
 9091258
 1362549
 9099498
 9099659
 9103662
 9104453
 9105040
 9106112
 9103676
 9105420
 9106011
 9108697
 9106899
 9108579
 9108828
 9096253
 9102472
 1176327
 9101932
 9106294
 9102937
 9102940
 9103291
 9104338
 9104679
 9109299
 1223831
 9106757
 9106911
 9107576
 9108560
 9108624
 9109503
 9109810
 1176851
 1176869
 1176871
 9108425
 9109136
 9107193
 9107768
 9109372
 9109401
 9109720
 9106994
 9109104
 1249816
 9106667
 1390889
 9078613
 9081247
 9089191
 9100129
 9109313
 9108703
 9107425
 9109066
 9107779
 1161749
 9107284
 9019945
 1324567
 9097573
 9099103
 1176318
 9101599
 9103767
 9103354
 9107951
 9107906
 9109108
 9109530
 1176852
 9072322
 9084120
 9088592
 1321319
 1321258
 9089012
 9094541
 9095987
 9097769
 9098841
 9099992
 9100069
 9096012
 9103244
 9106653
 9107180
 1321026
 9082390
 9083963
 9090515
 9091743
 1321096
 9099270
 9101894
 9100839
 9104948
 9104969
 9103054
 9104738
 9108420
 1223833
 9107033
 9107494
 1310924
 1160455
 9106632
 9108191
 9108764
 9107205
 1366706
 9103126
 9109269
 9107356
 9109398
 9080186
 9095995
 9096011
 9095082
 9100270
 9103964
 9104810
 9073770
 9092365
 9098835
 9102203
 9099508
 9104397
 9104525
 9105458
 9104889
 9107264
 9109623
 9107887
 9109536
 9083583
 9094240
 9104705
 9105173
 9106036
 1322301
 9105515
 9105625
 9105047
 9105564
 9103852
 9103644
 9106642
 9108341
 9109015
 9109734
 1223830
 9107731
 9108477
 9109303
 9108099
 9109710
 1176866
 9106849
 9108126
 9108592
 9109462
 9109638
 9086992
 9088203
 9102128
 9103403
 9107806
 9108112
 9108925
 9107326
 9109691
 9106526
 9106868
 9107416
 9108306
 9108327
 9108574
 9108666
 9109069
 9109271
 9109472
 9108725
 9107105
 9107573
 1176865
 9107377
 9108446
 1321227
 9107194
 9109392
 9106761
 9108833
 9110044
 9105109
 9104526
 9103391
 9106735
 9106532
 9108308
 1321430
 1321024
 1308155
 9085492
 9102343
 9099477
 1176320
 1188091
 9100407
 9102535
 1321097
 1321098
 9099453
 1321100
 9109524
 9107749
 9109508
 1321038
 9088458
 9091267
 9094991
 9103605
 9103279
 9103930
 9103420
 9109320
 9109783
 9109791
 9107557
 9108990
 9107641
 9109731
 9109038
 9106952
 9109025
 9107580
 9109192
 9106838
 9107031
 9107279
 9107290
 9107952
 9110742
 1322395
 9110858
 9110395
 9110084
 9110734
 9110785
 9110300
 9110733
 9110086
 9078819
 9089038
 9090095
 9091817
 9090054
 9088928
 9089814
 9090175
 9092164
 9091708
 1297930
 9090950
 9092359
 9091914
 9093674
 9093992
 9092743
 9094408
 9094130
 1324436
 9096257
 9100503
 9101951
 9102248
 1160788
 9103717
 9104792
 9105410
 9105415
 9104878
 9104892
 9105304
 9103601
 9104265
 9077495
 9089746
 9099111
 9101012
 9103583
 9102912
 9105730
 9105762
 9103089
 9103675
 9103879
 9106426
 9109321
 9108311
 9109680
 9108060
 9108975
 9106320
 9106309
 9108804
 1294038
 9047722
 9051464
 9051181
 9053123
 9057505
 9069020
 9075770
 9076138
 9075618
 9078883
 9079960
 1272835
 9077556
 9077385
 9077068
 9078052
 9078467
 9081851
 9085546
 9087060
 1323660
 1014535
 9088407
 9089385
 9089170
 9089745
 1323714
 9090771
 9091315
 9089939
 9089880
 9089714
 9089713
 9091516
 9090975
 9093391
 9093079
 9093084
 9093254
 9094108
 9092811
 9093201
 9092715
 9092661
 9093283
 9096765
 9098519
 1341376
 9096468
 9098647
 9094610
 9095657
 1291428
 9097053
 1376680
 9100889
 9099073
 9100053
 9100668
 9098967
 9103145
 9104473
 9105482
 9105976
 9106056
 9104502
 9105457
 9103301
 9103351
 1160404
 1160421
 1321033
 9103830
 1243703
 9109052
 9109504
 9108689
 1160459
 9108726
 9078942
 9084440
 9088558
 9094554
 9103607
 9104734
 1341269
 9094183
 1373508
 9106042
 9109856
 9107655
 9108512
 9108234
 9102559
 9107012
 0978761
 9099423
 9108970
 9108384
 9107017
 9107699
 9106930
 9108771
 9106937
 9108531
 9107449
 9107710
 9109113
 9082488
 9092208
 9096114
 9096041
 9096495
 9096520
 9097572
 9098343
 9100693
 9100954
 9099561
 1373521
 9101579
 1304565
 9099161
 9104514
 9105364
 1160425
 9107762
 9108316
 9108520
 9108652
 1354948
 9109259
 9109843
 9109968
 9109284
 9109436
 9107518
 9109643
 9109786
 9107860
 9107885
 9108019
 9108645
 9109422
 9109858
 9107115
 9109141
 9109507
 1393081
 1393103
 9092845
 9108981
 9107803
 9107122
 9104787
 9108424
 9109558
 1236930
 1328423
 1332484
 9101852
 9099598
 9100893
 9103545
 9103287
 9107200
 9107694
 9108216
 9108712
 9106520
 9107917
 1368702
 1321380
 1321391
 9090313
 9093545
 9094256
 9093909
 9099982
 9099565
 9103864
 9105791
 9105601
 9108114
 9108867
 9107097
 9107927
 1393162
 9107681
 9106648
 9107939
 9097811
 9097819
 9103859
 9107469
 9109165
 9109274
 9110919
 9110587
 9074371
 9078347
 9095377
 9097686
 9103768
 9103764
 9102973
 1223824
 9107381
 9107689
 9087376
 9093471
 9109234
 9107814
 9110039
