16-7-23
 9081425
 1161727
 9098653
 1161668
 9106794
 9108902
 1161745
 1393165
 9112458
 9112495
 1191869
 9111098
 9111461
 9109028
 9108639
 9057946
 9063667
 9068888
 9071674
 9077717
 9080037
 9088839
 9092975
 9093734
 9097489
 9101910
 9104296
 9103911
 9109679
 9108288
 9107427
 9109767
 9106423
 9108209
 9108992
 1160326
 9109485
 9107076
 9109202
 9110918
 9110843
 9110085
 9110308
 9110792
 9113853
 9113935
 9114166
 9111417
 9112917
 9113805
 9113953
 9114001
 9111577
 9113091
 9113146
 9112753
 9113921
 9113621
 9114045
 9111584
 9111932
 9113402
 9111136
 9113102
 1196958
 1254937
 9102005
 9113447
 9113826
 9112664
 9101793
 9110415
 9110254
 9112345
 9112283
 9111772
 9084860
 1366871
 9081319
 9097608
 9108519
 1165954
 9081200
 9084016
 9087715
 9093287
 1115668
 9104864
 9102785
 9110087
 9090114
 9109729
 9110722
 9112830
 9112341
 9112239
 1372473
 9108405
 9090041
 9095958
 9101214
 9102017
 9104693
 9105770
 9102690
 9103110
 9104916
 9107822
 9098859
 9098870
 9104605
 9107473
 9110008
 9105753
 9074808
 9088562
 9095875
 9102216
 9099485
 9102762
 9106616
 9106441
 9109252
 9109659
 9109863
 9108739
 9110123
 9110820
 9110758
 9110877
 9110259
 9110721
 9110723
 9110430
 9110989
 9110762
 9110813
 9110268
 9114276
 9111514
 9113162
 9111304
 9111874
 9113285
 9111872
 9112871
 9113978
 9114405
 9113104
 9111525
 9111829
 9112937
 9111640
 9112672
 9113545
 9113830
 9113934
 9112227
 9112294
 9092270
 9094533
 9102191
 9100772
 9100813
 9099514
 9099109
 9105529
 9105679
 9109002
 9107820
 9102560
 9104312
 9110005
 9110038
 9107118
 9111010
 9075948
 9078967
 9080197
 9082605
 9083950
 9082024
 9083878
 9088232
 9086068
 9089686
 9091513
 9090189
 9092826
 9098453
 1368767
 9096553
 9101938
 9099340
 1160794
 1359408
 9105273
 9106003
 9104760
 9105400
 9105996
 9108959
 9107499
 9107943
 9108976
 9109149
 9109566
 1176856
 9109721
 9108708
 9107496
 9110543
 1390893
 9111977
 9113673
 9113410
 9083198
 9094144
 9083407
 9081812
 9096967
 9097745
 9097803
 9104134
 9104501
 9102901
 9108300
 9108377
 9110893
 9111947
 9112958
 9114019
 9112337
 9114214
 9096545
 9101170
 9103433
 9104943
 1223837
 9106566
 9107867
 9109429
 9107019
 9109792
 9106839
 9110817
 9110407
 9110332
 9110371
 9114033
 9112047
 9112665
 1358287
 9111216
 9111217
 1357762
 9112326
 9113073
 9112383
 9112402
 9114440
 9111674
 9112976
 9099337
 9100100
 1393149
 9094631
 9108633
 9108269
 1115700
 9110972
 9110906
 9110677
 9110420
 9110117
 1249826
 1249096
 9113280
 9113852
 9111379
 9111812
 9113307
 9113387
 9114112
 9111942
 9112392
 9111071
 9112590
 9112049
 9111423
 9111270
 9111691
 9112929
 9073635
 9097387
 9108626
 9098871
 9103090
 9103838
 9105509
 9108326
 1176862
 9110006
 9110859
 9112834
 1191817
 9113702
 9111406
 9112170
 9113292
 9114376
 9114391
 9112236
 9112602
 9111350
 9111955
 9109403
 9108678
 9110894
 1393166
 9087505
 9086232
 9096090
 9104160
 9103009
 9105472
 9106299
 9107323
 9110878
 9110719
 9110392
 1294034
 9110599
 9110621
 9111650
 9112849
 1366745
 9111850
 9113012
 9113203
 9114188
 9112952
 9097742
 9098421
 1366826
 9095422
 9106113
 9107039
 1176329
 9111820
 9111837
 9113395
 9113443
 9113453
 9113624
 9114395
 9112421
 9112552
 9112527
 9113149
 9111713
 9112481
 9114195
 9082285
 9091033
 9108767
 1297937
 9089632
 9090509
 1359289
 9091461
 9097764
 9097838
 9100723
 9101885
 9106032
 9105694
 9106737
 9106685
 9107344
 9108165
 1359438
 9107362
 9110417
 9110355
 9110661
 9113536
 1191872
 9112690
 1331435
 1160517
 9078415
 1361483
 9097595
 9097517
 9097994
 9101064
 9102538
 9103036
 9103548
 9104494
 9105405
 9109393
 9108857
 9108028
 9107016
 9110709
 9110482
 9113168
 9112052
 9112400
 9114294
 9113454
 9112303
 9111810
 9113601
 9113063
 9112318
 9112343
 9113843
 9111490
 9112078
 9113488
 9111301
 9112115
 9112500
 9111250
 9114251
 9114213
 9112628
 9111635
 9112081
 9112658
 9112761
 9112847
 9113876
 9111485
 9111900
 9112497
 9095027
 9102876
 9104538
 1321216
 9107799
 9109412
 1358275
 9109159
 9108087
 9110922
 9110923
 9110667
 9110460
 9110988
 9110636
 9111008
 9114248
 9113053
 1393180
 9113231
 1351004
 9079340
 1252614
 9111614
 9113103
 9071143
 9075024
 9092374
 9102591
 9108188
 9109407
 9110908
 9110699
 9112675
 9113112
 9113983
 9105792
 9044620
 9084134
 9082805
 9083054
 9087741
 9096083
 9095087
 9101082
 9100781
 9099223
 9108655
 9108223
 9106862
 9107495
 9108809
 9109921
 9110265
 1321244
 9113476
 9113498
 9113047
 9112426
 9113181
 1321174
 1254938
 1366844
 9103844
 1160402
 9107493
 1354949
 1176873
 9108526
 9107916
 9107322
 9111811
 1191822
 9111830
 9111824
 1366748
 1366740
 1366750
 9112762
 9075649
 9099299
 9107485
 9109355
 9106873
 9109172
 9109317
 9107944
 9108582
 1249093
 1249090
 9110775
 9110098
 9071215
 9087556
 9089984
 9094155
 9093218
 9094540
 9097975
 9102206
 9100080
 9102549
 9102574
 9103001
 9105177
 9105858
 9103632
 9105699
 9105628
 9102701
 9103100
 9103960
 9108630
 9107528
 9106649
 1176854
 9109119
 9109511
 9108676
 9107364
 9109353
 9109265
 9108872
 9110292
 1188863
 8980335
 8984475
 9060270
 9069666
 1188062
 1297511
 9091582
 9100534
 9110646
 9113150
 9090467
 9094106
 9093385
 1165968
 1223816
 9105492
 9102748
 9106082
 9104509
 9104789
 9108571
 9109450
 9106744
 9110781
 9110604
 9110614
 9110555
 9113462
 9112009
 9112488
 9112948
 9114172
 9111681
 9090422
 9091747
 9088950
 9094304
 9092751
 9098413
 1321092
 9094922
 9094671
 9100912
 9100511
 9100246
 9102083
 9099330
 9103404
 9106147
 1160424
 9104188
 9107543
 9107567
 9108683
 9109774
 9109920
 9109260
 9109334
 9109432
 9107550
 9109976
 9107854
 9107863
 9108228
 9107565
 9109535
 9107106
 9106973
 9110126
 9110920
 1322397
 1191851
 9110594
 9110875
 9110715
 1294044
 9110802
 9114215
 9111308
 9112478
 9112486
 9112161
 9112545
 9112957
 9113660
 9112019
 9112033
 9112036
 9114028
 9112652
 9113025
 9113404
 9113691
 9113923
 9113313
 1379268
 9112385
 9113653
 9114337
 1160505
 9111744
 9114470
 9112639
 9093428
 9096354
 9100354
 9100840
 9099474
 9099481
 9110034
 9091707
 9090212
 9090221
 1382794
 9107963
 9106880
 9108183
 9110740
 9110405
 9110617
 9110447
 9110601
 9110623
 9110273
 9114502
 9114504
 9113229
 9111506
 9112296
 9112441
 9112492
 9112778
 9113379
 9112876
 1243709
 9112006
 9112813
 9112502
 9099377
 9110726
 9111267
 9112218
 9112514
 9114246
 9113196
 9113758
 9112920
 9112041
 9112457
 9093822
 9104174
 9104308
 9105369
 9104064
 9108929
 9108934
 9109013
 1176874
 9109156
 9109347
 9110970
 9110462
 9111794
 9113868
 9113122
 9089689
 9097707
 9099475
 9104321
 9105476
 9105555
 9103313
 9103322
 9109563
 9107091
 9107371
 9109399
 9107006
 9099334
 9099178
 9105399
 9106266
 9108398
 9108988
 9108125
 9110441
 9110932
 1191863
 9110356
 9111120
 1332834
 9113272
 9112209
 9112723
 9113206
 9113836
 9113932
 9113167
 9111995
 9112992
 9113829
 9111743
 9111684
 9112760
 9113297
 9113895
 9114079
 9112245
 9112933
 9114343
 9114462
 9114489
 9113316
 9113058
 9077313
 9087545
 9095008
 9096237
 9098845
 9098182
 9100631
 9102333
 9107948
 9107991
 9110837
 9110931
 9110435
 9113672
 9112284
 9112804
 9113625
 9114043
 9111863
 9113800
 9113617
 9113973
 9111415
 9112949
 9111894
 9112784
 9114085
 9097842
 9105375
 9102944
 1161666
 1223836
 9108881
 9109799
 9107273
 9108627
 9106690
 9108250
 9106531
 9109547
 9109798
 1176855
 1176861
 9107207
 9107516
 9106852
 9106990
 1161741
 9110738
 9110663
 9110486
 9112915
 9112301
 9113568
 9099208
 9102658
 9105846
 9106235
 9104553
 9107419
 1321153
 9104631
 9109740
 9110711
 9112182
 9112415
 9113985
 9113999
 9114277
 9113322
 9090371
 9106181
 9104022
 9104986
 9105039
 9102910
 9105131
 9109599
 9107687
 9107669
 9107144
 9109716
 1160456
 9109291
 9107312
 1328422
 9106662
 9108752
 9110712
 9110986
 9111923
 1243247
 9075965
 9081473
 9084059
 9081806
 9092434
 9099321
 9099417
 9099574
 9099230
 9100205
 9103158
 9103383
 9103386
 9104093
 9106784
 9109021
 9109730
 9107595
 9107684
 9107804
 9110915
 9110136
 9110705
 9110418
 9110455
 9111351
 1341074
 1323745
 9112805
 9112459
 9113715
 9112687
 9113218
 9111050
 9112029
 9103474
 9109150
 9089698
 9099684
 9105423
 9106872
 1393159
 9106556
 9110921
 9110669
 9110120
 1393164
 9112671
 9114296
 9111557
 9112390
 9111745
 9065036
 9078810
 9082093
 9082826
 9082556
 9089778
 9094402
 9095419
 9098376
 9102551
 1223750
 9100234
 1188099
 1366846
 9103463
 9105481
 1010058
 9103887
 9104244
 9105093
 9108732
 1115692
 9108772
 9109351
 9106366
 9107855
 1161739
 9107429
 1115698
 9110924
 9110558
 9110595
 9110521
 9113312
 9113762
 1191874
 1191875
 9111783
 9112735
 9111845
 9113038
 9113552
 9112015
 9064619
 9074151
 9084936
 9090803
 9092035
 9089966
 1332944
 9094198
 9096821
 9097398
 9101703
 9102492
 9102217
 9100460
 9102337
 9104740
 9105873
 9103362
 9104350
 9105449
 9106997
 9108511
 9108939
 9106553
 9109447
 9110281
 9110289
 9110973
 9110550
 9110863
 9110519
 9111910
 9112444
 9113129
 9113509
 9113756
 9111809
 9113455
 9113186
 9114153
 9114120
 9114171
 9111070
 9111852
 9111919
 9113865
 9113382
 9112173
 9112808
 9112978
 9114032
 9112465
 9077894
 9093145
 1354941
 9100858
 9103312
 9103776
 9108773
 9109946
 9107150
 9107831
 9107825
 9110761
 9110666
 9110678
 9110682
 1294035
 1393163
 9114269
 9111212
 9113675
 9113946
 9113374
 9111527
 9114438
 9113329
 9102360
 9109481
 9112944
 1236946
 1236938
 9107166
 9081863
 9091522
 9097149
 9102717
 1160419
 9104578
 9105568
 9108850
 9108878
 9109554
 9108314
 9107022
 9109048
 1160492
 9107299
 9108619
 1249094
 0964842
 0964843
 9110896
 9110284
 9110725
 9110933
 9110935
 1393168
 9110780
 9110544
 9111708
 9112574
 9112591
 9113092
 9114250
 9114010
 9112655
 9111513
 9111583
 9113833
 9113127
 9113954
 9114408
 9114335
 1358209
 9112088
 9112539
 9112686
 1393179
 1393184
 9112770
 9113108
 9111302
 9111687
 9111933
 9111950
 9112013
 9112721
 9111721
 9111130
 9112608
 9114055
 9114052
 9095144
 9095328
 9097141
 9098662
 9098139
 9099166
 9102410
 9105524
 9109001
 1365803
 1365804
 9114315
 9111479
 9113671
 9113958
 9113886
 9113905
 9038986
 9057076
 9063372
 9067223
 9087087
 9089394
 9099515
 9103153
 9107544
 9107843
 1358266
 9111296
 9113861
 9113259
 1358750
 9110736
 9114503
 9112843
 9112051
 9111562
 9112743
 9113401
