16-7-25
 1161734
 1176853
 9109086
 9063885
 9068593
 9100138
 9102683
 9105733
 9103967
 9106473
 9109541
 9110944
 9111741
 9112508
 1161209
 9116259
 9116678
 9117701
 0978963
 9111085
 9083227
 9093235
 9099709
 9106268
 9104080
 9106109
 9105681
 9106275
 9103609
 9106696
 9110202
 9110541
 9111214
 9112809
 1312246
 9112668
 9113784
 9116679
 9116492
 9116734
 9116818
 9117396
 9116841
 9117695
 9114629
 9114717
 9115053
 9116556
 9116855
 9117025
 9115905
 9116283
 9115175
 9116277
 9115783
 9117530
 9117476
 1160525
 9116400
 9117515
 9114621
 9116974
 9116789
 9110809
 9112979
 9116174
 9116295
 9116942
 9113914
 9112827
 9117040
 9116433
 9115518
 9116992
 9116401
 9117267
 9115083
 9115359
 1196967
 1327085
 9104638
 1364312
 9105454
 9085710
 9087886
 1339982
 9089558
 9089197
 9089366
 9089609
 9090099
 9090226
 9088979
 9088986
 9090882
 9092977
 9093911
 9092490
 9092678
 9097075
 9100236
 9100909
 9101179
 9100866
 9105221
 9103059
 9104243
 9106702
 9112903
 9116516
 9075552
 9083560
 9088352
 9087450
 1160352
 9101055
 9103897
 9104178
 1160428
 9106382
 9107981
 9110560
 9110375
 1321232
 1321233
 9110724
 9114307
 9112887
 9111936
 1160515
 9114479
 9112335
 9112756
 9114767
 9116120
 9115049
 9115595
 9115606
 9116215
 9115864
 9116997
 9114696
 9114749
 9116053
 9114658
 1373210
 9115168
 9116192
 9116373
 9116003
 9116325
 9116819
 9115523
 9116666
 9115861
 9117327
 9117510
 9115360
 9115943
 9117119
 9117594
 9117691
 9117720
 9116662
 9072871
 9080626
 9095026
 9102572
 9106267
 9110942
 9110532
 9111006
 9113645
 9117563
 1297860
 9098807
 9107153
 9110695
 1321250
 9105147
 9115841
 9117738
 9117756
 9117757
 9085559
 9085081
 9093028
 9100873
 9103154
 9107828
 9108342
 9107114
 9109036
 9108233
 9110446
 1390890
 9113743
 9112244
 9116179
 9114839
 9114954
 9117502
 9115837
 9101393
 9106223
 9106931
 9110158
 9112945
 9115843
 9116659
 9068512
 9070407
 9072793
 9074986
 9075171
 9077726
 9079503
 1191901
 9112752
 9115984
 9115216
 9115230
 1373214
 9115392
 9117704
 9115653
 9117369
 9100597
 9105016
 9105802
 1321214
 1321218
 9107734
 1310937
 9107701
 9110640
 1321242
 9111482
 9114199
 9107640
 9110789
 9111842
 9112800
 9114065
 1321330
 9088777
 9093563
 9093211
 9092856
 1321266
 1321270
 1321271
 1321279
 9117595
 1358214
 1236895
 9103821
 9107069
 9109696
 9109338
 9110670
 9110748
 1358202
 9112329
 9116619
 9086278
 9085377
 9095950
 9099345
 9113866
 9114349
 9113452
 9111887
 9115084
 9115532
 9116954
 9116982
 1297853
 9115601
 9114773
 9068800
 9074473
 9102213
 9103015
 9104987
 9106176
 9113396
 1393181
 9115960
 9116228
 9115122
 9086828
 9089702
 1160355
 9102545
 9103452
 1160412
 9108535
 9106469
 9109359
 9110840
 9110387
 9111840
 9111848
 9111825
 9111421
 9114810
 9114937
 9115805
 9117224
 9116444
 9116495
 9117332
 9117681
 9117706
 9059220
 9061243
 9068338
 9111404
 9114162
 9115335
 9117484
 9115057
 9115687
 9115198
 9116156
 9116181
 9117080
 9114918
 9116935
 9116000
 9117309
 9117528
 9116719
 9107481
 9110409
 9117258
 9116759
 9060891
 9069824
 9083469
 9084030
 9085818
 9087284
 1304546
 9090193
 9095275
 1160779
 9104379
 9105007
 1160406
 9107893
 9106854
 9107030
 9110536
 9113232
 9113661
 9113323
 9112705
 9112611
 9113406
 9114063
 9112066
 9112319
 9112333
 9117254
 9116496
 1297856
 9115778
 9117015
 9115263
 9116091
 9105339
 9106740
 1223846
 9110437
 9114241
 9116581
 9115472
 9116236
 9116221
 9117136
 9117249
 9114919
 9116387
 9115542
 9116795
 9117774
 9114854
 9114986
 9115367
 9115643
 9116629
 9117613
 1382717
 9116958
 9116817
 9115348
 9115573
 9116224
 9070121
 9076846
 9090470
 9089251
 9099771
 9099777
 9099587
 9104665
 9107064
 9107489
 9110690
 9112515
 9112365
 9112926
 9114106
 9113198
 9113321
 9114345
 9114419
 9112765
 9111306
 9114494
 9116210
 9115976
 9054140
 9056918
 9056330
 9059818
 9068366
 1312690
 9071438
 9080052
 1223845
 9114378
 9115441
 9116519
 1321041
 9109738
 9088224
 1324406
 9099930
 9107909
 9079010
 9083475
 9106805
 9111940
 9115994
 9116329
 9116271
 9115288
 9115505
 9117539
 9072858
 9084027
 9091698
 9094020
 9095756
 9101256
 9101810
 9103458
 9105946
 1010056
 9104411
 9105543
 1223838
 9109967
 9107057
 9107343
 9110337
 9113696
 9113121
 1160509
 9112726
 9116005
 9115982
 1373206
 1373241
 1161216
 9100579
 9099331
 9107977
 9107685
 9106493
 9114322
 9114113
 1366742
 9115619
 9115784
 9114719
 9116213
 9114975
 9116637
 9115980
 9117420
 9090890
 9097415
 9104798
 9105256
 1160417
 9107848
 9107562
 9108189
 9108330
 9109773
 9108598
 9107816
 9109105
 9107289
 9108048
 9109316
 9109251
 9110632
 1191857
 9110814
 9110697
 9110730
 9111332
 9112503
 1341073
 9112600
 9112754
 9117527
 1191906
 9116791
 9114633
 9114769
 9085845
 9091447
 9096479
 9099529
 9100394
 9100296
 1293396
 9106837
 9109045
 9107346
 9110014
 9109947
 9107955
 1341286
 9111003
 9110714
 9114123
 9114338
 9111860
 9111944
 9112005
 9113378
 9112541
 9111141
 1332764
 9115983
 9116222
 9115907
 9115921
 9115927
 9115586
 9117640
 9115208
 9117397
 9115747
 9117555
 9117184
 9117746
 9116892
 9108130
 9112853
 9116004
 9117550
 1368764
 9113646
 9112568
 9114704
 9116730
 9116365
 9116655
 9117490
 9115453
 9115572
 9076003
 9086843
 9103173
 9102725
 9109155
 9109222
 9108344
 9110993
 9112632
 9113458
 9113144
 9111257
 9113156
 9112138
 9113468
 9113644
 1272854
 9112437
 9114034
 1366744
 1160504
 1160519
 9114467
 9112566
 9115329
 9117474
 9117027
 9116286
 9116592
 9116571
 9116769
 9117189
 9115176
 9115197
 9115240
 9115285
 9117094
 9115671
 9116020
 9116469
 9116906
 9116395
 9116872
 9117344
 1393193
 9116858
 9117174
 9116837
 1160535
 9114607
 9115931
 9114736
 9115137
 9117064
 9117407
 9117520
 9117726
 9115060
 9116137
 9101361
 9108613
 9101882
 9099816
 9103345
 9111517
 9111020
 9116648
 9074970
 9099116
 9114074
 9113179
 9111616
 9115130
 9115183
 9114755
 9115754
 9116555
 9115564
 9115940
 9116269
 9116691
 9116706
 1160539
 9117280
 9115133
 9109005
 9112718
 9113289
 9112844
 9113133
 9113821
 9114053
 9111358
 9111361
 9113360
 9112191
 9117298
 9116851
 9117462
 9115115
 1365809
 9115298
 9115177
 9116166
 9110852
 9095732
 9098304
 9101654
 9108275
 9108995
 9112356
 9112000
 9111395
 9116852
 9117666
 9116397
 9037864
 9040571
 9101186
 9103731
 9111340
 9112435
 9115086
 9103418
 9103941
 9104128
 9109249
 9110341
 9111363
 9112606
 9114108
 9113884
 9112448
 9111908
 9111047
 9115555
 9117378
 9114720
 9115494
 9116776
 9114733
 9115134
 9115634
 9116543
 9116672
 9114989
 9115415
 9114847
 9115758
 9116752
 9116921
 9114844
 9116017
 9115968
 9115882
 9115965
 9116782
 9117374
 9117512
 1353942
 9115187
 9115193
 9115669
 1163992
 9116810
 9078483
 9080814
 9087297
 9097221
 9101079
 9105668
 9110598
 1376131
 9111855
 9113157
 9112524
 9114103
 9113594
 1161213
 9115151
 9116321
 1393188
 9117710
 9116253
 9115117
 9116652
 9115018
 9116273
 9116380
 9116573
 9116270
 9117285
 9114915
 9114842
 9115265
 9091759
 9117062
 9086069
 9096574
 9097685
 9103069
 9103865
 9109510
 9109701
 9110154
 1322108
 9103096
 9103299
 9103658
 9103663
 9103667
 9106923
 9114164
 9111493
 9112656
 9113446
 9111225
 9112098
 9115661
 9116834
 9115020
 9115825
 9115977
 9116078
 9117542
 9117637
 9099961
 9101114
 1252626
 9106933
 9108588
 9110692
 9110855
 9110757
 9113569
 9112640
 1341058
 9111857
 9113021
 1358203
 9111551
 9113296
 9111038
 9114987
 9117747
 9079498
 9081648
 9086568
 9092771
 9098036
 1314745
 9106206
 9103785
 9103013
 9107414
 9110208
 9111375
 1357760
 9111442
 9111683
 9114559
 9117276
 9117342
 9117590
 9115862
 9116611
 9116430
 9114951
 9117457
 9114881
 9116880
 9116225
 9117072
 9110799
 9117166
 9117366
 9116902
 9112571
 9115724
 1332975
 1324588
 9096481
 9097991
 9096195
 9097227
 9096966
 9099386
 9100293
 9101153
 9103369
 9104961
 9105500
 9105934
 1293395
 9104464
 9105102
 9108284
 9109705
 9108334
 9108564
 9107984
 9108049
 1390891
 9113535
 9113663
 9112678
 9112349
 9112875
 9115009
 9115869
 9115913
 9116996
 9114896
 9114949
 9116999
 1297861
 9115235
 9117572
 9115147
 9117143
 9114609
 9116535
 9115180
 9116688
 9117232
 9117582
 9115227
 9115912
 9116525
 9115041
 9116231
 1321485
 9069265
 1312665
 9076490
 9075939
 9079184
 9079627
 1321303
 1321304
 9088322
 9088043
 1321342
 1321343
 9093399
 9101652
 9106107
 9105531
 9107436
 9109555
 9108874
 9109120
 9107004
 9110476
 9110246
 9110461
 9110513
 9113310
 9114258
 9113993
 9114084
 9114422
 9112260
 9112141
 9114389
 9111572
 9116074
 9117610
 9114830
 9115683
 9115073
 9116001
 9098824
 9095539
 9096850
 9097597
 9107673
 9109210
 9104341
 9110644
 9110731
 9110195
 1393167
 9111009
 1321240
 9116388
 9117016
 9115737
 9116886
 9081521
 1321308
 9087601
 9090965
 9096552
 9106558
 9106563
 9109683
 1161743
 1161744
 9110727
 9113685
 9111623
 9090008
 9093284
 9096832
 9094858
 9097287
 9096058
 1324672
 9102082
 9105390
 9107340
 9107859
 9115482
 9114697
 1366974
 9090952
 9090780
 9096806
 9105385
 9106263
 9107395
 9108343
 9106542
 9108738
 9106669
 9108003
 9111579
 9111585
 9114165
 9114220
 9112376
 9113746
 9111560
 9112572
 9112603
 9113199
 9113449
 9112569
 9112593
 9112651
 9117353
 9115680
 9114941
 9117571
 9116124
 9116289
 9117635
 9115613
 9115868
 9115058
 9116509
 9116515
 9115471
 9116014
 9114897
 9115076
 9116197
 9116930
 9116528
 1365813
 9117509
 9115142
 9115247
 9096071
 9103063
 1321213
 9113894
 9111537
 9113066
 9111730
 9111711
 9115951
 9117372
 9115386
 9083680
 9106424
 9111590
 9115207
 9115214
 9115222
