16-07-26
 9110406
 9110576
 9081015
 9095162
 9099518
 9109722
 9110147
 9115205
 9115741
 9117639
 9116101
 9119089
 9099730
 1321154
 9107791
 0978985
 9112824
 9116512
 1321172
 1321175
 9119841
 9120046
 9119896
 9119157
 9060141
 9079537
 9087938
 9088148
 9096866
 9101013
 9100068
 9104343
 9109185
 1332753
 9112393
 9111576
 9115887
 9116710
 1322130
 9118153
 9119451
 1296701
 9119613
 9119619
 9117889
 9117948
 9120853
 9118351
 9118384
 9118518
 9118791
 9120666
 9120559
 9120511
 9120851
 9119010
 9119380
 9120116
 9107897
 9107810
 9118891
 9118881
 9120154
 9118365
 9118995
 1202063
 9094756
 9105117
 9116466
 9117180
 9116704
 9095241
 1332818
 9110414
 9111712
 9112131
 9117792
 9043957
 9120227
 9118519
 9120379
 9111264
 9112775
 9114004
 9116294
 9101883
 9102593
 9106357
 9110763
 1322112
 9113207
 9113172
 9113358
 9113409
 9116150
 9117234
 9115574
 9115698
 9117450
 9119928
 9120627
 9119552
 9119689
 9119926
 9120497
 9120404
 1296702
 9119677
 9118765
 9119604
 9120122
 9119121
 9120063
 9120817
 9120198
 9119156
 9119553
 9119293
 9120860
 9119733
 9118194
 9118097
 9119029
 9119340
 9098646
 9104803
 9114723
 9116336
 9114903
 1160526
 9120964
 9099549
 9106002
 9107086
 9112105
 9115689
 9118264
 9118799
 9120540
 9120493
 9106753
 9112143
 9112931
 9115708
 9116692
 9117829
 9119670
 9120068
 9120551
 9101375
 9102136
 9103689
 9106959
 9106908
 9111657
 9113643
 1161203
 9115313
 9116602
 9116122
 9117317
 1161218
 9118663
 9119160
 1341443
 9120030
 9119404
 9120205
 9120323
 1382822
 9118259
 9119068
 9105719
 9110739
 9112032
 1321040
 9105438
 9105655
 9110706
 9113099
 9115659
 1191902
 9116598
 9117052
 9114650
 9116276
 9115437
 9116201
 9117354
 1191914
 1296703
 9119165
 9119509
 9119739
 9120131
 1160620
 1365914
 9119259
 9119643
 9117337
 9117658
 9118734
 9118290
 9120507
 9120835
 9119103
 9120596
 9120619
 9113665
 1191876
 9115681
 9116483
 9117715
 9120705
 9119638
 9118081
 9118258
 9119595
 9119930
 9118872
 1365902
 9120318
 9118238
 9118842
 9097208
 9103282
 9103297
 9108892
 9109491
 9115024
 9117071
 1393192
 9120243
 1252607
 9104995
 9108600
 9110348
 9115548
 9118067
 9120637
 1222259
 9118970
 9119455
 9118651
 9120719
 9120539
 9119388
 9119895
 9119743
 9118612
 1202083
 9096255
 1165967
 9099882
 1366839
 9099905
 9100409
 9104199
 9110402
 9110309
 9113721
 9113733
 1362420
 9113074
 9114799
 9115992
 9115502
 9116316
 9114901
 9114850
 9119030
 9119792
 9120106
 9120583
 9120383
 9118607
 9118221
 9119970
 9072781
 9107517
 9110403
 9059180
 9078693
 9081825
 9091160
 9097207
 9097874
 9099569
 1176321
 9101618
 9101274
 9105550
 9105071
 9107217
 9108270
 9108369
 9110323
 9110334
 9113352
 9111458
 9112285
 9113298
 9112265
 9114339
 9113949
 9111695
 9112075
 9114109
 9115487
 9116226
 9116667
 9117107
 9115506
 9115991
 9116175
 9115903
 9119952
 9120874
 9118418
 9118660
 9119065
 9119285
 9120428
 9118229
 9092810
 9095562
 9107126
 9111299
 9117178
 9116971
 9117498
 9115319
 1365808
 9116482
 9119071
 9119901
 9120468
 9118362
 9118363
 9119714
 9120060
 9118357
 9119185
 1297867
 9119788
 9117956
 9118172
 9118716
 9119745
 9118142
 9118189
 9118309
 9120474
 9108286
 1161750
 9111026
 9114291
 9114300
 1160524
 1161206
 9114061
 9115046
 9116501
 9114625
 9117834
 1297873
 9095926
 1297862
 9117259
 9117304
 9083544
 9087845
 9085936
 9092120
 9093040
 9102427
 9104850
 9111093
 9115211
 9114541
 9119751
 9116072
 9091284
 9091990
 9102322
 9105745
 9107965
 9113274
 9111735
 9113375
 9111841
 9115705
 9116432
 9117014
 9116883
 9120149
 9120751
 1160640
 9118249
 9120067
 9120290
 9118352
 9118592
 1202089
 1357711
 9111037
 9116695
 1341440
 9118750
 9118427
 9119561
 9118311
 1202579
 9092853
 9097929
 9100876
 1236987
 9102761
 9103007
 9107038
 9109655
 9106960
 9109007
 9107983
 9108803
 9108051
 9109144
 9107812
 9115438
 9117467
 9116142
 9115410
 9118682
 9120223
 1296450
 9118776
 9118787
 9119328
 9119783
 9120260
 1366686
 9119983
 9118117
 9119893
 9086305
 9103803
 9105186
 9109115
 9110018
 9110995
 9110729
 1332836
 9113828
 9112293
 9117670
 9115934
 9117113
 9117394
 1366655
 9116484
 9114929
 9115664
 9118146
 9119764
 9118217
 9119362
 9117995
 9119668
 9118823
 9119106
 9120422
 9118569
 9119149
 9050043
 9071508
 1297519
 1188077
 9082919
 1297907
 9093740
 9096055
 9095502
 9098683
 9097740
 9097467
 9099639
 9101486
 9100470
 9105790
 9107654
 9107103
 9110088
 9111019
 9111752
 9113734
 1358284
 9114491
 9111846
 9111609
 9116248
 9116720
 1297857
 9116261
 9117229
 9115374
 9116995
 1297874
 9118385
 9118573
 9107096
 9114012
 9117428
 9117482
 9117244
 9115269
 9119176
 9119376
 9120440
 9118980
 9099163
 9103530
 9103952
 9103316
 9105406
 9106405
 9108192
 9108942
 9109451
 9111834
 9113023
 9114583
 9115253
 9098415
 9096164
 9094935
 9099820
 9102405
 9101838
 9110899
 9110249
 9111362
 9113493
 9114330
 9112086
 9111969
 9113562
 9115589
 9115201
 9115975
 9116239
 9114924
 9114978
 9117210
 9116949
 9117137
 9115835
 9116945
 9114974
 9115128
 9119006
 9119216
 9119599
 9119934
 9120042
 9118640
 9119824
 9120731
 9117942
 9118224
 9118877
 9118705
 9118772
 9118811
 9119053
 9119575
 9119710
 9119869
 9120088
 9120164
 9120357
 9120387
 9119748
 9120779
 9120189
 9120477
 9120535
 9119312
 9120473
 1321179
 9118261
 9118648
 9118860
 9110245
 9103789
 1368704
 1368707
 9113747
 9113349
 9113520
 9115806
 1322128
 9119480
 9119673
 9120796
 9117994
 9119924
 9118875
 1365904
 1321043
 9112561
 9114575
 9114927
 9119966
 9118336
 9119279
 9119497
 1160639
 9119868
 9119696
 9103055
 9113961
 9114726
 9119654
 9120706
 9118168
 9088576
 9098810
 9109986
 9111906
 9115404
 9117023
 9115445
 9119471
 9107141
 9111587
 9112232
 1332771
 9116762
 9116399
 9117092
 9115854
 9116047
 9116609
 9116096
 9116241
 9117095
 9116087
 9117008
 9117313
 9115908
 9120808
 9120268
 9120407
 9118501
 9120006
 9120600
 9119286
 9119879
 9118976
 9119799
 9120453
 9119177
 9119236
 1194199
 9118116
 9118969
 9119143
 9120017
 9120087
 9120628
 9119048
 9119087
 9119708
 9119735
 9119864
 9120399
 9120492
 9120939
 9119607
 1161221
 9118544
 1202685
 9092562
 9093835
 9094720
 9095265
 9104516
 9112368
 9115212
 9115113
 9119515
 9120429
 9120864
 9120866
 9120638
 1393200
 9109675
 9117132
 9114872
 9114965
 9119017
 1297868
 9118730
 9118473
 9118587
 9120147
 1202079
 9106281
 9106302
 9110003
 9110017
 9115195
 1351100
 9117798
 9099844
 9101667
 9102357
 9099336
 9101210
 9100725
 9101562
 1191814
 9113106
 9113138
 9113241
 9116715
 9115760
 9084902
 9111280
 9113273
 9111742
 9116746
 9115567
 9117425
 9117623
 9114862
 1365807
 9116805
 9114528
 9120055
 9120794
 9119650
 9119467
 9119759
 9118950
 9120759
 1315112
 9118546
 9070241
 9094982
 9110662
 9113616
 9115764
 9117039
 9115966
 9115878
 9115668
 1373223
 1373227
 9116562
 9115443
 1393186
 9115098
 9115517
 9115850
 9116214
 1191916
 9119558
 9118870
 9118871
 9120799
 9118278
 9119099
 9083129
 9098119
 9097599
 9111021
 9097526
 9101068
 9103447
 9106497
 1357712
 9107174
 9112900
 9115816
 9115942
 9117602
 9115225
 9114836
 9115192
 9119037
 1341437
 9120512
 9119557
 9120378
 9120388
 9120445
 9118868
 9120054
 9118833
 9118262
 1362449
 9120052
 9117930
 9119780
 9118059
 9119095
 9120229
 9120180
 9120190
 9112584
 1322118
 9111258
 9112863
 1322121
 9116362
 9117531
 9117760
 9119729
 1191909
 9119860
 9118783
 9119932
 9119298
 9120770
 9108224
 9110363
 9115748
 9115675
 9116938
 9114547
 9116574
 1191911
 9118045
 9118708
 9119601
 9119998
 9120805
 9119153
 9118572
 9120350
 9118155
 9119130
 9119621
 9120261
 9119329
 9120326
 9118263
 9118344
 9119162
 9119749
 9090790
 9090272
 9096786
 9096474
 9099918
 9106018
 9108042
 9107503
 9109061
 9110930
 9110421
 9114357
 9112496
 1376130
 1341069
 9111915
 9115056
 9116708
 9117459
 9115218
 9116054
 9116436
 9117123
 9117302
 9115587
 9115679
 9114572
 9115109
 9117862
 9118987
 9120094
 9120476
 9120504
 9120772
 9119427
 1296706
 1341436
 9120765
 1315102
 9118276
 9120393
 9120656
 9120769
 9118828
 9110741
 9111948
 9102562
 1249822
 9110411
 1393182
 9111998
 9112207
 9112998
 9117540
 9115996
 9116212
 9116606
 9117548
 9116994
 9114624
 9114886
 9115401
 9117748
 9120505
 9120907
 9119094
 9118577
 9119020
 9119154
 9119186
 1202084
 9110473
 1315009
 9110478
 9111342
 1389353
 9117319
 9115022
 9116031
 9114555
 9114557
 9116661
 9036897
 9107721
 9109360
 9117800
 9110874
 9115219
 9119674
 1202688
 9068265
 9084886
 9098399
 9104550
 9105439
 9102770
 1161664
 9106731
 9110804
 9110384
 9111005
 9113539
 9112987
 9117270
 9114571
 9117278
 9115015
 9115334
 9116040
 9115153
 9117538
 9117632
 9117750
 1321166
 9118757
 9118417
 9119348
 9120133
 9120698
 9118894
 9118255
 9120118
 9118619
 9119874
 9118601
 9120648
 9119815
 9120430
 1160547
 9119630
 9120951
 9118339
 9120523
 1202554
 9101664
 9101325
 1321223
 9110295
 9110373
 9110997
 9110718
 9114050
 9114002
 9117545
 1393191
 1321170
 9118092
 9092349
 9094523
 9096539
 9105785
 9115391
 9117928
 9118589
 9118659
 9097654
 9095470
 9117089
 9116364
 1321042
 1011006
 9119461
 1297870
 1366767
 1202078
 9050710
 9088906
 9096589
 9107100
 9109717
 1161201
 9120191
 9119448
 9120211
 9119277
 9120310
 9122967
 9123730
 9121666
 9123641
 9123243
 1387114
 1325007
 9096541
 9106902
 9118528
 9119084
 9121489
 1191919
 9123283
 9123891
 9093717
 9108475
 9110283
 9112125
 9112962
 9114478
 9115660
 9117723
 9119516
 9118611
 9120572
 1382827
 9118847
 9119218
 9122863
 9122413
 9123126
 9123459
 1322142
 9122796
 9123612
 9123075
 1373247
 9122795
 9122149
 9122781
 9123363
 9122548
 9122419
 9122468
 9123481
 9122257
 9123201
 9123942
 9122262
 9121391
 9123881
 9114778
 9121294
 9121358
 9121870
 9112883
 9117017
 1351068
 9124158
 9123095
 1243256
 1243271
 1176877
 9115666
 9118700
 9114894
 9114581
 9115106
 9117786
 9123961
 9122131
 9097225
 9104194
 9105066
 9109537
 9108083
 9110396
 9112114
 9111826
 9112588
 9111885
 9117368
 9061769
 9076497
 9080516
 9078979
 9094749
 9096192
 9102281
 1358207
 9112178
 9113880
 9117575
 9120398
 9119459
 9120792
 9120693
 1357765
 1160638
 9120962
 9121123
 9122448
 9122493
 9123577
 9123741
 9123827
 9123602
 1191921
 9121965
 9122594
 9123999
 9124124
 9122726
 9122702
 9122817
 9122672
 9123251
 9123580
 9122163
 9122333
 9124166
 9123101
 9122462
 9123742
 9124189
 1249972
 1249974
 9121179
 9114354
 9115676
 9117692
 9116649
 9119831
 9120272
 9120270
 9123990
 9121624
 9122822
 1297817
 9122746
 9121765
 9123389
 9119623
 9121319
 9101027
 9105517
 9113474
 9112988
 1297871
 9119997
 9122244
 9121679
 9122997
 9123026
 9123399
 9121686
 1379293
 9123397
 9122272
 9122402
 9109924
 9112623
 9087287
 9092025
 9100777
 9108610
 9112981
 9114762
 9115614
 9116798
 9115549
 9120079
 9119753
 9120218
 9122277
 9122867
 9123289
 9123100
 9123484
 9123958
 9095361
 9111244
 9113919
 9115189
 9115223
 9117605
 9115667
 9119796
 9120222
 9118319
 9119206
 9121660
 1297808
 1366776
 9122204
 9122931
 9122983
 9122356
 1393100
 9094532
 9105728
 9105879
 9109000
 9112095
 9117292
 9119956
 9123231
 9122958
 9121883
 1387120
 9122065
 9122143
 9122491
 9122599
 9121841
 9096633
 9098268
 1321288
 1321289
 1321209
 9103610
 9103457
 1321224
 1321234
 1321241
 9122623
 9122114
 9122988
 9107148
 9108923
 9110987
 9120839
 9123238
 9122115
 9113430
 9112460
 9112464
 9113213
 9113334
 9112985
 9117134
 9117172
 9115757
 9119321
 9120233
 9121589
 9121839
 9123132
 9122192
 9122381
 9122969
 9123054
 9123296
 9123452
 1297820
 9122575
 9122585
 9123352
 9123486
 9121981
 9122538
 9118315
 9120461
 9123558
 9123118
 1390892
 1160523
 9115217
 9117438
 9117346
 1011902
 9118558
 9120785
 9118215
 9118332
 9120264
 9118267
 1202064
 1202096
 9121793
 9121851
 9124125
 9121803
 9121315
 9122698
 1010302
 9123913
 9123931
 9105513
 9108134
 9117416
 1011905
 9119134
 9118858
 9120022
 9120364
 9120374
 9119034
 1202589
 9122104
 9122283
 9123852
 9123476
 9122399
 9122590
 9122874
 1366619
 9123604
 9121897
 9118943
 1365924
 9122968
 9121654
 9123653
 9121219
 9078367
 9079984
 1163453
 9085715
 9090392
 9091008
 9098321
 9099394
 9103450
 1160453
 9110103
 1362431
 9119702
 9119946
 1322411
 9120108
 9119159
 1160548
 9118986
 1249850
 1202571
 9123663
 9122001
 9122298
 9123114
 9124180
 9103417
 9103561
 9108914
 9110290
 9113600
 9113154
 9118232
 9119246
 9120036
 9118024
 9119435
 9119840
 9120593
 9120091
 9120099
 9123587
 9123658
 9123834
 9122203
 9123622
 9122439
 9121174
 9121322
 9121438
 9123749
 9123471
 9121899
 9123521
 1297810
 1297807
 9122750
 9122000
 9122276
 9122582
 9123608
 9123651
 9123674
 9123541
 1324603
 9121993
 9122346
 9121682
 1393133
 9108915
 9112564
 9111505
 1357761
 9115598
 1393190
 9119676
 9119046
 9120856
 9119220
 9119829
 1393198
 9120603
 9097276
 9097041
 9115322
 1297865
 9119411
 1224763
 1224764
 9122268
 1297811
 9104569
 9104319
 9107399
 9112531
 9097409
 1321211
 9103419
 9111022
 9111023
 9118697
 9122540
 9102589
 9117331
 9122742
 9122329
 9086533
 9091296
 9104614
 9107311
 9107692
 9108529
 9108501
 9107566
 9111168
 9112083
 1332839
 9111309
 9113465
 1373549
 1341064
 9112886
 9116425
 9116149
 9116960
 9117356
 9114698
 9119627
 9118326
 9120050
 9119569
 9120172
 9120385
 9118373
 9119602
 9118355
 9119332
 9119767
 9121543
 9121023
 9122577
 9121392
 9123522
 9121423
 9123450
 9121328
 9121948
 9121954
 9124073
 9123613
 9114725
 9120494
 9120543
 9118511
 9119450
 9121597
 1379277
 9122662
 1366614
 1366615
 9122444
 9113546
 9112616
 9116381
 9116925
 9116645
 9116344
 9115172
 1161220
 9118781
 9120832
 9120592
 9121153
 9124136
 9122129
 9121844
 9121847
 9122558
 9123006
 9094552
 9104962
 9105469
 9106290
 9109800
 9107923
 9116499
 9119382
 9120680
 9119386
 9120406
 9119044
 9123586
 9121668
 9121676
 9122349
 9121610
 9121782
 9123086
 9123455
 1387125
 9123135
 9122075
 9124194
 9121542
 9123354
 9113977
 1382820
 9120299
 9120297
 9120019
 9118845
 9119762
 9120462
 9120618
 9123803
 9121835
 9121176
 1379292
 9121141
 9121214
 9122159
 9118077
 9118545
 9118164
 9120549
 1202563
 9094875
 9106760
 9106830
 9110681
 9114382
 9115428
 9114991
 9117215
 9120845
 1322125
 9119609
 9117977
 9118011
 9120802
 9119568
 9120159
 9120327
 9119370
 9118629
 9120771
 9119976
 9118655
 9121766
 9123137
 9123204
 9123987
 9124156
 9123784
 9121859
 9123505
 9123631
 9123985
 9124093
 9121986
 9121927
 9122481
 9122072
 1311572
 9123074
 9123878
 9121987
 9123400
 1379281
 9121164
 9123213
 9124169
 9124191
 9124206
 9121067
 9122964
 9124214
 9105156
 9116250
 9120481
 9123981
 9121592
 9121674
 9121685
 9122804
 9122976
 9122993
 9121379
 9123246
 9123270
 9123555
 9123578
 9123757
 9123841
 9121800
 9121982
 9123939
 1253890
 1253889
 9122722
 1321039
 9111987
 9114371
 9119722
 9118721
 9120246
 9119800
 1202578
 9122888
 1297815
 9121752
 9122842
 9120677
 9118817
 9121269
 9123272
 9123155
 9122708
 9117885
 9121786
 9051760
 9107773
 9111737
 9114473
 9116151
 9117518
 9120957
 9117932
 9123045
 9103346
 9116371
 9117754
 9120101
 9120850
 9118076
 9118460
 9120126
 9118554
 9119616
 9120280
 1393171
 9120363
 9119582
 9120954
 9119270
 9123002
 9122216
 9123359
 9123897
 9122948
 9123108
 9121804
 9122825
 9121779
 9122237
 9122581
 9123743
 9123782
 9122757
 9123855
 9123332
 9122938
 9122314
 9123626
 9121419
 9121517
 9122677
 9123863
 9124198
 9122511
 9122794
 9121919
 9105908
 9106097
 9107892
 9108742
 9106646
 9117577
 9116454
 9118499
 9119556
 9119915
 9119056
 1315117
 9121344
 9123323
 9123353
 9122014
 9121268
 9121980
 9123147
 1358297
 1161208
 9121049
 9122584
 9110717
 9116821
 9115644
 9119911
 9118917
 9120740
 9118201
 9118250
 9120013
 9121496
 9123446
 1284448
 9122296
 9123427
 9121509
 9124001
 9121291
 9121791
 9122168
 9122917
 9122556
 9099876
 9114344
 9117494
 9116504
 9117078
 9117266
 9116568
 9120635
 1322135
 9120621
 9118625
 9120463
 9098963
 9100462
 1196925
 9113217
 9116699
 9118862
 9118288
 9118579
 9118195
 9118199
 9118638
 9122463
 9121068
 9123809
 9123703
 9123773
 9123814
 9122615
 9121048
 1243278
 9122213
 9067864
 1382779
 9094538
 9103455
 1322173
 9110002
 9114818
 9116610
 9116624
 9117253
 9117066
 9115350
 9119617
 9117991
 9117992
 9119365
 9118761
 9118213
 9120304
 9120967
 9123480
 9121639
 9121708
 9121020
 9122473
 9122359
 9123507
 9121526
 9122380
 9121382
 9123341
 9107128
 9106796
 1373233
 9115919
 9119906
 9118470
 9119721
 1014541
 9121448
 9121360
 9123996
 9121852
 1373250
 9121150
 9121474
 9121563
 9122433
 9123189
 9123339
 9123038
 9121705
 9122320
 9124070
 9123515
 9123474
 9121704
 9123115
 9122415
 9123113
 9121310
 9122683
 9124011
 9122892
 9123718
 1322126
 1322132
 9118030
 9120325
 9118762
 9120903
 9119746
 9119173
 9118964
 9119554
 9123882
 1322144
 9083120
 9093915
 9108278
 9109514
 9119975
 9117947
 9120192
 1160550
 9119267
 9118717
 9121265
 9122109
 9122503
 9123250
 9122919
 9121398
 9123879
 9123253
 1318003
 1010301
 9122113
 9122011
 9121950
 9102020
 9107839
 1160441
 9114148
 9113305
 9117069
 9117421
 9115262
 9116158
 9117057
 9117318
 9117683
 9116627
 9114972
 9116377
 9117522
 9118971
 9120520
 9120534
 9119002
 1357775
 9118272
 9120447
 1202564
 9122371
 1322137
 9122603
 9122406
 9123313
 9123846
 9124000
 9124095
 9124164
 9123975
 9123125
 9122041
 9124015
 9124060
 9123518
 9063348
 9088588
 9094529
 9120643
 9118488
 9120938
 9105448
 9104511
 9107482
 9110342
 9112916
 9116701
 9116227
 9115181
 9119462
 9120753
 9118110
 1366681
 1366682
 9119245
 9123329
 9122098
 9122550
 9123422
 9123517
 9121830
 9103513
 9115700
 9116657
 9119949
 9118366
 9119986
 9120306
 9120699
 9120607
 1315107
 9119420
 9123554
 9123324
 9122061
 9124195
 9098514
 9100303
 9113877
 9111478
 9111615
 9115898
 9116386
 9115602
 9115632
 1160621
 9120368
 9120311
 9121530
 9122460
 9123959
 9123209
 9123247
 9123593
 9123779
 9124018
 9121866
 9121609
 9121256
 9122315
 9121426
 9124152
 9121410
 9121951
 9124019
 9121476
 1249830
 9122311
 9108533
 9113278
 9120855
 9123482
 9122224
