16-7-27
 1161748
 9123682
 1387117
 9124686
 9124764
 9126138
 9125931
 9126705
 9124699
 9126929
 9109297
 9116865
 9117156
 9117727
 9126370
 9127239
 9106409
 9111287
 9119487
 9119565
 9119811
 9120212
 9119054
 1191930
 9123334
 9121695
 9121715
 9124400
 9125617
 9127036
 1191932
 9125343
 9124632
 9127087
 9125811
 9127177
 9124661
 9125443
 9127041
 9127080
 9125725
 9126144
 9126983
 9125910
 9126914
 9126333
 9122018
 9122056
 9122561
 9123671
 9088605
 9105578
 9103148
 9109482
 9110883
 9113105
 9107486
 9111553
 9102919
 9106865
 9114781
 9122724
 9123754
 9123870
 1297814
 9122210
 9126118
 9126407
 1297833
 9125354
 9126651
 9127133
 9123190
 9125666
 9124422
 9125036
 1243281
 9119660
 9084101
 9093452
 9092735
 9116980
 9117790
 9118340
 9119701
 9117958
 9118551
 9117997
 9103186
 9110474
 9113353
 9116584
 9117010
 9117535
 9119397
 9119690
 9119892
 9121026
 9123582
 9122165
 9122771
 9122260
 9122739
 1160871
 9121024
 9121806
 9121552
 9124662
 9126860
 9126033
 9124622
 9125655
 9126157
 9126820
 9127024
 9126899
 9126951
 9124545
 9125711
 9126801
 1389410
 9124657
 9127130
 9126629
 9125024
 1321197
 9108436
 9124081
 9123995
 9121134
 9118608
 9123089
 9082968
 9093421
 9102466
 9101189
 9101685
 9102423
 9103428
 9105541
 9106746
 1160440
 9110270
 9117373
 1161217
 9116537
 9119628
 9120527
 9120545
 9120574
 9120348
 9121479
 9122229
 9123150
 9123302
 9123021
 9121574
 9121719
 9121820
 9121824
 9123072
 9123314
 9122637
 9125744
 9125044
 9126017
 9126432
 9126534
 9126897
 9124649
 9125221
 9125745
 9125006
 9126690
 9126552
 1377256
 9125788
 9124664
 9105667
 9119755
 9120644
 9122770
 9125055
 9125685
 9113065
 9120241
 9120332
 9121699
 9122341
 9122195
 9123383
 9125495
 9125668
 9125413
 9125156
 9124549
 9124685
 9110015
 9110996
 9114477
 9115352
 9115973
 9118072
 9120139
 9118377
 9118510
 1322136
 9110013
 9114463
 9120548
 9118265
 9118778
 9121428
 9123416
 9123091
 9123920
 9122513
 1351088
 9126021
 9126074
 9125676
 9124482
 9124862
 9127140
 9106613
 9109538
 9120953
 9122559
 9124129
 9123510
 9123557
 9124293
 9127195
 9125095
 9125491
 9122134
 9121411
 9126130
 9124849
 9125363
 9126632
 9126143
 9126491
 9126219
 9126637
 1393146
 9105470
 9105872
 9111389
 9113891
 9117525
 9121182
 9122318
 9123017
 9123525
 1387115
 9126124
 9126435
 9124776
 9108601
 9115820
 9117752
 9119590
 9118747
 9118803
 9123036
 9123820
 9123386
 9122669
 9123082
 9126679
 9124341
 9124398
 9124779
 9125301
 9126569
 9124990
 9126253
 9126442
 9126107
 9125160
 9071934
 1357717
 9114129
 9117654
 9117796
 9120085
 9119785
 9118374
 9119116
 9121276
 9121484
 9123005
 9121441
 9121579
 9125669
 1351080
 9126415
 9126444
 9126872
 9124868
 9126939
 9126674
 9126001
 9125575
 9125785
 9125179
 9125893
 9124908
 9126358
 9107309
 9122453
 9123325
 9123642
 9127003
 9125750
 9126018
 9058714
 9073908
 9078203
 9087758
 9088602
 1368763
 9099623
 9104537
 9107894
 9107376
 9110346
 9113018
 9112633
 9113809
 9113967
 9117549
 9114983
 9118600
 9119249
 9118392
 9119720
 9118687
 9122962
 9122202
 1297812
 1297803
 9123547
 9121755
 9121329
 9121872
 1160872
 9122445
 1010303
 9121468
 9122354
 9122370
 1351085
 9126007
 9126057
 9126353
 9127031
 9125924
 9126226
 1377283
 9126638
 9125145
 9099539
 9106800
 9110362
 9113928
 9112773
 9117144
 9118825
 1202082
 9122484
 9123793
 1224765
 9122535
 9123023
 1325025
 9123916
 9124117
 9123560
 9122015
 9123278
 9121868
 9126461
 9126777
 1337002
 9127292
 9125478
 9126036
 9125081
 9125089
 9125533
 9125791
 9126734
 9127062
 9126905
 9125683
 9125996
 1365926
 9125357
 9125408
 9125471
 9126279
 9124726
 9126978
 9125118
 9125210
 9125814
 9126171
 9124789
 9125493
 9126376
 9126694
 9126562
 9102049
 9100657
 1365805
 9110298
 9112601
 1376129
 9114866
 9114833
 9116617
 9117836
 9119947
 9119603
 9119151
 9119234
 9120417
 9120185
 9120782
 9118523
 9120544
 9120244
 9120354
 1202098
 9121043
 9121237
 9121247
 9123356
 9123550
 9121415
 9122850
 9121139
 9124230
 9122587
 9123411
 9124518
 9127187
 9126478
 9125915
 9125787
 9127125
 9127128
 9126286
 1387129
 9124593
 9126185
 9060750
 9067693
 9076086
 9079625
 9107134
 9106548
 9113735
 9116022
 9123144
 9123102
 9123772
 9126630
 9126985
 9126672
 1393199
 9101297
 9105333
 9105514
 9104941
 9107584
 9081318
 9089821
 9096416
 9098840
 9102074
 9102052
 9100315
 9099277
 9114496
 9109540
 9117733
 9121186
 9122013
 9122519
 9125245
 9125816
 9125843
 9127047
 9126848
 9102930
 9109486
 9076935
 9105487
 9103262
 9109676
 1304573
 9114475
 9115355
 9119139
 1357774
 9119910
 9120266
 1202076
 1357803
 9122273
 1332435
 9125438
 9126122
 9125198
 9125652
 9125689
 9125913
 9105727
 9114092
 9121073
 9122142
 9123297
 9125409
 9126048
 1366797
 9126303
 9099914
 9116330
 9115047
 9118773
 9119768
 9118165
 1365903
 9121887
 9123083
 9123615
 9122291
 1365929
 9125831
 9126198
 9125803
 1196848
 9097559
 9098475
 9096667
 9104900
 9105772
 9109346
 9116884
 9117384
 9117109
 9117819
 9118468
 1297869
 9120955
 9121696
 9122158
 9121600
 9123064
 9124228
 1387122
 9122128
 9122828
 9124727
 9125410
 9126445
 1284476
 9126309
 9126172
 9125944
 9125963
 9126702
 9069424
 9082102
 9083141
 9096906
 9099754
 9100318
 9105553
 9108459
 9108147
 9114105
 9111632
 9112873
 1297859
 9120053
 9118999
 9122010
 9122292
 9122518
 1297809
 9121200
 9121952
 9125375
 9125991
 9107294
 0978978
 0978979
 9114779
 9120595
 9117946
 9117968
 9117990
 9118790
 9119295
 9120464
 9118257
 9120051
 9118923
 9123210
 9123925
 9121627
 9122414
 9123597
 9123465
 9124045
 9124176
 9123258
 9123887
 9125332
 9125542
 9126015
 9126426
 9127251
 9125978
 9126317
 9126818
 9127139
 9126105
 9126617
 1311580
 9125758
 9125051
 9125577
 9125960
 9125966
 9126278
 9126554
 9126556
 9124944
 9125688
 9126078
 9127145
 9125056
 9125636
 9125022
 9125084
 1315140
 9126568
 9127112
 9127265
 9127277
 9125560
 1318009
 9124838
 9124411
 9125158
 9125576
 9108151
 1393161
 9110055
 9107000
 9112793
 1393183
 9112814
 9111402
 9115382
 9116868
 9116876
 9115458
 9115052
 9118779
 9120169
 9127249
 9111563
 9118393
 9118490
 9121387
 9125419
 9126204
 9126222
 9126349
 9126879
 1376859
 1296739
 9125166
 9126285
 9126826
 9127086
 9125523
 9125339
 9125376
 9125199
 9126967
 9124885
 9113902
 9115543
 9118079
 1297864
 9122889
 9123342
 9122407
 1297825
 9125403
 9126056
 9124970
 9125163
 9122658
 9125763
 9126135
 9125654
 9125130
 9125190
 9125407
 9075127
 9083325
 9099419
 9106618
 9106818
 9114011
 1322114
 9120811
 1322139
 1322146
 9123540
 9116168
 9116660
 9117803
 9117804
 1365922
 1202576
 9122408
 9121871
 9123640
 9123828
 9123293
 9122622
 9124698
 9124708
 9124712
 9124291
 9125723
 9125634
 1191936
 9124599
 9125068
 9125167
 9126026
 9126458
 9126635
 9126039
 9125595
 9127027
 9124639
 9125475
 1315138
 9124507
 9124756
 9125305
 9126214
 9126800
 9124351
 9125917
 9125922
 1318024
 9125894
 9126182
 9126543
 9106539
 9111420
 9123813
 9122147
 9122670
 9123776
 9126576
 9126910
 9126235
 9126400
 9126418
 9125815
 9127092
 9126112
 9125834
 9122285
 9126002
 9126259
 9126838
 9126916
 9126836
 9126874
 9125716
 9126425
 9126009
 9118465
 9119237
 9121046
 9121047
 9065487
 9073709
 9080099
 9084179
 9095970
 9097312
 9095086
 9101678
 9101711
 9102500
 9102172
 9104689
 9106064
 9103997
 9105434
 9103326
 9105301
 9106816
 9109084
 9109769
 9108938
 9108690
 9109748
 9108907
 9110803
 9115413
 9117514
 9117068
 9117322
 9117589
 9117722
 9118125
 9120816
 9120351
 1322138
 9108543
 9117526
 9119978
 9123548
 9123624
 9122443
 9121405
 9121518
 9122600
 9123107
 9122287
 1160870
 9122733
 1243264
 9125296
 9126058
 9124827
 9125879
 9127154
 9125902
 9125756
 1126806
 9042694
 9076438
 9076577
 9077224
 9082277
 9084110
 9082812
 1323676
 9085909
 9086978
 9092073
 9091883
 9098467
 9094963
 9096283
 9097158
 9096256
 9096535
 9098813
 9095109
 9095405
 9100365
 9100083
 1373520
 9102317
 9102055
 9100566
 1160796
 9099247
 9099410
 9105800
 9105194
 1239971
 9102724
 9104132
 9105447
 9102768
 9104603
 9104126
 9108026
 9108696
 9108719
 9107396
 1310918
 9106389
 9107708
 9110001
 9107964
 9110322
 9110428
 9110457
 9114226
 9113680
 9112310
 9111487
 9113062
 9114731
 9117257
 9115678
 9116328
 9116335
 9117703
 9116339
 9119971
 9119243
 9119798
 9120263
 9120201
 9120965
 1321194
 9118415
 9119077
 9122818
 9123665
 9121707
 1373367
 9122572
 9122808
 9124187
 9123372
 9124692
 9126283
 9125077
 1393172
 9125099
 9124739
 9101434
 9103950
 1191873
 9105904
 9107834
 1357778
 9122801
 9122965
 9123369
 9124028
 9123808
 1222260
 9124704
 9124719
 9124946
 9125835
 1320033
 9124841
 9126623
 9125976
 9124711
 9124731
 9124836
 9124793
 9126815
 9119436
 9126456
 9127068
 9110596
 1393178
 9119583
 9112042
 9116457
 9118412
 9118724
 9120177
 9119437
 9119838
 9123228
 9121406
 9122872
 9121323
 9122205
 9121759
 9121907
 1351086
 1337003
 9126090
 9124680
 9124689
 9126255
 9126624
 9126691
 9125740
 9126832
 1297827
 9124665
 9124758
 9126452
 9126671
 9125148
 1362272
 9124968
 9125396
 9093370
 9105590
 9106968
 9112797
 1322113
 9112941
 9116887
 9118343
 9118680
 9119192
 9118671
 9121252
 9122223
 9121673
 9123979
 9124373
 9124732
 9125345
 9126355
 9127042
 9124597
 9126406
 9125663
 9125947
 9125436
 9124671
 9125292
 9127126
 9127163
 1362271
 9114326
 9112267
 9111606
 9116032
 9118223
 9118737
 9120526
 9121535
 9123463
 9123599
 9121277
 9125188
 9124571
 9126373
 9125748
 9126945
 9126151
 9107875
 9111832
 1321185
 9124952
 1332418
 9125453
 9126312
 1315133
 1315134
 9126202
 9111367
 1358208
 1358211
 9111516
 9115028
 9116007
 9110494
 9114835
 9117472
 9118082
 1249098
 9121701
 9088841
 9109859
 9117291
 9116298
 9119484
 9120193
 9120231
 9120293
 9118581
 9119686
 9121255
 9123952
 9122695
 9122839
 9122957
 9122944
 9123705
 9123519
 9121888
 9123444
 1387113
 1387124
 9122852
 9123368
 9124435
 9125062
 9124566
 9125865
 9126024
 9126330
 9125171
 9125680
 1389413
 9125596
 9127052
 9125218
 9113692
 9120828
 1321184
 9125519
 1387128
 9105077
 9106088
 9103008
 9110635
 9111346
 9114604
 9114705
 9115528
 9115654
 9117821
 9119145
 9119549
 9119107
 9118691
 9122612
 9122758
