16-07-28
 9118243
 9120012
 1297818
 9077222
 9097725
 9095956
 9096816
 9117075
 9123412
 9124084
 9125557
 9124820
 9126986
 9127077
 9127103
 9124647
 9125088
 9127848
 9129742
 9130392
 9129029
 9127862
 9129726
 9098804
 9124233
 9126190
 9125391
 9126747
 9126566
 9126347
 9125107
 9128867
 9128829
 9068722
 9105814
 9115114
 9118620
 9120647
 9123802
 9123280
 9122854
 9126070
 9126473
 9124678
 9125070
 9129766
 9129006
 9130462
 9127454
 9128349
 9129239
 9130035
 9128646
 9127804
 9129995
 9129471
 9130302
 1365937
 9128003
 9130380
 9126707
 9128833
 9129098
 9129562
 1358329
 9106274
 9108800
 9120204
 9129164
 9129280
 9127316
 1358311
 1176889
 9129476
 1010251
 9094847
 9094757
 9097399
 9098553
 9098863
 9099772
 9105950
 9105101
 9105086
 1176872
 9121137
 9125985
 9052349
 9059522
 9080623
 9041850
 9051070
 1291952
 9092170
 9095189
 9104843
 9112261
 9116292
 9116302
 9117139
 9100644
 9103278
 9103493
 9103591
 9104583
 9104736
 9104795
 9105008
 9105370
 9104376
 9104231
 9104593
 9106711
 9107678
 9108448
 9108642
 9108989
 9106659
 9107556
 9110429
 9111185
 9111988
 9113964
 9115645
 9115715
 9115935
 9116674
 9117287
 9118307
 9118521
 9118819
 9119653
 9119772
 9120171
 9119960
 9117931
 9118585
 1202583
 9121480
 9121730
 9122207
 9122624
 9123008
 9121183
 9121534
 9129788
 9130366
 9127457
 1358165
 1253826
 9108119
 9111782
 9122791
 9100189
 9104967
 9110864
 9007109
 9087131
 9098397
 1393152
 9105523
 9105376
 9111326
 1393177
 9112135
 9117433
 1393185
 9117916
 1393194
 1202061
 9121698
 9123596
 1393228
 9122848
 1321196
 9126469
 9126871
 9124980
 9126302
 9125847
 9129547
 9130105
 9127562
 9129233
 9129721
 9128604
 9129034
 9129319
 9129731
 9130203
 9129636
 9128244
 9130279
 9130497
 1176896
 9128101
 9128858
 9129998
 1315166
 9129002
 9129527
 9130217
 9130294
 9130510
 1318038
 1161239
 1161243
 9127942
 9129529
 9128669
 1318004
 9081609
 9086900
 9123067
 9121341
 1297830
 1377252
 9127279
 9129876
 1358330
 1358174
 9097996
 9115529
 9120837
 9125469
 9130544
 9098285
 9096147
 9100430
 9108709
 9109242
 9113467
 9120315
 9120347
 9119577
 9119283
 9122455
 9126108
 9126390
 1252071
 9125264
 9126297
 9127794
 9129475
 9128239
 9129706
 9129762
 9128928
 9129279
 9129948
 9129320
 9127930
 9127934
 1393189
 9112371
 9116749
 9116814
 9121190
 9125437
 9124547
 9126430
 9128007
 1358318
 9096489
 9096871
 1332275
 9098102
 9102115
 9103961
 9106948
 9112661
 9112219
 9117073
 9117188
 9120489
 9120028
 9121876
 9122851
 1191900
 1191934
 9127023
 9125405
 9124496
 9124497
 9124574
 9125635
 9129270
 9129355
 9130008
 9127800
 9130389
 9128865
 1387108
 9125651
 9126420
 9115170
 9093264
 9108440
 9108845
 9116060
 9120203
 9123349
 9121612
 9125515
 9130020
 1322413
 9127918
 9127591
 9128502
 9129248
 9128969
 9127764
 9128335
 9129082
 1161247
 1161250
 9128643
 9130176
 9127881
 9129349
 1358341
 9053933
 9064574
 9081672
 9108437
 9126511
 9128810
 9129455
 9127430
 9127676
 9129011
 1358377
 1358180
 9130321
 9129605
 9106587
 9120561
 9124690
 9124769
 9125001
 9128708
 9128906
 9128161
 9128557
 9128993
 1358310
 9128692
 9129746
 9109006
 1393197
 1387118
 9127188
 1387130
 9127824
 9128788
 9130346
 9128109
 1387133
 1387136
 1366680
 9122022
 9122424
 9126220
 9126092
 9126354
 9125439
 9126592
 9125956
 9125320
 9099124
 9108704
 9114160
 9117339
 9119774
 9119664
 9123304
 9126796
 1297822
 9124509
 9124903
 9128497
 9128111
 9127852
 9129599
 9128077
 9128118
 9128268
 9129723
 1358167
 9127960
 9128494
 9129685
 9127886
 9127605
 9129922
 9127871
 9128138
 9128942
 9127383
 1161242
 1161246
 9129568
 9054939
 9070311
 9087904
 9098062
 1010662
 9095260
 9100537
 9111366
 9115464
 9120123
 9118947
 9121845
 9121857
 9123611
 9126275
 9126412
 9124850
 9125323
 9125078
 9126041
 9125470
 9125738
 9125418
 9130499
 9129056
 9128200
 9129085
 9128105
 9130289
 1377038
 9127653
 9128429
 9128409
 9129225
 9118131
 9118318
 9119058
 9123508
 9123217
 9122648
 9126460
 9126828
 9126408
 9128355
 9128360
 9128385
 9129009
 9129663
 9129888
 9129710
 9129697
 9127813
 9128707
 9129354
 9129452
 9127350
 9127914
 9128501
 9129020
 9128115
 9128254
 9129023
 9129803
 9130175
 9130396
 9129435
 9128581
 9129705
 9087547
 9112750
 9119387
 9117941
 9118202
 9120933
 9123184
 9121044
 9121777
 9121238
 9123568
 9121614
 9123212
 9122563
 1387112
 9124208
 9122691
 9126856
 9125027
 9129696
 9129712
 9129842
 9130153
 9129885
 9128783
 1387134
 9130068
 1365939
 9130525
 9128428
 9122157
 9126249
 9127565
 9128697
 9129308
 9084887
 9102993
 9108464
 9110160
 9119028
 9128668
 9128631
 9127410
 9127860
 9128308
 9116737
 1161214
 9119233
 9119588
 9118645
 9121317
 9121325
 9122334
 1332434
 9124670
 9125974
 1315141
 9125243
 9125312
 9127388
 1373464
 1373260
 9128008
 9129001
 9129016
 9121301
 1389412
 9124846
 9128859
 9129245
 9128492
 1389418
 9129597
 9130376
 9127940
 9041887
 9043626
 9104099
 9109483
 9108200
 9113485
 9116642
 9118763
 9120199
 9118087
 9121734
 9123588
 9124501
 9124817
 9126479
 9125168
 9127641
 9127647
 9129576
 9129616
 9128440
 9128725
 9128748
 9095892
 9103600
 1160450
 9113282
 1321156
 9118984
 9124100
 9121447
 9122396
 1191940
 9125134
 9125252
 9126241
 1284477
 9125263
 9125193
 9125481
 9128366
 9128640
 9130397
 9130503
 9129665
 9130099
 9130442
 9129035
 9127853
 9128307
 9128474
 9129978
 9128956
 9127593
 9119830
 1366775
 1191924
 9121232
 1297823
 9126969
 9129611
 9127601
 9128467
 9127989
 9114026
 9119834
 9119806
 1160863
 9121664
 9122843
 9122906
 9122316
 9123259
 9122305
 1160888
 9121618
 9126825
 9126387
 9124994
 9127090
 9126900
 9127475
 9128016
 9129178
 9128806
 9129556
 9129716
 9130268
 9128802
 9128746
 1373452
 9129088
 9130116
 9127505
 9127867
 9127978
 9128598
 9128999
 9129295
 9129586
 9129839
 9129581
 1358190
 9128069
 9128784
 9130000
 9130325
 9128023
 9127798
 9129432
 9130351
 9128313
 9127573
 9130004
 1365942
 9129963
 9130251
 9130533
 9130550
 9130551
 1318045
 9129643
 1161244
 9127823
 9129946
 1321236
 9118066
 9121254
 1387121
 1373390
 9130564
 9128285
 9127950
 9128092
 9129494
 9129523
 9128127
 9128483
 9129468
 9129508
 9129522
 9127864
 9128047
 9130123
 1321228
 1321151
 9121960
 9125444
 1318012
 1318013
 9129348
 9129214
 9127517
 9129826
 9129670
 9129887
 1318034
 1318037
 9107771
 9116353
 9118777
 9129004
 9128209
 9129008
 1389422
 9128263
 9128991
 9127874
 9127845
 9127818
 1378251
 9079618
 9092258
 9098895
 9110968
 9114125
 9120630
 1297866
 1357804
 9121536
 9126593
 9124660
 9117055
 9120834
 9119081
 9119120
 9120924
 9123472
 9123839
 1284473
 9121680
 9121131
 9121760
 9126110
 9126693
 9126605
 9127260
 9129017
 9128042
 9128298
 9128202
 9128276
 9128902
 9129602
 9129750
 9130085
 9130467
 9129725
 9128642
 9128973
 9129207
 9129550
 9129965
 9130094
 1358323
 1358353
 9129473
 9129482
 9129572
 9130247
 9129372
 9128461
 9129072
 1389417
 9129383
 1377039
 9129145
 9127883
 9129518
 9128848
 9128854
 9129548
 9129593
 9130566
 9129902
 1161238
 9127744
 9129772
 9128296
 9129911
 9129953
 9102956
 9116056
 9117741
 9118421
 9122117
 9125424
 9126152
 9126793
 9129140
 9129917
 9128900
 1373457
 9127964
 9129416
 1176881
 1377042
 9128468
 9127987
 9128380
 9128387
 1161231
 9105297
 9124255
 9105241
 9117236
 9119782
 9121279
 9123712
 9121738
 9126304
 9126711
 9125546
 1362270
 9106292
 9111018
 9120140
 9120928
 9123445
 1324602
 9125899
 9125580
 9126231
 9128896
 9128714
 1358177
 9128149
 9129864
 9129893
 9130114
 9130232
 1393029
 1393031
 9130081
 1176895
 9130146
 9127346
 9127470
 1161237
 9102292
 9105218
 9107649
 9109465
 9113682
 9112071
 9113789
 9112375
 9112411
 9115958
 9116082
 9119211
 9117980
 9123142
 9121383
 9125428
 9124431
 9126055
 9125681
 9125800
 9127200
 9125697
 9126834
 9127182
 9127271
 9125249
 9130064
 9128730
 1373453
 9129444
 9129868
 9128981
 9128827
 9127504
 9130274
 1315174
 9127959
 9128903
 9129100
 9113261
 9111890
 9113982
 9117919
 1357779
 9119272
 9119953
 9121154
 9123936
 1325006
 9121464
 1357718
 9126030
 9126451
 9126926
 9129747
 9127466
 9129378
 9129717
 9129780
 9128191
 9129131
 1337018
 9130083
 9129827
 9129545
 9129818
 9128122
 9128977
 9127891
 9128926
 9129617
 9128287
 9130490
 9130485
 9121681
 9124231
 9124232
 9121304
 9122006
 1322149
 9126933
 9125373
 9125225
 9128480
 9128611
 9130238
 9130178
 9113110
 9116597
 9117290
 9119902
 9120134
 1297801
 9122039
 9123438
 9122693
 9121853
 9126037
 9125572
 9126713
 9126769
 9127049
 9127066
 9124282
 9126331
 9127035
 9126076
 9126689
 9126768
 1326259
 9125628
 9129752
 9127389
 9127546
 9128463
 9129714
 9127585
 9127691
 1160894
 9127743
 9128325
 1326261
 9129510
 9128445
 9128498
 9129174
 9104966
 9105006
 1223134
 9116256
 9114605
 9121739
 9122694
 9121774
 9126437
 9126125
 9125601
 9126827
 9124866
 9127038
 9129794
 9127468
 9129916
 1358184
 9127889
 9130137
 9130424
 9129151
 9127801
 1359237
 9130307
 9130364
 9124179
 9115124
 9116059
 9120416
 1387127
 9126019
 9125480
 9126476
 9130496
 9130395
 9127432
 9128350
 1387132
 9129503
 9127965
 9121594
 9124211
 1351089
 9125219
 9130582
 9129866
 9129337
 9129339
 9129862
 9130063
 9128603
 9129096
 9114210
 9116244
 9122952
 9126097
 9126040
 9129186
 9096960
 9102168
 9104481
 9105355
 9108565
 9109844
 9112676
 1160502
 9116415
 9120880
 9122792
 9123488
 9122685
 9122638
 9125449
 9124392
 9126341
 9124539
 9127270
 9125356
 1318015
 9125340
 9127814
 9129936
 9127781
 9127786
 9128027
 9129908
 0964846
 9128528
 9127554
 1341296
 9128954
 9129624
 1358316
 9128861
 9128135
 9130158
 9129010
 9129146
 9129627
 9128017
 9128937
 9130466
 9130537
 9127663
 9127923
 9127797
 9130047
 9120587
 9123574
 9121211
 9126320
 9128022
 9127433
 9128857
 9129380
 9130381
 9129342
 9130227
 9127514
 9129892
 9111895
 9115354
 9115639
 1351067
 1358187
 1315165
 9119251
 9122883
 9124932
 1377298
 9127250
 9126327
 1362964
