16-07-29
 1161659
 1161660
 9085075
 9089148
 1161729
 9101207
 1161732
 9108584
 1161210
 9124032
 9127129
 9127118
 9124621
 9128676
 9129637
 9129647
 9130399
 9128794
 9130375
 9133721
 9130927
 9100304
 9109414
 1321180
 9128261
 1318030
 1318035
 9088309
 9106891
 9110471
 9116705
 9117488
 9119890
 9121728
 9124800
 9126767
 1365927
 9129632
 9129018
 9128002
 9128393
 9133618
 9130962
 9131588
 9133110
 1373399
 9130827
 9131250
 9130700
 9131211
 9131780
 9132316
 9132445
 9133545
 9133149
 1358462
 9132538
 9133047
 9131602
 9130963
 9133222
 9133690
 9130887
 9132076
 9132152
 9133497
 9121770
 9125754
 1358179
 9130969
 9133227
 9133241
 1358489
 1358073
 9123398
 9125822
 9120530
 9128225
 9132366
 1297767
 9133509
 9133010
 9132025
 9121281
 9124953
 9129356
 9128599
 9127513
 9131925
 9130663
 9132097
 9129739
 9122180
 9121444
 9122532
 9123664
 9125488
 1362451
 9108567
 9126601
 9128100
 9129094
 9129979
 9130338
 9128959
 9128311
 9130117
 9130852
 9131202
 9130753
 9132302
 9133627
 1322418
 9131783
 9132021
 9133394
 9133498
 9132767
 9133268
 9130657
 9131835
 9131584
 9131974
 9132388
 9132429
 9133408
 9131265
 9131374
 9133632
 9130861
 9132852
 9130996
 9131638
 9131585
 9133396
 9132463
 1249981
 1249982
 9115901
 1297802
 9123300
 9130511
 9127502
 9096115
 9131797
 9133836
 9077430
 9084879
 9088579
 1354848
 9092777
 9098796
 9102565
 9104456
 9106844
 9117621
 9123850
 9123121
 9121972
 9124655
 9125435
 9126421
 9126133
 9125490
 1337017
 9128088
 9130406
 9128131
 9128301
 9131283
 9132708
 9132919
 1209386
 9132666
 9132829
 9133085
 9133578
 9131266
 9116631
 9104594
 9124088
 9129410
 1358313
 9133071
 1358067
 9100665
 9106480
 9116920
 1351060
 9118113
 9123491
 9125075
 9125338
 9128634
 9128162
 9128157
 9131989
 9132199
 9133336
 9131100
 9131115
 9132322
 9133555
 9130779
 9132736
 9133078
 9133548
 9121658
 9128659
 9127273
 9109587
 9116232
 9123606
 9122552
 9122126
 9124694
 9127503
 9127771
 9128304
 9131133
 1393173
 9131633
 9133330
 9112320
 9117083
 1297821
 1351084
 9129677
 1176893
 9128222
 9128853
 9131902
 9133779
 1209369
 9130916
 9132380
 9131598
 9132575
 1297761
 9132648
 9131692
 9126581
 9126641
 9127518
 9128958
 9129915
 9132084
 9121629
 9124663
 1377287
 1337016
 9130027
 9128029
 9128080
 9130040
 9128940
 9129457
 9127698
 9128766
 9129620
 9130387
 9127993
 1161241
 9128426
 9130100
 9130132
 9131051
 9133461
 9133565
 9131286
 1358056
 9131143
 9133315
 9133566
 9130831
 9130973
 9110357
 9113984
 9113346
 9111660
 9115831
 9115995
 9117084
 9118786
 9118795
 9120376
 9122228
 9124312
 9126996
 9126012
 9128891
 9129138
 1358350
 9128733
 9128815
 9129558
 9133091
 9130961
 9132219
 9132746
 9132837
 9133238
 9133248
 9133331
 1358062
 1358786
 1358472
 1358797
 1358455
 1358453
 9133466
 9132508
 9131123
 9130976
 9132398
 9132845
 9132685
 9106078
 9103719
 9110000
 1390896
 9117628
 1202592
 9122955
 9126811
 9124530
 9124951
 9124927
 9125112
 9125119
 9126448
 9128609
 9130110
 9130168
 9128073
 9128137
 9133061
 9132180
 9133031
 9132920
 9131757
 9132768
 9131254
 9132894
 9111970
 9112983
 9124041
 9125594
 9124687
 9127192
 9128660
 9127351
 9127772
 9130435
 9130549
 1318031
 9132474
 9131232
 9132079
 9132790
 9131214
 9131226
 9131434
 1209371
 9131448
 9131751
 9132709
 1358081
 1358777
 1358458
 1358470
 9131898
 9132235
 9132719
 9132540
 9132972
 9131338
 9132873
 9131745
 9133391
 9108098
 9116644
 9119608
 9126944
 9127577
 9129761
 9128775
 9129238
 9128750
 9129351
 9130538
 9132613
 9132399
 9131727
 1373400
 9132941
 9133204
 9133722
 9132946
 9132036
 9131707
 1315959
 9133845
 9132807
 9110701
 9113709
 1297851
 1297852
 9124295
 9126016
 9128479
 9129019
 9130922
 1297753
 1297770
 9102732
 9103067
 9118628
 9129895
 9057178
 9077679
 9081691
 9101409
 9116761
 9115311
 9114659
 9122803
 1373351
 9123529
 9126824
 9125289
 9126515
 9125240
 9126864
 1318010
 1318022
 1318025
 1332449
 9127467
 9128486
 9128006
 9129977
 9129897
 9129353
 1161236
 9129201
 9129751
 9130359
 9130798
 9131102
 9131198
 9133147
 9133051
 9133033
 9131075
 9131362
 9133235
 1377959
 9131942
 9131462
 9131327
 9132255
 9131878
 1373473
 9131343
 1366625
 9131093
 9108256
 9107837
 9115283
 9117939
 9123898
 9122429
 9122777
 9122028
 9121644
 9124614
 9126405
 9125114
 9124451
 9125213
 9126659
 9129413
 9130026
 9129078
 9131982
 9133424
 9131291
 9132542
 9132646
 9130902
 9131401
 9131269
 9133587
 9131670
 9104392
 9108604
 9111827
 9118085
 9120217
 9120926
 1321178
 1160878
 9121513
 9126381
 9127274
 9127276
 9126719
 9125253
 9126656
 9127583
 1373456
 9128312
 9128910
 9129084
 9129222
 9127608
 9130539
 9132487
 9132603
 9132765
 9132777
 9133626
 9131647
 9132163
 1373496
 9133477
 9131052
 9131643
 1358779
 9133046
 9131612
 9133823
 1010057
 9103794
 9113980
 9112583
 1297855
 9121394
 1297806
 9123028
 9126159
 9125421
 1297829
 9126610
 9126598
 9128997
 9130002
 1358348
 1176879
 9129517
 9127606
 9115264
 9122032
 9123377
 9123467
 9122936
 9122447
 9123330
 9124260
 9126754
 9126047
 9126248
 9126822
 9129167
 9129453
 1296503
 9128070
 9128354
 9133357
 9131168
 9131950
 9123048
 9122076
 9122989
 9121572
 9125890
 9126464
 9126596
 9124856
 9129715
 9132550
 9131701
 9132243
 9107702
 9110648
 9113369
 9127216
 9125733
 1318017
 9129069
 9130515
 9128624
 9128778
 9128790
 9129515
 9130367
 1358175
 9128693
 9129903
 9129881
 9128189
 9127732
 9130639
 9131037
 9131422
 9131715
 9133478
 9133710
 9130784
 9131276
 9131384
 9132697
 9132750
 9133435
 9131472
 9131359
 1341397
 9132091
 9130952
 9131096
 9131553
 9131720
 9131881
 9133080
 9132864
 9132968
 9133672
 9133789
 9133183
 9131084
 9133258
 9132250
 9131830
 9121596
 1297804
 9124363
 9125783
 9131033
 9133842
 9133468
 9122932
 9126265
 9128694
 9132657
 9131111
 9131252
 1376115
 1296741
 1209381
 1209389
 9131190
 9132389
 9133546
 1365934
 9130945
 9130987
 9130645
 9131999
 9132529
 9112825
 9125387
 1191933
 9125661
 1297832
 9128315
 9130327
 1176882
 9127913
 9130046
 9132236
 9131113
 1297763
 1297765
 1318060
 1318061
 9132208
 9132906
 9133030
 1252139
 9131396
 9131014
 9127779
 9132447
 9132630
 9088493
 9087098
 9094485
 1321035
 1321036
 9119423
 9126725
 9127879
 9128936
 9129488
 9129649
 9127661
 9132656
 9130816
 9131822
 9132948
 9132952
 9133608
 9132385
 9130787
 9130853
 9133302
 9131387
 9131257
 9130822
 9132516
 9131888
 9132877
 9133191
 1358394
 1358395
 1358468
 1358469
 9133677
 9131017
 9131022
 1297762
 9132670
 9133282
 9133323
 9131547
 9131199
 9132993
 1326262
 9120257
 9123564
 9124376
 9126165
 9130766
 9133179
 9133794
 9131267
 9133130
 1315960
 9133849
 9080665
 1321336
 9087078
 9088572
 9088573
 9088574
 9088575
 9088816
 1322387
 9092630
 9094536
 1321281
 9098150
 1321287
 9100993
 9104854
 9104870
 9106188
 1393224
 1321226
 9111728
 9112254
 1322400
 9116757
 1321159
 1321163
 1322406
 9119180
 1321193
 9124181
 9126306
 9114576
 9109616
 9123346
 9095791
 9116700
 9119171
 9119731
 1296448
 9122530
 9124274
 9127054
 9125155
 9125258
 9126772
 9128663
 9130474
 9128049
 1358370
 9129417
 9130124
 9130492
 9129754
 9128739
 9128701
 9130093
 9118515
 9122206
 9122243
 9127021
 9125731
 9126852
 9130252
 1249832
 9132539
 9132008
 9131055
 9131352
 1377970
 9132694
 9132832
 9132095
 9133203
 1326267
 9078331
 9096789
 9101741
 9109709
 9118751
 9120790
 9124227
 9123758
 9124130
 9123466
 9127223
 9127268
 1373391
 9129681
 9129297
 9129236
 9128435
 9130180
 9131354
 9130706
 9132982
 9133499
 1358762
 9133189
 9130930
 9133174
 9133015
 9133259
 9133825
 9131680
 9089928
 9115475
 9120727
 9123003
 9124096
 9124183
 9124522
 9129718
 9130315
 9127650
 9090390
 9095201
 9111474
 9123098
 9124972
 9126962
 9124365
 9129899
 9129247
 9130190
 9130226
 1358324
 1358344
 9129745
 9128752
 9127741
 9127782
 9127921
 9130025
 9132649
 9132621
 9131025
 9131631
 1358774
 1358764
 1358782
 1358471
 9131064
 9132543
 9132367
 9132981
 9131917
 9133279
 9131159
 9128842
 9130985
 9133526
 9103666
 9119761
 9120286
 9124717
 1191937
 9125337
 1377285
 9125135
 9130072
 1322183
 9130800
 9132123
 1387139
 9131778
 1353366
 9083645
 9091873
 9102941
 9103234
 9121932
 9122943
 9125454
 1377284
 1358325
 9128922
 9130270
 9132735
 9131545
 9132616
 9132739
 9132354
 9132129
 9132596
 9131128
 9133084
 1321262
 9101668
 9116778
 1321161
 9124258
 9125599
 9126565
 9125282
 9125331
 9126006
 9128712
 9129127
 9130493
 9128148
 1189348
 9128405
 9130191
 9130410
 1161240
 1161245
 9130885
 9133416
 9133152
 9133257
 9133652
 9131475
 9133601
 9132965
 9133409
 9133506
 9132019
 9125151
 9127030
 9125564
 9125921
 1358368
 9125799
 9125390
 9125839
 9128590
 9128381
 9131000
 9133083
 9131020
 1209390
 9131376
 9133105
 1358389
 9132814
 1297755
 9132472
 9122423
 9126783
 9124688
 9128630
 9129091
 9129920
 1161233
 1161234
 9133251
 9132976
 9132248
 9133082
 1318056
 1318064
 1332766
 9117273
 9120793
 9118161
 9117967
 9127180
 9131880
 9106198
 9109017
 9106863
 9114466
 9120125
 9121669
 1243255
 9125813
 9125968
 9128056
 9129272
 9130120
 9130249
 9130421
 9129618
 9129932
 9130259
 9127945
 1189350
 9127985
 9130430
 9128679
 9128533
 9130756
 9131853
 9132043
 9132146
 9132926
 9133115
 9132237
 9132566
 9133423
 9133247
 9133451
 9133224
 9133628
 9131560
 9132478
 9131824
 9133392
 1366636
 9130386
 1358315
 9133253
 9103375
 9112842
 9125971
 9126149
 1377267
 9127851
 9131370
 9123109
 9128208
