16-07-30
 1362275
 9128773
 9128923
 9131625
 9132722
 9131771
 9132961
 9134462
 9136434
 9119441
 9130521
 9133535
 1318057
 1318059
 9135702
 9105889
 9108267
 9112891
 9119311
 9125066
 9126035
 9126650
 9125300
 1358194
 9128629
 9131870
 1358792
 9132390
 9131203
 9132563
 9136388
 9134564
 9134361
 9135113
 9135717
 9137001
 1373318
 9135992
 9136002
 9134544
 9136489
 9135145
 9134105
 9134405
 9134565
 1358088
 1358098
 9127688
 9129262
 9130845
 1297772
 1297782
 9135372
 9134409
 1366778
 9125503
 9126073
 9125382
 9125400
 9127301
 9105768
 1223825
 9122197
 9127299
 1358870
 1351117
 1358096
 9135252
 9136156
 9136750
 9107735
 9119648
 9121450
 9126683
 9125205
 9127936
 9127972
 9130089
 9128491
 9082836
 9097027
 1146472
 9127311
 9127607
 9125908
 9114036
 9123569
 9125590
 9125031
 9128159
 9128835
 9128855
 9133537
 9132637
 9133119
 9135668
 9136645
 9135495
 9135782
 9135890
 9136116
 9136483
 9136572
 9134802
 9135670
 9134644
 9136720
 9136417
 9134246
 9134298
 9134568
 9134346
 9135533
 9135239
 9135990
 9134786
 9135639
 9137013
 9137041
 1378580
 9136561
 9134541
 1318054
 9080640
 9100759
 9110056
 9111012
 9117622
 9120611
 9121313
 9125083
 9127266
 9129797
 9131092
 9131189
 1297760
 9132238
 9135636
 9131346
 1358780
 9137101
 9104772
 9109368
 9110668
 9116441
 9125430
 9126351
 9126750
 9126184
 9124761
 9128063
 9128186
 9129229
 9129722
 9129831
 9128920
 1209372
 1209384
 9131637
 9133219
 9133254
 9133483
 9131416
 9133337
 1377955
 9135508
 9134420
 9135943
 9134429
 9134852
 9134932
 9136028
 9134526
 9136722
 9134556
 9134016
 9134442
 9126423
 9129900
 9129231
 9099545
 9104599
 9114829
 9116881
 9132793
 9132858
 9136334
 9134168
 9134372
 9134938
 9134998
 9098265
 9101185
 9118254
 9121794
 9131341
 9132660
 1209378
 9131615
 9132188
 9132705
 9131803
 9132004
 9134446
 9136404
 9134682
 9136299
 9134227
 9126052
 1209382
 9131126
 9133098
 9124674
 9096175
 1332774
 9118012
 9127037
 9128365
 9132844
 9133037
 9132332
 9132902
 9130881
 9132167
 1358767
 9133551
 9133571
 9131492
 9131739
 9133820
 9131930
 9135581
 9135839
 9134649
 9135154
 9134414
 9135233
 9135235
 9135336
 9136159
 9112582
 1321155
 1321171
 1315964
 9107973
 9110672
 9130427
 9130929
 9132714
 9134872
 9134874
 9134900
 9136385
 9136988
 9111011
 9117749
 9117791
 9126784
 9124734
 9126410
 9127567
 9132578
 9132798
 9132040
 9132943
 9134837
 9135125
 9135571
 9135900
 9135534
 9135991
 9136315
 9136350
 9136358
 1297780
 9135041
 9136432
 9137102
 9134878
 9120673
 9121691
 9128968
 9133647
 1387141
 9134312
 9136723
 9135957
 9136596
 1393257
 9084875
 9110007
 9117546
 1318014
 9125622
 9129204
 9129250
 9130149
 9128970
 9130079
 9128720
 9131306
 9132661
 9133448
 9133470
 9133239
 9131660
 9135413
 9135652
 9134457
 9136435
 9135297
 9135927
 9136611
 9137046
 9137065
 9135340
 1362421
 9115272
 9126819
 9127107
 9130480
 9129891
 1358319
 1358322
 9128014
 9129785
 9132560
 9133524
 9132971
 9131259
 9135931
 9134437
 9134710
 9136109
 9136129
 9135879
 9136801
 9135913
 9135056
 9136891
 9080150
 9135580
 9134465
 9135464
 9094539
 9098806
 9105417
 9109983
 9112112
 9114058
 9115772
 9115899
 9119872
 9122383
 1368771
 9128992
 9127556
 9131695
 9131515
 9131702
 9133027
 9133756
 1358783
 1297769
 9131540
 9133488
 9136026
 9137089
 9135092
 9135221
 9136756
 9106940
 9110321
 9115780
 9117404
 9131406
 1209391
 9133201
 1358069
 9133245
 9131675
 9134692
 9135133
 9135473
 9136215
 9134023
 9134430
 9134084
 9135417
 9136812
 9134787
 9134877
 9135796
 9135101
 9134189
 9134796
 9135255
 9136196
 9136327
 9136337
 9136357
 9136616
 9134179
 9134889
 9135095
 9135752
 9136326
 1318036
 9131603
 9131130
 9132158
 9131801
 9134880
 9134885
 1393255
 9135475
 1304581
 9137127
 9058546
 9084601
 9088263
 9086879
 9129806
 1209373
 9132401
 9130559
 9098797
 9112911
 9111102
 9115371
 9102588
 9110673
 1376855
 9125152
 9127255
 9132503
 9131705
 9103492
 9105507
 9120202
 9130926
 9136323
 9136179
 9112936
 9125674
 9107954
 1373242
 9126508
 9126549
 1243282
 1373259
 9128672
 9128305
 9131112
 9131632
 9131892
 1373489
 9132827
 9131543
 9131580
 9133402
 9133725
 9133076
 9131028
 9132386
 9135660
 9136317
 9135613
 9134548
 9135244
 9134976
 9135452
 9134328
 9134860
 9134337
 9135486
 9135873
 1249992
 9136052
 9120432
 9123620
 9134881
 9136973
 9135197
 9109098
 9113502
 9117098
 9121362
 9123584
 9124805
 9124870
 9126507
 9129631
 9128454
 9127884
 9131555
 9131063
 9132042
 9133169
 9131328
 9131907
 9136231
 9136234
 9134538
 9136589
 9135199
 9135833
 9136799
 9136909
 9136428
 9134677
 9134114
 1160608
 9123043
 9127046
 9130037
 9129532
 9129976
 9129688
 9133679
 9133161
 1377969
 9131577
 9132432
 9132707
 9133340
 9131652
 9135797
 9135648
 9136377
 9135553
 9136737
 9136755
 9136782
 9098298
 9109257
 9110410
 9114474
 9112039
 9112372
 1297858
 9118564
 9118576
 1202588
 9121554
 1297831
 9127253
 9128593
 1358359
 1176878
 1176891
 9129570
 9128964
 9132602
 1358387
 9132868
 9132221
 9134021
 9136968
 9136899
 9134979
 9131754
 9132945
 9132564
 9131993
 1383004
 9134868
 9134952
 9135329
 9137029
 9133857
 9136993
 9136449
 1297774
 9135567
 9136401
 9136953
 9135979
 9134250
 9135810
 9135557
 9135040
 9123943
 9121289
 9121726
 9125623
 9128368
 9128453
 9128133
 9131166
 9132611
 9131716
 9132259
 9132374
 1358763
 9132473
 1252138
 9133563
 1177917
 9134091
 9134338
 9135939
 9137025
 1337023
 9134070
 9136103
 9137103
 9135016
 9134580
 9134226
 9134759
 9134924
 9135421
 9135863
 9135872
 9136339
 9136745
 9134621
 9136816
 9136398
 9136624
 9136694
 9134295
 9135136
 9135940
 1377982
 1377991
 9135602
 9134663
 9136990
 9137096
 9135477
 9135377
 9135755
 9126117
 9132711
 9134809
 9135343
 9135397
 9135841
 9134774
 9134832
 9135463
 9136140
 9136999
 9137113
 9136817
 9134943
 1297776
 9134199
 9136016
 9134739
 9134844
 9136289
 9134276
 9135015
 9116758
 9118594
 9127308
 9131763
 9135944
 9136552
 1318087
 1010322
 9134962
 9136073
 9131932
 9134848
 9136226
 9136313
 9135489
 1249995
 9135518
 1308181
 1308159
 9063113
 9065236
 0964858
 9076429
 9077231
 9085006
 9124436
 9130208
 9131145
 9133176
 9133287
 9132337
 9132792
 9132804
 9133270
 9132872
 9133763
 9137116
 9133902
 9136902
 9137080
 9135633
 1191833
 9135758
 9136551
 9134233
 9134823
 9134086
 9135393
 9135877
 9135883
 9135916
 9135945
 9135959
 9136734
 9136904
 9134092
 9135414
 9134973
 9134135
 9135813
 1308163
 9135504
 9136763
 1249996
 9134978
 9135542
 1161249
 9133572
 9133384
 9131919
 9136998
 9134287
 9137020
 9134981
 9133858
 9128569
 9128890
 9130033
 9132505
 9131296
 9131730
 9132467
 9132869
 9133260
 1297752
 1297754
 9132737
 9131367
 9131867
 9132614
 9131045
 9136650
 9135440
 9134533
 9134504
 9135401
 9136032
 9136135
 9136879
 9136482
 9110664
 9135696
 9105871
 9111774
 9119719
 9120339
 9124023
 9123697
 9122155
 9127091
 9127212
 9130205
 9130080
 9131019
 9131393
 9131651
 9132537
 9132725
 9133137
 9132796
 9133593
 9131222
 9132453
 9133068
 1296742
 9132629
 9132073
 9132121
 9132850
 9133512
 9133493
 9131050
 9135723
 9136454
 9134850
 9135725
 9135503
 9136792
 9135227
 9137000
 9133880
 1161690
 1326268
 9136486
 9053173
 9065695
 9072837
 9079775
 9079478
 9079270
 9082870
 9082777
 9082796
 9082841
 1196796
 9085831
 9088580
 9089738
 9090755
 9090356
 9092508
 1304560
 9097137
 9096746
 9097034
 9098942
 9099752
 9102438
 9099667
 9104953
 9104400
 9109613
 9107196
 9106697
 9109183
 9108550
 9110317
 9110491
 9110310
 1341063
 1358300
 9114536
 9116832
 9114664
 9117455
 9119217
 1341427
 1357769
 9120316
 9122331
 9122678
 9122233
 1387116
 9122900
 9121259
 9121148
 9121833
 9121961
 9127234
 9126678
 9127048
 9126728
 9126375
 9124874
 1326260
 9125422
 9127428
 9128682
 1341295
 9128678
 9127775
 9130527
 9128352
 9131755
 9131946
 9133567
 1358071
 9131541
 9132133
 9133726
 9133066
 1377951
 9135008
 9135821
 9134997
 1373320
 9137078
 9136445
 9134660
 9134095
 9134586
 9135756
 9113628
 9122307
 9106013
 9111429
 9115402
 9124627
 1337015
 9129832
 9131255
 9130896
 9132675
 9131564
 9132572
 1362299
 9134771
 9134699
 9136111
 1373310
 9135237
 9134744
 9134888
 9135439
 9135937
 9136352
 9135352
 9135640
 9136228
 9136547
 9134271
 9136418
 9135263
 9136793
 9134496
 9136148
 9133603
 9136683
 9100643
 9109173
 9111473
 9127261
 1322177
 9128819
 9127999
 9134552
 9109693
 9126140
 9128976
 1358326
 9129531
 9130438
 9131076
 9132679
 1209377
 9132897
 1358773
 9131219
 9132828
 1377962
 9132039
 9132400
 9132730
 9133001
 9133038
 9132504
 9133074
 9137084
 9135887
 9134737
 9134762
 9134584
 9136096
 1358093
 1358094
 9134636
 9134706
 9135727
 9136083
 9135912
 9136512
 9135437
 9114402
 9117934
 9118207
 9119832
 9121442
 9121604
 9122551
 9124979
 9124886
 1176897
 9129585
 9129175
 9129635
 9133514
 1358760
 9131246
 9132594
 9130977
 9130892
 1010317
 9134680
 9135339
 9135538
 9135608
 9136713
 9136893
 9134836
 9136070
 9136732
 9134517
 9136424
 9134628
 9134381
 9136138
 9136632
 9134508
 9136949
 9135521
 9135547
 9111213
 1365918
 1387119
 9126970
 9132274
 9132726
 9134573
 9134884
 9134917
 1358089
 9135692
 9135210
 9136431
 9135395
 9103051
 9108748
 9107962
 9115846
 9115879
 9126213
 9127995
 9133456
 9132305
 9110502
 9112974
 9111241
 9112213
 9122864
 9126322
 9126561
 9124847
 9128471
 9129928
 9131127
 9133103
 9133781
 9134047
 9134089
 9134333
 9135241
 9136279
 9134447
 9136408
 9134694
 9134795
 9135122
 9134859
 9135840
 9134013
 9136423
 9136471
 1358091
 9134749
 9135166
 1393258
 9135535
 9135955
 9136250
 9136804
 9136204
 9134604
 9134149
 9136227
 9120460
 9121620
 1318007
 1318023
 9130281
 9135474
 9136079
 1164044
 1318070
 9095647
 9109101
 9117041
 9116639
 9119909
 9124408
 9125233
 9135809
 9134912
 1359328
 9067249
 9111548
 9111288
 9121636
 9121663
 9121692
 1362255
 9130188
 9130548
 9130563
 9128009
 9128018
 1358794
