16-7-4
 8993210
 8996552
 9008131
 9007967
 9016824
 9020025
 9021453
 1234215
 1234222
 1234223
 9026140
 9027402
 9029486
 9028920
 9030859
 1294355
 9033759
 9036455
 9036635
 9035922
 1294363
 9034258
 9034611
 9036423
 9036433
 1379365
 9025600
 9032618
 9035999
 9036575
 9036662
 1339484
 9006387
 9009045
 9028580
 9029011
 9028617
 9033674
 9031760
 1223641
 9030194
 9032575
 9033376
 9035184
 9036355
 9036176
 9036125
 9036726
 1272732
 9034810
 9036868
 9035630
 9035250
 9035562
 9036773
 9036806
 9035606
 9033821
 9034443
 9036091
 1321562
 9036340
 9036347
 9031716
 9034049
 9034474
 9035293
 9025270
 9035209
 1272677
 9036476
 9020316
 9015834
 9026665
 9009878
 9017674
 9032250
 1368174
 9011586
 9013878
 9014025
 9011459
 9012882
 9015393
 9016314
 9034940
 9036138
 1354269
 9007746
 9011186
 9023586
 9027037
 9026730
 9027238
 1126345
 8930662
 8976929
 8979353
 9025893
 9026510
 9029630
 9026394
 9028444
 9032731
 9032674
 9032075
 9032771
 9033721
 1328312
 9031173
 9037478
 9036085
 9036869
 9037447
 9037457
 9034878
 9036880
 9037195
 9034352
 9036197
 9036743
 9033936
 9034623
 9035470
 1272692
 1272734
 9035011
 9036535
 9036649
 9037038
 9036174
 9035946
 9035459
 9035849
 9035783
 8976023
 9015066
 9012515
 9020050
 9024975
 9032114
 9030712
 1175420
 9034908
 8992721
 8996142
 9003062
 9000498
 9019487
 9024001
 1379979
 9027006
 9032964
 9032968
 1188215
 9030276
 9035847
 9035345
 9035369
 9036786
 9035865
 9002984
 9021377
 9012118
 9021683
 9021941
 9023806
 9026143
 9029206
 9032627
 9032013
 9032213
 9032644
 9032868
 9032973
 1359157
 9005795
 9010532
 9009558
 9011561
 9013168
 9017058
 9024353
 9026696
 9031489
 9031608
 9032866
 9032676
 9034656
 9036699
 9037026
 9037256
 9029374
 1328306
 9035625
 9037252
 9036567
 9036375
 9033895
 9036737
 9035911
 9034486
 9037097
 9035969
 1365638
 9035508
 9034766
 9011432
 1308503
 1308504
 1308509
 1308514
 1308515
 1308520
 1308521
 1308526
 1308537
 9018216
 9021405
 1308547
 9033392
 1294311
 9025071
 9027063
 9027118
 9030923
 9032762
 9032997
 9035744
 9033786
 9035131
 9035936
 9034262
 9036208
 9034759
 9032562
 9031292
 9030398
 9037422
 9034965
 9035559
 9037260
 9034604
 9036847
 9037002
 1368189
 9035525
 1321148
 9011421
 9028046
 9028410
 9028786
 9030549
 9033292
 9030362
 9036186
 9034690
 1294365
 9009868
 9008265
 9014465
 9017234
 1354528
 9029463
 9031395
 9032230
 9032801
 9031894
 9030209
 9032134
 9032418
 9032020
 9030623
 9031123
 9032612
 9036051
 9035483
 9037355
 9036047
 9036816
 9036730
 9035438
 9034829
 9037329
 9036582
 9036227
 9036330
 9034590
 9034074
 9003157
 9009101
 9013989
 9012842
 9020480
 9025158
 9025645
 9028519
 9029042
 1368304
 9027483
 9032789
 9029986
 9032888
 9031997
 9033414
 9030625
 9034927
 9036278
 9035031
 9037043
 9037182
 9037259
 1272678
 9035328
 9035935
 9036665
 9037360
 9037371
 9035912
 9036974
 1368166
 1368169
 1366060
 1366144
 9036293
 9034066
 9034101
 9034499
 9032812
 9013900
 9013921
 9029500
 9027204
 9027803
 9028667
 9027533
 9033394
 9031204
 9032037
 9032885
 9030649
 9032902
 9033524
 9032861
 1328253
 9035866
 9034323
 1368167
 1368191
 9035038
 9037406
 9034146
 9035775
 9017251
 9022551
 9029036
 9028389
 9032872
 9032480
 9031846
 9032537
 9030537
 9032131
 9031922
 9032502
 9034319
 1165482
 9034573
 9034404
 9037142
 9037258
 9034574
 9035568
 9034155
 9034189
 9035680
 9034764
 9035196
 9036371
 1339493
 9033956
 9034018
 9034529
 9035632
 9035683
 8989211
 9006937
 9007149
 9012467
 9011407
 9015197
 9016590
 9017171
 9021682
 9017392
 9024104
 9024073
 9025850
 9025921
 9027704
 9028708
 9032496
 1294356
 9033955
 9034062
 9033783
 9035090
 9037101
 9037147
 9036981
 1321570
 9036327
 8962687
 8978014
 9021862
 9036948
 1321008
 9005163
 1188205
 9032983
 9036006
 9037313
 8988160
 8992715
 8996557
 9009008
 9010867
 9011049
 9014561
 9025636
 9024494
 1321618
 9028010
 9028824
 9027452
 9029810
 9033728
 9033382
 9033200
 9030764
 9030192
 9031112
 9035004
 9034179
 9035236
 9034350
 9034605
 8989917
 8993231
 8993412
 9003485
 9002498
 9005471
 9008537
 9008198
 9011541
 9014163
 1323836
 1188848
 9015913
 9019418
 9018849
 9024457
 9026956
 9026191
 9027635
 9031080
 9031763
 9031207
 9030316
 9031777
 9030314
 9034278
 1354599
 9034321
 9034226
 9035155
 9036615
 1323233
 1272691
 9035481
 9034314
 9036760
 1321567
 9035106
 9027193
 9031845
 9033809
 9035519
 9035564
 9018132
 9025609
 9023810
 9022873
 9022928
 1223618
 9026212
 9026348
 9028179
 9027566
 9030708
 9030848
 9031895
 9031908
 9030588
 9031939
 9031977
 1366126
 1198821
 9034767
 9035340
 9036177
 9037224
 9034345
 9034111
 9034744
 9035860
 9034953
 9034756
 1328316
 8999979
 9021041
 9023720
 9024082
 9026425
 9029601
 9029360
 9027559
 9027747
 9027032
 9032599
 9032243
 9030255
 9031486
 9032122
 9036295
 9036356
 9036629
 1354614
 9034719
 9035755
 9035520
 9037051
 9034441
 1379902
 9036644
 1294341
 9034739
 9034758
 9035489
 9036791
 9035663
 9036328
 9037169
 9034365
 9033979
 9036698
 9037401
 9034687
 9035843
 8965152
 8998327
 1188353
 1188355
 1188807
 9008103
 9015916
 9021475
 9020186
 1188739
 9017492
 9019312
 9017645
 9018486
 9018728
 9022866
 9022948
 9025875
 1188450
 9026766
 9028754
 1188280
 9027089
 9031734
 9032090
 9032223
 9030957
 9032947
 9030631
 9032116
 9015001
 1165469
 9030721
 9031807
 9032918
 9033131
 9033239
 9032835
 9032881
 9032998
 9036149
 9036524
 9035348
 9035385
 9036693
 1368186
 9037185
 9034336
 9034915
 8979393
 9005752
 9008885
 9019222
 9018895
 9024961
 9023065
 1354502
 9029141
 9027517
 9028079
 9029727
 9029668
 9026676
 9026310
 9027805
 9032715
 9033627
 9033182
 9030207
 9031899
 9032605
 9031250
 9033226
 9033708
 9032578
 1202845
 9036946
 9036954
 9034844
 9034960
 9036181
 9036472
 9036713
 9037368
 9037461
 1354597
 9034981
 9035896
 9036308
 9036790
 9037151
 9034356
 9034711
 9036190
 9035406
 9034382
 9037058
 9037061
 9037165
 1272680
 1272738
 9035033
 9034457
 9037348
 9034753
 9034972
 9036912
 9037410
 9035323
 9035047
 9036855
 9032232
 9032679
 9034164
 1272684
 9035040
 9036222
 9035296
 9036955
 1304164
 1321650
 9034125
 9035670
 9036061
 9036090
 9035825
 9033246
 9030234
 9035350
 1272701
 9037238
 9034580
 9036776
 1339494
 9003534
 9007403
 9015064
 9018341
 9025808
 9029442
 9029328
 1286510
 9021101
 1390668
 9022559
 9024316
 9023043
 9024210
 9024226
 9023272
 9026763
 9028279
 9028582
 9028657
 9030800
 9032346
 9031783
 9033269
 9031219
 9031357
 9032141
 9030808
 9030313
 9032064
 1294357
 9032251
 9030542
 9032208
 9032658
 9032897
 9033758
 9035043
 9035160
 9037033
 1354571
 9036499
 9036814
 9034726
 9036643
 9034983
 9037156
 9037239
 9037280
 1272709
 1272712
 9037087
 9035429
 9037244
 9036842
 9036929
 9033884
 1126899
 9035552
 9035138
 9036769
 9036867
 9037436
 9035377
 9035394
 9035411
 1339492
 9035304
 9034260
 9035626
 9034231
 9034895
 9035654
 9006247
 9020785
 9024939
 9028768
 9030067
 9031776
 9032589
 9031242
 9030723
 9032722
 9030381
 9037432
 9036443
 9036057
 1165480
 1165477
 1165473
 1165474
 1165472
 1165478
 1165475
 9036302
 9035231
 1272706
 9037144
 1339499
 9034069
 9034121
 9036081
 1188354
 8993002
 8993327
 8992720
 8996615
 8999288
 9002266
 9003044
 9000103
 9004084
 9007465
 9007510
 9007539
 9009492
 9022466
 9029551
 9028548
 9030546
 9031079
 1323760
 9032463
 9033562
 9031971
 9032882
 9030737
 9034033
 9033837
 1379751
 1379890
 9035458
 9036872
 9034600
 1198851
 9037412
 9036382
 1328319
 1328317
 8996030
 9001167
 9012338
 9016081
 9021653
 9021360
 9020289
 9027326
 9027124
 0893974
 9027734
 9026282
 9026451
 1294337
 9031402
 9032962
 9033256
 9032768
 9032778
 9031873
 9032299
 9033117
 1379994
 9030804
 9031983
 9030353
 9033192
 9033287
 1249020
 9030488
 9032164
 9034032
 9034776
 9033966
 9034274
 9036827
 9034575
 9035095
 9036990
 9036036
 9033970
 9036426
 9020053
 9032195
 9033493
 9030403
 9031560
 9035454
 9036920
 9034371
 9034732
 9035742
 9036373
 9034268
 9034901
 9035024
 9037074
 9037316
 1198868
 9035013
 9035895
 9035907
 9036067
 9032838
 9037070
 8999964
 9010873
 0893964
 9022513
 9024334
 9024330
 9024442
 0893972
 0893975
 9028738
 1126881
 9034535
 9035573
 1294366
 9037203
 9036188
 9034845
 9037435
 9034517
 1321558
 9020742
 9017765
 9024118
 9026589
 9026563
 9029329
 9027829
 1126875
 9031986
 9032048
 9030501
 9031259
 9030189
 9031343
 9032520
 9032930
 9033400
 9030236
 9032769
 9030231
 9031310
 9031692
 9031999
 9032118
 9033542
 9033425
 9033519
 9030453
 9031762
 9031511
 9032367
 9034351
 9036167
 9036753
 9035845
 9037127
 1272707
 9036105
 9036764
 9035950
 9034166
 9036313
 9037326
 9037328
 9033996
 9036613
 9036578
 9035506
 9003608
 9014244
 1308513
 9018860
 9018676
 9019547
 9023193
 9024206
 9022390
 9023213
 1321634
 9031277
 9031460
 9033332
 9032121
 9033198
 9032330
 9031321
 9032031
 9032253
 1332400
 9036694
 0893990
 1354593
 1354594
 9035991
 9036312
 9036511
 9036831
 9037123
 9035893
 9037006
 9037105
 9037141
 9037375
 9035399
 9035314
 9035842
 9033958
 9034154
 9028118
 9030634
 9033702
 9030536
 9028113
 9029913
 9032647
 9031606
 9032913
 9034324
 9034736
 9033784
 9033915
 9033938
 9034887
 9035158
 9036587
 9036073
 9004536
 9018091
 9027799
 9028328
 9027606
 9029929
 9033039
 1354566
 9034827
 9034610
 1366150
 1198866
 1365629
 9036435
 9013364
 9011939
 9015874
 9018243
 9018869
 9024105
 1332368
 9023340
 1165476
 1304157
 9010704
 9010062
 9027642
 9032788
 9032856
 9033570
 9033580
 9031610
 9032102
 9030458
 1294360
 9031953
 9033217
 9030538
 9033662
 9033186
 9033930
 9034246
 9034700
 9035315
 9036530
 9036889
 9037310
 9036670
 9037124
 9037294
 9034819
 9034067
 9034202
 9037250
 1272737
 9037210
 1175433
 9035407
 9037383
 9034079
 9034488
 9017620
 9020807
 9032909
 9032287
 9036596
 9011040
 9012461
 9020404
 9033741
 9032029
 9032047
 9030393
 1010883
 9015449
 9018780
 9019072
 9025702
 9035914
 9037357
 9035917
 9036261
 9038898
 9039662
 9041211
 9037805
 9040051
 9015072
 1272671
 9029812
 9030388
 9036882
 9037407
 9041262
 9041264
 8994183
 8993171
 9003771
 9024787
 9024885
 9028767
 9033603
 9036494
 9037855
 9038244
 9038891
 1354682
 1354978
 9041119
 9037680
 9037803
 9039535
 1294380
 9039738
 9040585
 9039572
 9039771
 9038552
 1196672
 9039309
 9037287
 9034847
 9034956
 9035193
 9036357
 9039275
 9038867
 9040198
 9040334
 9040086
 9011972
 9027095
 9029646
 9029837
 9030868
 1368175
 9040132
 1188109
 9038405
 9008597
 1188830
 9027254
 9017271
 9020283
 9021098
 9021390
 9019188
 9019833
 9017287
 9038436
 9039617
 9037686
 9038181
 9008287
 9021063
 9025688
 9024624
 1239692
 9028383
 9027912
 9030961
 9032723
 9035675
 9036891
 9034372
 9010658
 9014835
 9023681
 9033028
 9031205
 9032305
 9028395
 9031996
 9033697
 9034174
 9032132
 8991094
 9015080
 1294284
 9016735
 9030895
 9034057
 9036926
 9034718
 9035190
 9035738
 9035240
 9035005
 9036117
 9035942
 9039465
 9040603
 9040976
 9040254
 9040266
 9040712
 9041062
 9038753
 9037775
 9038669
 9038184
 9039734
 9040300
 9040118
 9038311
 9038427
 9039511
 9037893
 9039375
 9039745
 9039245
 9039690
 9039090
 1328327
 1328329
 9039409
 9040820
 9040122
 9033202
 9033452
 9030815
 9033033
 9033701
 1294367
 9040707
 9039358
 9037563
 9040710
 9037998
 9037822
 1308505
 1308538
 9034547
 9036928
 9039273
 9039522
 9038765
 9006692
 9004057
 9014563
 9014790
 9011829
 9011842
 9016210
 9017791
 9020180
 9019756
 9018887
 1126629
 9024977
 9024645
 9024607
 9023776
 1354546
 9029273
 9029400
 9027281
 9028146
 9030225
 9032237
 9031175
 9030786
 9034215
 9037362
 9035497
 9036979
 9038642
 9040193
 9041126
 9037975
 9038541
 9038938
 9037813
 9037970
 9038106
 9039877
 9007354
 9022838
 9026142
 9030603
 9028164
 9028401
 9028583
 9031958
 9031439
 9039294
 9039378
 9039571
 9040233
 9011489
 9013034
 9024342
 1243655
 9027776
 9036151
 9034378
 9034339
 9035710
 1321013
 1354987
 9038689
 1188749
 9041066
 1014334
 9022183
 1354534
 1294330
 9027246
 9022319
 9033838
 9034569
 9025321
 9032862
 9035878
 1365648
 9037801
 9039288
 9040524
 1366070
 9010715
 9032737
 9033787
 1272733
 9035645
 9034272
 9034115
 9038715
 1294343
 9010821
 9016638
 9021686
 9026650
 9027911
 9032823
 9033419
 9032420
 9033208
 9033696
 9036490
 9035015
 1272722
 9036648
 1321012
 9037520
 9037948
 9037980
 9039709
 1188104
 1223642
 9032607
 9032069
 9032357
 9033061
 9036095
 9036106
 9038172
 9038269
 9040236
 1294378
 8991384
 9007407
 9018573
 9017694
 9025575
 9031851
 9030338
 9031551
 9030238
 9034173
 9035097
 1328255
 9036586
 9037850
 9038696
 9040439
 9039697
 9040115
 9041191
 9038563
 9039507
 9038925
 9038162
 9040021
 9040623
 9040986
 9040727
 9040628
 1160177
 9039665
 9040877
 9039140
 1328325
 9039772
 9008114
 9012742
 9019122
 9019778
 9020467
 9030792
 9031945
 1354687
 9038890
 9040121
 9038852
 9039726
 9041041
 9037678
 9040402
 9038498
 1188283
 1160176
 9038769
 9037838
 9040737
 9039528
 9040102
 1291822
 1368654
 8995197
 8997303
 9004255
 1243611
 9009632
 9013360
 9012169
 9012198
 9011207
 9012874
 9013324
 9015349
 9018965
 9018068
 9021701
 9018977
 9022222
 9022083
 9022205
 9025290
 9029626
 9028996
 9026986
 9027594
 9028856
 9028927
 9029422
 9026086
 9032351
 9033098
 9033050
 9033204
 9030770
 9030499
 9031504
 9032615
 9031295
 9032875
 9034150
 9036903
 9037176
 9037297
 9035778
 9033744
 9034936
 9035402
 9035905
 9037303
 1368177
 1368180
 9036797
 1304160
 9036418
 9037405
 9037417
 9037433
 9035069
 9035739
 9036049
 1354970
 1354686
 1355000
 1354710
 9038367
 9039372
 9040088
 9040864
 9041139
 1160555
 9041254
 9038410
 1163958
 9038467
 8996469
 9013869
 9028266
 9028917
 9027352
 9030452
 9032126
 9036661
 9034655
 9036103
 9036861
 9037103
 9037430
 9034398
 9039069
 9037946
 9038225
 9041084
 9041166
 1354680
 9039168
 9039922
 9040855
 9038245
 9039194
 9039411
 9040681
 9037679
 9038492
 9041226
 9038044
 9039105
 9039582
 1198883
 9038317
 9039097
 9039371
 9039811
 9039919
 9040311
 9040335
 9039002
 9037555
 9039861
 9038780
 9039208
 9040789
 9038695
 9038706
 9000239
 1234216
 9028494
 9027219
 9029064
 9029624
 9031408
 9032631
 9032571
 9033409
 9031781
 9030776
 9036156
 9036572
 1294364
 9034267
 9036306
 9037438
 9037535
 9039687
 9040596
 9040606
 9037532
 9040725
 9039491
 9037885
 9034442
 9036367
 1272716
 9039614
 1188290
 9040416
 9039043
 9027471
 9021703
 1354529
 1188201
 9027291
 1382593
 9032879
 9033209
 9031172
 9032777
 9017836
 9023329
 9031238
 9036100
 9036424
 9033935
 9035836
 1321559
 9039875
 9039770
 9037726
 9038505
 9041069
 9041248
 9038083
 8991317
 9016381
 9017260
 9017856
 9028019
 9027722
 9031287
 9033707
 1321644
 9031251
 9032515
 9036761
 1272741
 9037257
 9035953
 1321556
 9036038
 9036782
 9035546
 9038704
 1323628
 9038556
 9038111
 9038364
 9039022
 9040379
 9030465
 9031631
 1366009
 9036705
 9035556
 9038828
 9040625
 9040261
 9038230
 9039044
 9039218
 9039858
 9016532
 9023198
 9033623
 9030435
 9032135
 9032859
 9033181
 9031539
 9032044
 9035899
 9035813
 9036858
 9039098
 9039790
 9039794
 9038833
 9041143
 9037802
 9040758
 1014555
 9040778
 1243203
 9038030
 9009421
 9015911
 9019451
 9020959
 9022507
 1294327
 9031182
 9034464
 9035309
 9036935
 9034941
 9034957
 9036947
 9035601
 9039298
 9039401
 1354960
 9040389
 9037750
 9038577
 9039541
 9039670
 9041138
 9041213
 9040138
 9039281
 9040794
 9039119
 9038970
 8968366
 8972858
 8979049
 8994486
 8997067
 1192280
 9003615
 9005427
 9008209
 1304206
 9011441
 9021040
 9017932
 9018294
 9035317
 9040774
 9038092
 9038787
 9038632
 1165483
 9035661
 9039494
 9040096
 9040979
 1188285
 9039193
 9039266
 9039981
 9022820
 9025324
 9026840
 9029543
 9026269
 9026608
 9027132
 9031515
 9030015
 1294352
 9033540
 9032457
 9035580
 9037308
 9033788
 9034081
 1272686
 1272729
 9035823
 9036199
 9034880
 9036195
 9035318
 9034970
 9034584
 9035760
 9034786
 9037146
 9036145
 9039542
 9039681
 9040066
 9040460
 1354649
 9038748
 9040620
 9041028
 9041081
 9038935
 9039150
 9039191
 9039243
 9039641
 9040558
 9038037
 9038034
 9038543
 9039842
 9040079
 9040581
 9040602
 9040630
 9041001
 9037646
 9038936
 9040065
 9040074
 9038723
 1294373
 1294374
 9041259
 9040399
 9038465
 9040296
 9040356
 9041000
 1160560
 1160561
 1160191
 9039155
 9040579
 9041178
 9038729
 9039008
 1294333
 1294334
 9031938
 9037426
 9041256
 9038876
 8990149
 9018499
 9024669
 9027883
 9026163
 9036940
 9034313
 9034327
 9036204
 9036141
 9036094
 9037041
 9036606
 1368184
 9034309
 9034904
 1243584
 9034118
 9036277
 9036765
 9035598
 9039837
 9039840
 9039121
 9039127
 9039232
 9039253
 9039384
 9039600
 9039658
 9040975
 1188113
 1188108
 9040999
 9039803
 9038508
 9037760
 9023549
 9028132
 9031726
 9035565
 9037139
 1354635
 9037932
 1188297
 9039296
 9039274
 9038079
 9040388
 9017782
 9030481
 9032555
 9033969
 9035618
 9036856
 9034945
 9036702
 9040037
 9040733
 9037786
 9040487
 9039093
 9038504
 8952111
 8962852
 8977097
 8981339
 8984726
 9000099
 9006561
 9029174
 9028455
 9028946
 9028265
 9029229
 1249016
 9028576
 9033049
 9032960
 9032780
 9036310
 9036431
 9037007
 9036583
 9036589
 9034009
 1272740
 9034301
 1365633
 1321649
 9034888
 1126809
 9039244
 1354965
 9039748
 9040431
 9040508
 9040768
 9040907
 9039213
 9039716
 9038675
 9037787
 9038680
 9040726
 9038039
 9039463
 9040267
 9038463
 9040619
 9041209
 9038993
 1294344
 1294345
 9038954
 9039638
 9037891
 9039198
 9040679
 9041107
 9040879
 9039566
 9039271
 9039278
 9038239
 9039872
 9038717
 9040289
 1249149
 9039020
 9038392
 9040240
 9026341
 9030956
 9032948
 9037188
 9036656
 9033893
 9034992
 9036070
 9035253
 9036388
 9036664
 9037079
 9039780
 9040702
 9039200
 9039343
 9039666
 9039299
 9040000
 9038569
 1294377
 9038216
 1165479
 9037527
 9037534
 9032006
 9034774
 9034128
 9040995
 9039483
 1188105
 9038933
 9039619
 9039863
 9039544
 9001486
 9002081
 9003814
 9007399
 9010845
 9012229
 9011678
 9016669
 9017364
 9021144
 9021769
 9023437
 1321615
 9027972
 8992950
 9003149
 9021368
 9019018
 9018792
 9017114
 9017385
 9025178
 9025293
 9025585
 9025203
 9025354
 9022908
 9027543
 9029347
 9029571
 9029636
 9027552
 9028037
 9029470
 9029701
 9032239
 9032951
 9033149
 9033224
 9031381
 9032358
 9032049
 9033296
 9031164
 9033175
 1321647
 8999647
 8998323
 9010075
 9012915
 9022894
 9035863
 9036654
 9034768
 9034322
 9035903
 9036794
 9037100
 9037323
 9034851
 1339495
 9039988
 1354637
 9040639
 9040871
 9040112
 9040927
 9041169
 9038596
 9038665
 1160554
 9040188
 9040336
 9038112
 8988096
 8995839
 8994837
 8998360
 9001066
 9006048
 9004700
 9009399
 9009409
 9010665
 9009595
 9011154
 9011167
 9011810
 9011947
 9013498
 9015235
 9015367
 9017561
 0893965
 9018376
 9020363
 9019522
 9017579
 9022783
 9023774
 9025459
 9025892
 9026073
 9026050
 9029782
 9026811
 9028510
 9026765
 9028900
 9026183
 9027194
 9027336
 9026473
 9027076
 9028231
 9029655
 9029811
 9032000
 9033306
 9031328
 9031856
 9030713
 9032916
 9032182
 9030790
 9031141
 1198815
 9030161
 9030291
 9032616
 9032659
 9032687
 1332453
 9034542
 9037036
 9037358
 0893989
 1354584
 9037186
 9034039
 9034175
 9035457
 1272687
 1272718
 1294370
 9034157
 9035853
 9035486
 9034354
 9035207
 9036724
 9036492
 9040411
 9038820
 9040417
 9040511
 9041208
 9039315
 9041038
 1188745
 9037882
 9038049
 9039277
 1366071
 9039639
 1126798
 9001861
 9026960
 9028439
 1304243
 9026677
 9031779
 8963987
 9021070
 9023662
 9023891
 9031936
 9031291
 9033096
 9031834
 9034013
 1354598
 9035442
 9035730
 9034145
 9034638
 1272714
 9037206
 9034839
 9037582
 9037695
 1323643
 9038782
 9040369
 9037562
 9038699
 9038886
 9039850
 9040791
 9038397
 9038270
 9040397
 9039223
 9038137
 9040721
 9040479
 9038495
 9020475
 9032724
 9036171
 9037230
 9038934
 9039192
 9040503
 9040936
 9020221
 9040150
 9040594
 9040172
 1294375
 8997401
 9006251
 9010263
 9026204
 9037155
 9034613
 9036895
 1354625
 9038858
 9038897
 9039399
 9038987
 9040250
 9039148
 9040644
 9040286
 1188482
 8997490
 1376081
 9012449
 1382573
 9016168
 9023119
 1202835
 9028144
 9028233
 9027779
 9032234
 9032635
 1188214
 9030348
 9031773
 9036205
 9035118
 9037063
 9036604
 9038069
 9039321
 9039341
 9039849
 9040110
 9040214
 9041057
 1354983
 9041033
 9039015
 9040803
 9041147
 9040738
 9040849
 9039352
 1188102
 9039182
 9040673
 9040811
 9038280
 9038595
 9039057
 9040953
 9038491
 9040962
 9027230
 9028719
 9036161
 9034795
 9036457
 9034136
 9032809
 9030617
 9035805
 9036368
 1272689
 9034409
 1198875
 1198888
 9039805
 9028651
 9034644
 9033953
 9036268
 9038159
 9039534
 9007388
 9021517
 9025404
 9024043
 9023304
 9026855
 9031240
 9032799
 1165424
 9031301
 9031184
 9032752
 9032954
 9033929
 9036703
 9034537
 9037282
 9036276
 1294368
 9036003
 9035574
 9036211
 9036405
 1365639
 9034510
 1328313
 9037540
 9038417
 9038134
 9039303
 9039767
 9040622
 9040283
 9040400
 9038655
 9038682
 9038710
 9039404
 9039573
 9040560
 9039679
 9038117
 9038581
 9040770
 9041170
 9039066
 9040241
 9040792
 1294383
 9038992
 9039995
 9040185
 1160174
 9037987
 9038224
 9040391
 9040566
 9041241
 9038125
 9038445
 9038431
 1321626
 1240933
 9023591
 9030898
 9032638
 9036311
 9038414
 9039471
 9040045
 8945777
 8979643
 9000446
 9006263
 9009949
 9035292
 1321146
 1321149
 9034885
 9039525
 9039441
 9039207
 9034899
 9034367
 9036390
 9037661
 1188294