16-7-5
 8998638
 9022427
 9023127
 9033558
 9037295
 9038681
 9039807
 9040041
 9041035
 9040245
 9038818
 9042104
 9044302
 9042143
 9042473
 9042514
 9042775
 9042996
 9044333
 9044390
 9042550
 9042495
 9025919
 9036625
 9034364
 9037427
 1321563
 9040104
 9040763
 9039058
 9044791
 9041389
 9044306
 8995136
 9001961
 9003471
 9005750
 9005518
 9013460
 9013912
 9012559
 1361125
 9014938
 9015083
 9013987
 9018571
 9023984
 9028365
 9034479
 9034406
 9037152
 9039285
 9039725
 9038826
 9039311
 9040781
 9041026
 9043409
 9041933
 9042221
 9041697
 9043446
 9042163
 9041967
 9044088
 9044623
 9044469
 9041738
 9043115
 9043237
 9041988
 9043712
 9044537
 9042534
 9043614
 9003783
 9005259
 9033157
 9032945
 9036169
 9034872
 1354676
 9039719
 9038783
 1354658
 9042966
 9041706
 9042042
 9041337
 9043732
 9042440
 9012797
 1366185
 9003782
 9003492
 8993881
 9021849
 9023091
 9023635
 9023682
 9024119
 9022370
 9024952
 9025243
 9026734
 9027149
 9027202
 9028509
 9028588
 9028664
 9028817
 9026414
 9026893
 9026912
 9028398
 9031270
 9031005
 9032002
 9032554
 9032454
 9032742
 9032837
 9034834
 9035956
 9036890
 9034270
 9041278
 9037908
 9038736
 9037957
 0775866
 9035534
 1272699
 1272704
 9038080
 9000078
 9002256
 8995259
 1307519
 9036758
 1175582
 9041894
 1307566
 8999367
 9003509
 9005248
 9007787
 1304207
 9011098
 1308522
 1294290
 9024451
 1294310
 9022895
 9025503
 1294325
 9032087
 9033247
 9032775
 1294351
 9030581
 9034581
 9037154
 1272675
 9034519
 1294362
 9034785
 9035541
 9036728
 9037663
 9037754
 9040601
 9040555
 9039175
 1294371
 9044788
 9043201
 9043205
 9044686
 9044163
 9043532
 9043725
 9041627
 9041702
 1323456
 9041982
 9042302
 9042567
 9043294
 9043525
 9043915
 9042444
 9043346
 9044674
 9042491
 9042635
 9044095
 9043743
 9043340
 9043707
 9044436
 9010843
 9012017
 1188829
 9020512
 9020810
 9017396
 9022521
 9027903
 9030765
 9033625
 9031305
 9037978
 9038904
 1354470
 9013265
 9018081
 9022574
 9028451
 1223621
 9029201
 9026430
 9027363
 9032572
 9030151
 9032950
 9037024
 9035963
 9039349
 9039327
 9039848
 9040824
 9039443
 9040506
 9038407
 1126903
 9044635
 9043896
 9044560
 9043118
 9044120
 9041838
 9042030
 9031374
 9002932
 9006580
 9012508
 9012939
 9016043
 9018475
 9031989
 9031356
 9033873
 1272735
 9036843
 9039082
 9041555
 8991203
 8993544
 9008318
 9011353
 9010952
 9012472
 9028724
 9032160
 9030720
 9037904
 9039330
 9039353
 9038329
 9039095
 9042980
 9043304
 9041754
 9042349
 9042861
 9042333
 9026145
 9030204
 9031148
 9036300
 9035570
 1323631
 9029885
 1379418
 9009844
 9020598
 9035434
 9036159
 1249028
 9038451
 9039178
 9039231
 9023649
 9003278
 9025779
 9028891
 9035652
 9035993
 9040256
 1294342
 9037545
 9042956
 9041977
 9044773
 9043930
 9044852
 9035446
 9037040
 9034679
 9038265
 9039887
 9039825
 1188292
 1188298
 9038754
 9043049
 9041746
 9043973
 9044702
 9044609
 9042548
 9041815
 9042537
 8991054
 9008538
 9031536
 9040095
 1354657
 9044772
 9043347
 9043807
 1294387
 8997483
 9020793
 9026952
 9033431
 9031744
 9036182
 9037253
 9037416
 1321555
 9034203
 9040716
 9040757
 9039939
 9040259
 9043601
 9041922
 9043307
 9043960
 9044848
 9044854
 9042500
 1160599
 1236816
 9042649
 9041854
 9044582
 9002466
 9005116
 9032415
 9032553
 1322287
 9034475
 9034724
 9036623
 9036553
 9035359
 9034271
 9034963
 9034103
 9035801
 9035881
 1354961
 9038848
 9040139
 9040212
 9040447
 9038939
 9040779
 9038740
 9038460
 9039800
 1354692
 9042737
 9044554
 9044556
 9043219
 9044486
 9042400
 9042874
 1365713
 9042761
 9043630
 9043667
 8988738
 9004455
 9004797
 1354410
 9009798
 9009806
 9014492
 9015764
 9029993
 9032150
 9035984
 9041161
 1188747
 1312452
 1312453
 9040632
 1382399
 9042818
 9042841
 9044548
 9042314
 9043369
 9043065
 9042556
 9044689
 9023367
 9027758
 9031074
 9032766
 9031840
 9030037
 9036599
 9036468
 9036477
 9040422
 9040429
 9040386
 9037875
 9040364
 9041653
 9042373
 1165489
 1165487
 1165485
 9043290
 9042046
 9042612
 9042981
 9043775
 9044245
 9041901
 9043070
 9042793
 1382622
 9042367
 9043261
 9043452
 9043837
 9042298
 9042922
 9044694
 8998832
 8996796
 9000864
 9004688
 9005113
 9017486
 9022192
 9031867
 9033074
 9031624
 9034366
 1321554
 9034149
 9039705
 9040068
 9040128
 9039757
 9040731
 9041802
 9042501
 9042508
 9042520
 9043781
 9044113
 9043444
 9044081
 9044100
 9043378
 9043186
 9043197
 9041316
 9041594
 8963521
 8968920
 8967589
 8977478
 8978784
 8999903
 9028818
 9033724
 1354585
 9034869
 9041247
 8995991
 8999961
 9009948
 9035628
 9036173
 9034775
 9040313
 9041168
 9038452
 9041210
 9044693
 9041475
 9042482
 9042117
 9004715
 9031619
 9033645
 9034817
 9034648
 9034560
 9037119
 9034616
 9039781
 1354654
 1354959
 1354975
 9038604
 9038251
 9038204
 9039054
 9038750
 1126837
 9041755
 9041959
 9042930
 9043081
 9044580
 9043001
 9042755
 9043207
 9041926
 9042806
 9044194
 9044757
 9041349
 9035079
 1354968
 9042364
 9042084
 9044211
 9043090
 9043353
 9042730
 9041781
 9043923
 8992878
 8994091
 9006061
 1191150
 9024371
 9029085
 9030295
 9032815
 9036220
 1272690
 1272742
 9036840
 9036911
 9039798
 9040713
 9040743
 9040061
 9039458
 9039477
 9038576
 9040165
 9040909
 9038267
 9038539
 9039868
 9042061
 9042317
 9042340
 9042879
 9044579
 9010233
 9013822
 9017677
 1321628
 9030861
 9032339
 9036437
 9036465
 1354958
 9038292
 9038033
 9039554
 9039723
 9037976
 9042275
 9044254
 9043204
 9044220
 9043734
 9041621
 9043972
 9044613
 9044626
 9043720
 9044286
 1160578
 1160302
 9043975
 9043992
 9043515
 9034882
 9015771
 9037324
 9040537
 9039027
 1160553
 9043375
 9044796
 9043105
 9044630
 9044782
 1379477
 9026586
 9034886
 9035264
 9035566
 9035750
 9036378
 9036445
 9037913
 9040285
 9040072
 9038971
 9042494
 9043063
 9043242
 9043302
 9044102
 9044160
 9041519
 1354700
 9044209
 9044770
 9041704
 9042912
 9042990
 9043450
 9043464
 9043683
 9044734
 9043838
 9042515
 9042782
 9042983
 9043504
 9044586
 9042406
 9043850
 9041326
 9041778
 9041820
 9042987
 9044301
 9043771
 1160593
 9042360
 1321503
 9042174
 9043104
 9042101
 9019449
 9032880
 9031793
 9031798
 9032836
 9033371
 9031087
 9034333
 1321657
 9043811
 9043886
 1354673
 9043147
 9043099
 9043430
 9043493
 9043563
 9044589
 9041990
 9043963
 9044159
 9041480
 9041953
 9044570
 1321059
 9027298
 1188276
 9027436
 9027111
 9035286
 9037949
 1354963
 1188299
 9038426
 9043050
 9044605
 9041420
 9044616
 9042924
 9043751
 9043310
 9044505
 1321598
 1321600
 9043222
 9042376
 9024756
 9022784
 9028772
 9038720
 9042344
 9044479
 9041945
 9042851
 8966618
 8969444
 8974998
 8980832
 9001472
 9003792
 1382575
 9016205
 1232114
 1232141
 9026722
 9033504
 9030744
 9033129
 9034232
 9034696
 9034514
 9038990
 9038084
 9039958
 9038312
 9037951
 9042401
 1294252
 9025612
 9028186
 9033354
 9035451
 9038631
 9039693
 9039135
 9040476
 9040805
 9039086
 9040882
 9037898
 1196675
 9044091
 9041435
 9042896
 9042137
 9043551
 9044401
 9044631
 9044811
 9043475
 9042529
 9041629
 9042157
 9042193
 9044344
 9044444
 9043203
 9044384
 9041935
 9044726
 9041336
 9041720
 9043766
 9043753
 9043633
 9021118
 9025283
 9033740
 9039713
 9038648
 1284404
 9038589
 9041245
 9040494
 9043438
 9043462
 9043408
 9044042
 9044636
 1365706
 9040278
 1165484
 9033290
 9035798
 9038995
 9040360
 9039450
 9042185
 9043675
 9043808
 9044565
 9042685
 1160598
 9043314
 1393020
 9023705
 9021757
 9021758
 9021759
 9021760
 9021764
 9025055
 9029884
 9037521
 9041292
 1165488
 8990329
 8988860
 9012442
 1382579
 9025710
 9032233
 9032529
 9031151
 9030858
 9031517
 9035972
 9036458
 9036885
 9036630
 1272693
 9037135
 9036777
 9034821
 9038373
 1354981
 9040549
 9040559
 9041064
 9040611
 9038659
 9039878
 9040941
 9010859
 9011957
 9015058
 9012528
 9033670
 9041171
 9040033
 9040299
 9040127
 9042145
 9044355
 9044576
 9041647
 9043609
 9043897
 9044836
 9042709
 9043076
 9043477
 8958456
 8977847
 8991481
 8990401
 8991404
 8992802
 8997138
 8998498
 9001488
 9001863
 9001901
 9003787
 9003788
 9001351
 9002470
 9004605
 9007324
 9004631
 9004986
 9010497
 1272642
 9007561
 9009629
 9010254
 9011627
 1239743
 9011291
 9012391
 9012928
 9014752
 9014780
 9011319
 9016757
 9016123
 9016557
 9020362
 9019574
 9020264
 9021662
 9021718
 9018951
 9024243
 9023864
 9024801
 9023643
 9022232
 9029611
 9029429
 9028339
 9029853
 9028566
 9032863
 9031816
 9032493
 9034552
 9035157
 9037428
 9037952
 9038951
 9039074
 9040231
 9040331
 9040265
 9041244
 9005266
 9004131
 9011582
 9014074
 9011969
 9021435
 9029841
 9033533
 9037626
 8985409
 8985419
 1239704
 8996578
 9004612
 9015090
 9022220
 9036411
 9036080
 1354982
 1323634
 9040205
 9041024
 1188288
 9039519
 9038248
 9042244
 9043228
 9043879
 9043161
 9041744
 9043573
 9044568
 9044858
 9041869
 9043888
 9043363
 9041716
 9042827
 9043651
 9043000
 1165465
 1165464
 1165471
 9032424
 9036800
 9037384
 9041096
 9041994
 9022942
 0893993
 9039160
 1160565
 9040939
 9039114
 9044256
 9032050
 9033212
 9035460
 9034476
 9039819
 9041232
 9039260
 9039702
 9042451
 9041753
 9043316
 9043518
 9044031
 9044149
 9044352
 9044363
 9044490
 9042867
 9043752
 9042558
 9043868
 9043996
 1160303
 9043894
 9004041
 1304204
 9010645
 1188735
 1188546
 9023049
 9025165
 1336141
 1165470
 1188279
 9032372
 1321639
 9030394
 9030691
 9036711
 9036432
 9037054
 9033960
 9040514
 9040090
 9038863
 9040539
 1188101
 9040280
 9038098
 9044728
 9042166
 9043274
 1323459
 9041451
 9042563
 9043861
 9044392
 9044513
 9044764
 9041719
 9044128
 9044845
 9041936
 9042666
 9044747
 9014677
 9013180
 9026321
 9029396
 9033274
 9035511
 9040401
 9041145
 9038641
 9038982
 9041083
 9041156
 9038894
 9039754
 1294379
 9039427
 9038440
 9038888
 9042543
 9042112
 9043015
 9043688
 9042812
 9043773
 9041478
 9043190
 9044166
 9043085
 9036736
 9039596
 9041707
 9043037
 9012057
 9018360
 9027943
 9026576
 9028522
 9030283
 9031817
 9038757
 9044056
 9044090
 9013915
 9014656
 9022433
 9025360
 9028727
 9029311
 1354621
 9033088
 9036164
 9036803
 9035151
 9036228
 9037382
 9038707
 9040831
 1354622
 1294382
 9040116
 1160200
 9038042
 9040667
 9041992
 9041325
 9041750
 9043632
 9044610
 9044383
 9042608
 9043702
 9041694
 9042937
 9043057
 9041606
 9043196
 9043900
 9043742
 9044348
 1294392
 9042798
 9043644
 9043932
 9043578
 9041993
 9024558
 9039627
 9040120
 9040078
 9042803
 9043762
 9042974
 9041861
 9044473
 9030659
 9043455
 9043637
 1324055
 8997043
 9010333
 9009659
 1188841
 9012546
 9028723
 9031538
 9043336
 9038853
 9016779
 9025755
 9027616
 9033523
 9031411
 9037197
 9040978
 9041215
 9044043
 9044723
 9042188
 9041797
 9046353
 9047984
 9047991
 9048058
 9048276
 9045480
 9045487
 9047766
 1294395
 9045638
 9046114
 9035728
 9036291
 1321560
 9039238
 9042196
 9043649
 9044041
 9042902
 9046280
 9047878
 9048655
 1321505
 9025485
 9034131
 9034773
 1321573
 9038501
 1323784
 1323627
 9040398
 9038206
 9040341
 9039549
 9039478
 9041827
 9044738
 9042377
 9042821
 1202677
 9047026
 9046732
 9047607
 9046376
 9048063
 9046053
 9047444
 9046349
 9046067
 9047093
 9047696
 1304183
 9045337
 9047857
 9042445
 9046231
 9047626
 9047782
 9046086
 9032541
 9039383
 9042172
 9042484
 9048098
 9048194
 1188383
 1188114
 9039060
 9042843
 9043165
 9043847
 0893962
 9036931
 9043510
 9042837
 9041886
 9042304
 9045393
 9048529
 9045460
 9044064
 9022482
 9032098
 9031161
 9032008
 9037933
 9039156
 9039322
 9040510
 9044819
 9041390
 9042464
 9044442
 9043007
 9041782
 9043730
 9046577
 9047112
 9048310
 9048318
 9048364
 9048437
 1322289
 9047053
 9046854
 9048313
 9046127
 9046961
 9047076
 9048018
 1188117
 9046340
 9046622
 9046335
 9045445
 9045325
 9048648
 1304182
 9045266
 9047743
 9046944
 9047616
 9021495
 1188264
 1188110
 1188103
 9041559
 9041542
 9043677
 9042096
 9042591
 1294391
 1188372
 1188382
 1188387
 9033401
 9036896
 9043899
 9011876
 9027385
 9035952
 9036041
 9043884
 9044049
 9048635
 9048666
 9045531
 9024829
 9027614
 9026883
 9028570
 9031495
 9034527
 1354648
 9040107
 9043332
 9042857
 9046480
 9046107
 9047628
 9046185
 9046844
 9047298
 9047502
 9047843
 9047855
 9045494
 9047398
 9047863
 9048144
 9048185
 1010702
 9048297
 1354996
 9040318
 9040323
 9043877
 9044218
 9046546
 9046674
 9047025
 9047911
 9048013
 9018702
 9018984
 9024474
 9030372
 1323782
 9040990
 9044054
 9043262
 9044335
 9045754
 9047370
 9048045
 9046784
 9047253
 9048388
 9047983
 9037409
 9033196
 9037312
 9040960
 9040344
 9038946
 9039894
 9041565
 9044614
 9041577
 9043924
 9043776
 9043329
 9043926
 9044669
 9045732
 9048372
 9045070
 9047419
 9046379
 9048308
 9046805
 9048644
 9037157
 9043391
 9045947
 9047738
 9030140
 9035424
 9036980
 9038472
 9044424
 9042951
 9042532
 9045653
 9046179
 9048420
 9045854
 9047942
 9048253
 9046779
 9027703
 9036805
 9039186
 9043035
 9044432
 9043328
 9043979
 9042468
 9044346
 9041538
 9044921
 9048533
 9045130
 9045315
 9046313
 9045074
 9046450
 1188120
 1188378
 9047588
 9047753
 9046169
 9046482
 9046670
 9047965
 9039067
 9040406
 9039886
 9044912
 9044913
 9042066
 9042766
 9043524
 9041875
 9043822
 9044379
 9041507
 9044787
 9043465
 9043821
 9048487
 9047307
 9046967
 9048003
 9045828
 9027942
 1336196
 9035029
 9040363
 9038621
 9040852
 9038349
 9041747
 9043887
 9042672
 9044427
 1324057
 9045628
 9045636
 9047651
 9048020
 9046256
 9045161
 9047783
 9046380
 9047967
 9045072
 9046503
 9048361
 9048385
 9047545
 9047882
 9046008
 9047038
 9047051
 1362153
 9046377
 9046483
 9046655
 9047973
 9048266
 9046907
 9022327
 9025118
 9029212
 9032361
 9032791
 9036829
 9034439
 9039328
 9040222
 9041253
 9043555
 9043591
 9042191
 9042890
 9044361
 9042493
 9041867
 1160581
 9044058
 9044316
 9043344
 9044727
 1382000
 9042638
 9046975
 9047674
 9045576
 9045749
 9047050
 9047456
 9046579
 9048657
 9047201
 9047011
 9048341
 9039977
 9038751
 9039004
 9039386
 9044080
 9044336
 9043575
 9043784
 9044053
 1126923
 9045277
 9045284
 9045804
 9046015
 9047554
 9048303
 9045241
 9047694
 9045738
 9047128
 9047598
 9047833
 9046467
 9046686
 1379936
 1188124
 1188374
 9045791
 9045452
 9045594
 9045918
 9046281
 9046836
 9045695
 9045713
 9046151
 9047115
 9047471
 9048316
 9048659
 9046899
 9045276
 9045971
 9046047
 9047004
 9048209
 9045439
 9045599
 9034491
 9033995
 9035507
 9039197
 9040718
 1294376
 1014551
 9038169
 1294386
 9044048
 1321599
 9045289
 9046435
 9045657
 9046498
 9045843
 9046750
 9047886
 1294396
 9045871
 9045558
 9016950
 9015776
 9024264
 9026582
 9026228
 9034670
 9041317
 9044615
 9043461
 9043642
 9046599
 9046980
 9046330
 9046925
 9021199
 9035761
 9037042
 9038246
 9039691
 9033454
 9032673
 9035832
 9036975
 9042916
 9044619
 9042459
 9041836
 9045128
 1243020
 8999044
 8971379
 9026354
 9030286
 9031092
 9035547
 9037008
 1354642
 9038086
 9038170
 9039107
 9038402
 9038004
 1323455
 1323462
 1323477
 9042523
 9043034
 9044700
 1321594
 9043761
 9045602
 9045808
 9045644
 9046617
 9047795
 1321506
 9040543
 1366036
 9044416
 9042873
 9043831
 9043075
 9048403
 9046839
 9046951
 9046660
 9047389
 9045756
 9046981
 9024080
 9028360
 9028428
 9031025
 9032525
 9038008
 9040290
 9040518
 9040747
 9039853
 9042053
 9042262
 9042264
 9042283
 9043902
 9042988
 9043029
 9042454
 9043909
 1014438
 1014439
 9044006
 9044026
 9041978
 9042819
 9046711
 9046040
 9047563
 9047646
 9048116
 9048356
 9048397
 9045510
 9048125
 9047019
 9047409
 9047907
 9031804
 9035737
 9036902
 9040249
 9039750
 9039776
 9042086
 9043012
 1294390
 9043174
 9044466
 9044938
 9047665
 9048202
 9048658
 9048516
 9046547
 9045933
 9046290
 9047116
 9047906
 9045544
 9046486
 9047859
 9045789
 1014441
 9046253
 9046268
 9046625
 9047813
 9046249
 8958717
 1188681
 1188570
 1368570
 8971771
 8974452
 8977953
 8984231
 1188533
 9004458
 9003935
 9004220
 9010811
 9011492
 9012565
 1291892
 9019447
 9019374
 9021712
 9022237
 9028313
 1188281
 9027128
 9027863
 9031158
 1010880
 9030382
 9034686
 1188293
 1339954
 9043024
 9041907
 9044309
 9042568
 9042031
 9044637
 1322291
 9046225
 1188123
 9045268
 9046649
 9047478
 9046987
 9046998
 9044040
 9044439
 9043410
 9042552
 9043211
 9046068
 9047260
 9047368
 9048024
 9048031
 9048039
 9047400
 9046996
 9047690
 9048528
 9046014
 9047917
 9048055
 9047183
 9048390
 9048348
 9045051
 9022125
 9024132
 9033619
 9035339
 9037990
 9037528
 9040800
 9039282
 9039660
 9041080
 9038210
 9040343
 9041261
 9037553
 9037941
 9042964
 9043159
 9044287
 9044407
 9044013
 9043152
 9044612
 9044672
 9044567
 9043671
 9043948
 9041878
 9043357
 9047091
 9045935
 9048324
 9047103
 9047074
 9048439
 9047524
 9044989
 9045107
 9045151
 9045219
 9045513
 9046061
 9046464
 9047791
 9047437
 9048536
 9046490
 9047914
 9048347
 9047578
 9045743
 9045157
 9047850
 9047213
 9048061
 9048284
 9046049
 9046924
 9045913
 9046037
 9046945
 9048023
 9048225
 9046824
 9045333
 9047717
 9033731
 9040346
 9020054
 1223625
 9040350
 9041872
 9041644
 9042225
 9043783
 9043107
 9045669
 9047377
 9047963
 9046612
 9047227
 9045550
 9047111
 9029131
 9045710
 9046594
 1366956
 9047595
 9047424
 9042326
 9045404
 9047667
 9046989
 1293158
 9031234
 9030354
 9038864
 1382396
 1014588
 9036441
 1160173
 9038984
 9041291
 9044639
 9044750
 9042621
 9044465
 9042387
 1366041
 9043977
 9044185
 9044545
 9045156
 9047397
 9047492
 9045722
 9045742
 9045811
 9046890
 9047624
 9047000
 9047071
 1354724
 9046995
 9045799
 9045565
 9046098
 9045162
 9048304
 9045937
 9045966
 9046027
 9047193
 9047420
 9047945
 9045016
 9048459
 9047291
 9047618
 9045927
 9048106
 9045499
 9045891
 1321513
 9045413
 9045434
 9047566
 9046104
 9047510
 9039603
 9041934
 9043969
 9044148
 9042866
 9043922
 9045737
 9048352
 9047619
 9046307
 9045426
 9048079
 9047925
 9039847
 1165490
 9043765
 9048139
 9048216
 9045639
 9047703
 9047708
 1188121
 1188381
 9045768
 9046059
 1365753
 9046201
 9046763
 9047018
 9047295
 9047930
 9037317
 9034890
 9039736
 9040219
 9040316
 9044497
 9044665
 9042239
 9043834
 9042847
 9041903
 9044145
 9044778
 9033755
 9038812
 9040312
 9039131
 1243201
 9043138
 1160597
 9041858
 9043018
 9043485
 1328257
 9048074
 9048366
 9048280
 9045304
 9045982
 9047705
 9048000
 9048006
 9048199
 9048229
 9048342
 9048371
 9048452
 9045682
 9047548
 1328336
 9022814
 9029846
 9032839
 9030909
 9033720
 9035281
 9035305
 1272711
 9037233
 9037045
 9034799
 9038200
 9037927
 9038664
 9040552
 9039154
 9040520
 9038973
 9039607
 1014336
 9039075
 9039621
 9039295
 9040255
 9037896
 9038955
 9039389
 9043447
 9044708
 9042381
 9042680
 9043146
 9042994
 9041479
 1014440
 9044018
 9044319
 9044555
 1236810
 1236809
 9041588
 9043318
 9041348
 9041421
 9042085
 9045280
 9046348
 9046367
 9046748
 9045522
 9046259
 9045863
 9046347
 9048285
 9047962
 9046580
 9046106
 9045310
 9020814
 9017905
 9023196
 9025871
 9029618
 9037439
 9043091
 9017028
 1323232
 9036332
 9039724
 9041445
 9044357
 9043193
 9041984
 9042875
 9042420
 9042862
 9044197
 9044933
 9047163
 9045670
 9046607
 9047090
 9047860
 9048223
 9048570
 9046733
 9045739
 9047915
 9047243
 9047160
 9045658
 9045110
 9046176
 9039221
 9043448
 9043366
 9045376
 9047976
 9046420
 9010832
 9028141
 9043787
 1294389
 9038799
 9039351
 9038739
 9041511
 9043735
 9043158
 9043974
 9043803
 9044599
 1324056
 9045414
 9048333
 9047625
 9045283
 9046383
 9045860
 9045870
 9047869
 9047304
 9047323
 9016579
 9025411
 9027034
 9029007
 9029658
 9032038
 9033387
 9039730
 9038570
 9039967
 1126850
 9043417
 9042547
 9043254
 9044847
 9043746
 9043372
 9045318
 9048196
 9045795
 9046010
 9047761
 9048272
 9046423
 9046549
 9046627
 9045347
 9047609
 9045650
 9048010
 9048327
 9033395
 9034974
 9024519
 9034540
 1354980
 9038676
 9042943
 9043287
 9046275
 9047337
 9046955
 9047567
 1365670
 9047317
 9047571
 9016320
 9042800
 9041604
 9043155
 9043173
 9046291
 9047980
 9046616
 9046477
 9025938
 9031255
 9037950
 9038534
 9039122
 1165486
 9015826
 1272700
 9036250
 9038609
 9040362
 9038041
 9040704
 9039543
 9044786
 9041287
 9042881
 9042744
 9043814
 9048613
 9045459
 9045516
 9046677
 9048377
 9048662
 9045264
 9047846
 9048330
 9046171
 9046315
 9044928
 9047380
 9047453
 9048191
 9048462
 9048086
 9047842
 9048409
 1294400
 9045663
 9045753
 9047995
 9045850
 1365676
 9045053
 9048060
 9028905
 9030673
 9037800
 9038949
 9038330
 9043958
 9046343
 9045861
 9047558
 9046635
 1243216
 9013235
 9021057
 9023233
 9024061
 9024373
 1243654
 9029337
 9032443
 9033398
 9048265
 9047530
 9047691
 9044358
 9041651
 9046148
 9047596
 9047109
 9051515
 9050487
 9050498
 9051565
 1336076
 9023081
 9026324
 1321586
 9043799
 9046159
 1321507
 9049408
 9051205
 9049981
 9052325
 9017847
 9020575
 9034973
 9037995
 9044572
 9044767
 9044141
 9043951
 9044720
 9048442
 9047499
 9046160
 9048050
 9048150
 9047601
 9048110
 9048694
 9052293
 1322053
 9051244
 1341651
 9048784
 9049575
 9050622
 9050779
 9050360
 9052218
 9050279
 9049292
 9050932
 9051307
 1304260
 9050750
 9049093
 9051191
 9052287
 9049056
 9044840
 9046438
 9045787
 9046359
 9046419
 9048705
 9050821
 9050837
 9051509
 9051569
 9051386
 9036451
 9050823
 9048794
 1196713
 9022266
 9024383
 9022875
 1188269
 9026980
 1382594
 1188212
 9010844
 1354605
 9042142
 9044924
 9050431
 9051020
 9051687
 9048686
 9030532
 9031232
 9034853
 9038650
 1354992
 9043676
 9043634
 9048296
 9046959
 9051338
 9017282
 9022692
 9027538
 9037084
 9040157
 9043892
 9045171
 9046238
 9048282
 9047177
 9048071
 9048062
 9048412
 9048485
 9045750
 9047029
 9052292
 9050333
 9049616
 9049915
 9049865
 9050280
 9049044
 9049366
 9050632
 9050727
 9049226
 9051511
 9049214
 9050822
 9051295
 9052065
 9052082
 9049331
 1177909
 9043779
 9048227
 9046647
 9029025
 9045338
 9050207
 9051890
 9021207
 9030585
 1272715
 1272721
 9036442
 9039234
 9042214
 9042477
 9042834
 9047021
 9045654
 9047430
 9047658
 9046793
 9051168
 9049533
 9051257
 9051858
 9051868
 9051928
 1336077
 1014574
 9015180
 9031982
 9030834
 9034263
 9039869
 9048653
 9045339
 9046479
 9048019
 9048275
 9048095
 9051772
 9019656
 9025221
 9040663
 9039120
 9043789
 9042343
 9046918
 9045474
 9046563
 9048507
 9051661
 9048958
 1304257
 9049142
 9049657
 9050849
 9050987
 9052104
 9037745
 9041527
 9043786
 9052339
 1188284
 9043400
 9040084
 1328334
 9045560
 9045496
 9050016
 9050397
 9050647
 9051071
 9049749
 9049485
 9051197
 9051618
 9050954
 9051993
 9050285
 9051115
 1236849
 9027211
 9034358
 9034122
 9045361
 9049140
 9049143
 9050763
 9052275
 9050499
 9051782
 9023863
 9025285
 9024524
 9025237
 9041860
 1126921
 9045216
 9045908
 9046994
 9051452
 9051458
 9050747
 1354756
 9049819
 9049271
 9049611
 9050141
 9050398
 9050493
 9051342
 9050457
 1379496
 9049767
 1382683
 9051341
 9050366
 9050185
 9050798
 9051801
 9033651
 9030444
 9041550
 9051861
 9051700
 9051952
 9052272
 1294407
 1294410
 9041821
 9042003
 9044206
 9048140
 9046031
 9045630
 1294397
 9045367
 9045600
 9046950
 9046661
 1243206
 9050004
 9050928
 9050220
 1382597
 9031435
 9034730
 9036609
 9034052
 9040509
 1332515
 9039561
 9044019
 1379937
 1188119
 9050085
 9050819
 9049929
 9051871
 9051900
 9049288
 9050728
 9051396
 9049107
 9049862
 9050314
 1379606
 9050274
 9050972
 9052114
 1165491
 9050089
 9049449
 9051056
 9051650
 9050232
 9049556
 9018474
 9035902
 9039989
 9040345
 9044068
 9041351
 9042008
 9044162
 9044409
 9047262
 9045281
 9047042
 9045614
 9045691
 9046555
 9047084
 9047479
 9047568
 9047985
 9048460
 9045538
 9046157
 1243207
 9045386
 9047333
 9045112
 9049385
 9049420
 9051323
 9051517
 9050347
 9051641
 9052352
 9049416
 9049409
 9050807
 9050430
 9051579
 9051785
 9051401
 9032030
 9039813
 9041603
 9046365
 9047325
 9049098
 9049205
 9052058
 9049985
 9049879
 9050257
 9051495
 9048995
 9049155
 9049669
 9050250
 9050638
 9050979
 9051298
 9051501
 9051880
 9049035
 9049439
 9049561
 9049742
 9051645
 9051124
 9040765
 9041923
 9044884
 9043931
 9041758
 9048346
 9045384
 9046186
 9049893
 9051409
 9049104
 8999339
 9017374
 9022767
 9035934
 9045238
 1188122
 9048126
 9047636
 9051006
 9049139
 9049511
 9050774
 9050028
 9050708
 1188134
 1188139
 9049291
 1165496
 1321075
 9040393
 9009951
 9016660
 9019391
 9019895
 1202118
 9026692
 9020160
 9038510
 9047142
 9049857
 9052316
 9032242
 9045862
 9045783
 9048179
 9048186
 9051340
 9048968
 9050696
 9049323
 9051915
 9023003
 1328308
 9036058
 9039151
 9040838
 1126811
 9044036
 1354655
 9043661
 9042670
 1323468
 9043463
 9043342
 9044107
 9045681
 1332549
 9047081
 9046504
 9047361
 9045836
 9046638
 9048112
 1321511
 9048589
 9050591
 9049146
 9052194
 9051638
 9051859
 9050308
 9034874
 9037758
 9048401
 9046267
 1341677
 9050324
 9050245
 9051521
 9048961
 9049934
 9049012
 1198915
 9051424
 9027186
 9028647
 9039774
 9039696
 9040257
 9038493
 9039959
 9040216
 9039706
 9044310
 9043824
 9043451
 9043845
 9047575
 9045651
 9045957
 9047392
 9045883
 9048169
 9045844
 9046410
 1365758
 9047520
 9049444
 9049379
 9049707
 9049984
 9050066
 9051778
 9052123
 9050977
 9049506
 9049532
 9051755
 9049254
 9049365
 9050888
 9028895
 9036359
 9034213
 9037683
 9039187
 9039590
 9044641
 9043989
 9045174
 9045185
 9045950
 9047739
 9046117
 9047661
 9051955
 9049468
 9048973
 9050780
 9050870
 9050885
 9051355
 9049256
 1341668
 9051547
 9049047
 9049115
 9049664
 9051879
 1294413
 9051720
 9051503
 9051516
 9049369
 9001860
 9004535
 9036110
 1368172
 9037423
 9035376
 9039768
 9039395
 9038678
 1188377
 9051041
 1382673
 9052341
 1188106
 9044711
 9045501
 9045168
 9047748
 9046831
 9051057
 9052286
 9050992
 9051872
 9049488
 9051194
 9049399
 9052133
 9051382
 9051556
 1382670
 9051175
 9038525
 9039306
 9038458
 9038764
 9044233
 9044468
 9037159
 9034373
 9038304
 9040955
 9038323
 9044224
 9043212
 9044138
 9042067
 9044679
 9045893
 9045876
 9048114
 9046212
 1323570
 9047365
 9047550
 1294394
 9047823
 9047415
 9045988
 9045647
 9047779
 9047975
 9047501
 9047841
 9049498
 9049884
 9050608
 9051288
 9051350
 9051447
 9052147
 9050949
 9051675
 9051788
 9049743
 9050805
 9051052
 9051159
 9051507
 9051559
 9050364
 9051253
 9049362
 9049963
 9050549
 9051043
 9052215
 9050286
 9051384
 9052001
 1294406
 1294411
 9049014
 9050074
 9049680
 9050631
 9050742
 9049534
 9032466
 1294381
 9043836
 9052340
 9052342
 9020271
 9043715
 9042230
 9046395
 9047329
 9045816
 9047188
 9045615
 9047259
 9047288
 9045420
 9046429
 1188384
 9045485
 9046153
 9045976
 9047538
 9045779
 9050871
 9050832
 9050862
 9050941
 9052020
 9052025
 9052029
 9049299
 9049528
 9050973
 9050700
 9052017
 9050630
 1165497
 1165495
 9051000
 9051983
 9046369
 9047199
 1188334
 9045735
 9047865
 9049071
 9050021
 9049010
 1188128
 1188138
 9049401
 9051273
 9051082
 9036039
 9040147
 9047867
 9049347
 9050478
 9050196
 9050229
 9029642
 9033043
 9043111
 9025679
 9033305
 9037018
 9037150
 9035284
 9039655
 9043610
 9042455
 9045849
 9048413
 9046325
 9047901
 9046841
 9048235
 9048645
 9051545
 9050317
 9051086
 9051732
 9051759
 9051783
 9051935
 9049431
 9049477
 9049440
 9049690
 9050310
 9051665
 9051703
 9049913
 9051484
 9050938
 9051049
 9051552
 9050375
 9049144
 9051512
 9049088
 1304261
 9051548
 1198923
 9049560
 9051894
 9052052
 9049280
 9049159
 9050733
 9052006
 9052014
 9049119
 9050122
 9051173
 9033427
 9035915
 9036922
 1365634
 9038932
 9040055
 9043474
 9043278
 9047175
 9047223
 9046550
 9045864
 9048654
 9048249
 9051819
 1294409
 9050336
 9050504
 9048687
 1165492
 1165493
 9041989
 9045415
 9051356
 9051138
 9051765
 9051210
 9051804
 9051498
 1194594
 9051583
 9050154
 9051001
 9025939
 1188275
 9029886
 9029887
 9029888
 9033748
 9033749
 9033750
 9033751
 9021268
 9017306
 9048693
 9049046
 9024580
 9042991
 9046581
 9047063
 9047189
 9048490
 9048373
 9046993
 9047677
 9047922
 9048118
 9045847
 9038174
 9044328
 9042742
 9046358
 1196707
 9046452
 9045194
 9049199
 9050839
 9050353
 9017342
 9022349
 9025069
 9027102
 9033705
 9040573
 9039217
 9038164
 9041614
 9043921
 9046518
 9046879
 9046180
 9048355
 9046080
 9046089
 9048040
 9045817
 9045878
 9047909
 9048618
 9047039
 9049445
 9050224
 9051207
 9049209
 9049679
 1366085
 9049419
 9049244
 9051651
 9051334
 9036557
 9048068
 9050675
 9035904
 1339483
 9039219
 9040461
 1323465
 9041905
 9043028
 9044345
 9041771
 9044604
 9045845
 9049828
 1341657
 1341666
 9050864
 9049278
 9050376
 9050433
 9051100
 9051248
 9050697
 9050831
 1294414
 9050916
 9049031
 9049897
 9049824
 9043844
 9043855
 9044765
 9051927
 9048320
 0893998
 9048416
 9046079
 9045656
 9045941
 9028492
 9031331
 9034892
 9040049
 1126889
 9040310
 9040545
 1188295
 9040591
 9039068
 9039604
 1126812
 1126848
 9044134
 9041958
 9043414
 9042077
 9044174
 1126922
 1126920
 9046965
 9047150
 9045449
 9046175
 9047541
 9047715
 9045579
 9045585
 9047036
 9048065
 1188116
 9045926
 9048590
 9045100
 9046505
 9047321
 9050611
 9051301
 1354759
 9050927
 1323591
 1341694
 9049703
 9050702
 1188130
 9050512
 9051179
 9052106
 9051199
 9051327
 1328341
 9049762
 9050459
 9035062
 9035071
 9036358
 9038299
 9039101
 9039143
 9039373
 9039678
 9041090
 9044521
 9041963
 9045830
 9048184
 9048360
 9045898
 9045975
 9046922
 9048543
 9046689
 9048581
 9048426
 9048458
 9047406
 9048964
 9049330
 9051235
 9051992
 1322056
 9049834
 9050969
 9051085
 9052140
 9050501
 9051476
 9051490
 9052285
 9050024
 9050857
 9051469
 9051903
 9051219
 9048879
 9050758
 9049210
 9050392
 9051977
 9052088
 9049321
 9052092
 1332384
 9024800
 9026981
 9040584
 9039365
 9042358
 9044759
 9044214
 9047176
 9047399
 9046222
 9044774
 9047801
 9047572
 9046087
 1321512
 9050610
 9052217
 9049889
 9051333
 9049378
 9049081
 9025148
 9024386
 1188206
 9036766
 9047185
 9051540
 9049281
 9051430
 9040715
 9045900
 9016139
 9020509
 9025662
 9038585
 1196673
 9044781
 9041505
 9042285
 9043823
 9041808
 9042871
 9045104
 9048343
 9048483
 9046472
 9048171
 9047668
 9047831
 9045697
 9045400
 9045447
 9047775
 9046853
 9046199
 9051636
 9051941
 9052177
 1354758
 9050827
 9051893
 9048970
 9051143
 9050993
 9048965
 9049513
 9049987
 9051224
 9051901
 9052227
 9048924
 9051914
 9050269
 9050073
 9049763
 9049267
 9051632
 1328342
 9049150
 9051754
 9051790
 9031721
 9031826
 9040113
 9047001
 9049201
 8996022
 9020062
 9025922
 9030548
 9035938
 9040076
 9044055
 9048665
 9051331
 9050429
 9049091
 9036170
 9039113
 9039612
 9042049
 1366004
 9046641
 9050877
 1336057