16-7-6
 9049601
 9053424
 1188163
 9054096
 9029245
 9048052
 9051590
 9050352
 9051974
 9052886
 9053568
 9055254
 9055615
 9054720
 9055368
 9019619
 9024242
 9044624
 9046050
 9050327
 9051187
 9051393
 9054455
 9053789
 9009482
 9043331
 9045721
 9046183
 9050330
 9051680
 9048833
 9050773
 1196714
 9054951
 9054450
 9053732
 9052457
 9054465
 9055065
 9052781
 9053806
 9054318
 9053991
 9054243
 9054569
 9055598
 9053408
 1304291
 9053095
 9053637
 9054878
 9055517
 9040685
 9042488
 9044438
 9049956
 9055807
 9053688
 9053672
 1188118
 9052130
 9051870
 9049964
 9008347
 1328315
 9042942
 9044919
 9045852
 9049896
 9048788
 9052395
 9050166
 9055646
 9049196
 9034348
 9051494
 9050219
 9049406
 9049060
 9036430
 9048685
 9029467
 9033595
 9031222
 9033298
 9038256
 9047485
 9045605
 9052033
 9049174
 9048795
 9051729
 9050628
 9050825
 9051907
 9049459
 9053905
 9055004
 9054008
 9054151
 9054172
 9054313
 9054578
 9055171
 9055427
 9054705
 9053091
 9052692
 9055016
 1304292
 9055585
 9054499
 9041442
 9050120
 9049830
 9055379
 9054196
 9054354
 9042618
 9050464
 9051266
 9048900
 9021716
 9051709
 9055869
 9055879
 9032273
 9034414
 9039905
 9044868
 9044871
 9041799
 9044347
 9046960
 9045593
 9047441
 9051769
 9050924
 9051864
 1379497
 9050723
 9050252
 9048933
 9050075
 9055262
 9052968
 9054342
 9055029
 9053757
 9054715
 9054961
 9055519
 9052825
 9029832
 9037429
 9042767
 9047539
 9048066
 9049118
 9049919
 9050467
 9050596
 9053301
 9054941
 9055118
 9053248
 9018520
 9028953
 9042588
 9047500
 9045483
 9050854
 1188137
 9049315
 9049340
 9051094
 9050687
 9051421
 9055284
 9054865
 9055673
 9053232
 9053409
 1240634
 9054356
 9053373
 9053694
 9054446
 9055313
 9055638
 9053797
 9022253
 9041804
 9042963
 9046499
 9045665
 9047517
 9046892
 9051780
 9052823
 1321077
 9020278
 1188262
 9042462
 9044780
 1294398
 9051797
 1321613
 1321619
 1321629
 1321630
 1321638
 1239009
 9050891
 9054394
 9054498
 9040064
 9043243
 9045667
 9045780
 9049197
 9049206
 9049745
 9053469
 9053480
 9054133
 9053448
 9054935
 9029883
 1354569
 9048109
 9047097
 9048939
 9049484
 9051463
 9050745
 1188129
 1188142
 9050277
 9052394
 9054608
 9055231
 9054060
 1188158
 1188159
 1240656
 1240658
 9055117
 9055138
 9047728
 9049414
 9050668
 9055456
 9053124
 9053813
 9015742
 9033693
 9034225
 1160184
 9044698
 9042776
 9041495
 9047254
 9047932
 9046952
 9050076
 9049082
 9049792
 9050083
 9049999
 9051786
 9053439
 9055086
 9054723
 9055253
 9054083
 9053127
 9053460
 9053733
 9031400
 9040092
 9039625
 9039897
 9049652
 9051649
 9049949
 9052174
 9051911
 9055625
 9052539
 9054889
 9054164
 9054798
 1327051
 9055898
 9050438
 9054367
 1304265
 9016559
 9024621
 9028432
 9030707
 9040206
 9038718
 9042260
 1304177
 9046508
 9047556
 9048634
 1010704
 9049421
 9049448
 9049953
 9049183
 9051291
 9050401
 9052070
 1188127
 9049517
 9051485
 9051062
 9049245
 9051317
 9054222
 9055023
 9055511
 9052706
 9054883
 1188165
 1240695
 9055309
 1304269
 9054530
 1365731
 9053680
 9053718
 9053726
 9038024
 9041813
 9050579
 9051190
 9050571
 9050661
 9052591
 9054269
 9052686
 9052995
 9053679
 9054187
 9054567
 9055126
 9054016
 9055874
 1188157
 1188168
 9053061
 9052958
 1304284
 9054002
 9054425
 9055212
 9052396
 9053214
 9053309
 9053828
 9055656
 9052964
 9053918
 9054636
 9052920
 9026198
 1014576
 9043139
 9045890
 1365757
 9048952
 9050211
 9048869
 1359186
 9049246
 9049594
 9055078
 9053032
 9055128
 9055179
 9054190
 1240683
 9053117
 9054810
 1188162
 9053317
 9033840
 9038430
 0978708
 9048338
 1322290
 9048850
 9051913
 9050142
 9055058
 9055620
 9054362
 1382397
 9038499
 9046845
 9045237
 9046394
 1160309
 9046084
 9048593
 9049471
 9049475
 9050933
 9050427
 1341665
 1341688
 9050995
 9055460
 1354771
 9053511
 1240627
 1240690
 9052949
 1304285
 9054950
 9051989
 9049635
 9054189
 9055829
 9054169
 1240659
 9054898
 9054542
 9020941
 9039360
 9038152
 9041735
 9046610
 9046443
 9047957
 9046497
 9048509
 9051763
 9049007
 9050618
 9051369
 9051657
 9050266
 9052098
 9050755
 9049936
 9052917
 9053693
 9053081
 9054263
 9054766
 9055793
 9052417
 9052618
 9054108
 9055305
 9022929
 9041252
 9046948
 9046195
 9047378
 9052108
 9048931
 9050603
 9051708
 9050272
 9049394
 9051875
 9052317
 9049124
 9053887
 9054257
 9055683
 9054326
 9053022
 9053885
 9052931
 9053463
 9055580
 9054350
 9054560
 9055795
 1240677
 9055287
 9055420
 8962413
 1368460
 8989627
 9009065
 9009076
 1188833
 9011743
 1368683
 9012147
 9023816
 9037030
 9034608
 9041300
 9047507
 9046042
 9047939
 9048663
 9045771
 9043191
 9049761
 9054375
 9055279
 9055660
 9053504
 9054495
 9052571
 9052994
 9053012
 9055655
 9054091
 9055635
 9028551
 1368303
 9047239
 9051534
 9048943
 9051731
 1321631
 9036815
 9040540
 9037936
 1321579
 9047868
 9048117
 9046803
 9049701
 9050492
 9052169
 9049621
 9049110
 9051292
 9049108
 9049202
 9051309
 1294405
 9049796
 9049927
 9051652
 9050150
 9055914
 9055617
 9052613
 9053073
 9053870
 9054466
 9054511
 9054521
 9055072
 9055814
 1354769
 9055033
 9055047
 9053131
 9054345
 9054812
 9054818
 9054842
 9055113
 9053786
 9053868
 9053884
 9055099
 9055745
 9054299
 1294420
 9053506
 9055722
 9055724
 9052516
 1240699
 9054377
 9055611
 9052891
 9053893
 9053990
 9055324
 9055573
 9054317
 9054409
 9039605
 1294399
 8971361
 9039302
 9039329
 9038862
 9038877
 9041830
 9041759
 9044033
 9050343
 9049771
 9053849
 9055600
 9054173
 9054754
 9053004
 9053358
 1188155
 9052936
 9053881
 1304283
 9052498
 9052746
 9052758
 9052768
 9052779
 9052786
 9052793
 9052798
 9052807
 9052815
 9052819
 9053098
 9053663
 9054131
 9055463
 9052392
 9054332
 9053411
 9054417
 9055010
 9053930
 9050130
 9053197
 9055121
 9053361
 9052860
 9054311
 9053542
 9031397
 9050133
 9053060
 9042405
 9042092
 9046988
 1323575
 9052357
 9053000
 9041600
 9043798
 9048501
 9047060
 9048141
 9048149
 9048539
 9047156
 9051240
 9048863
 9050674
 9052007
 9050939
 9051381
 9051670
 9053349
 9052971
 9053946
 9053821
 9053836
 9053875
 9055249
 9055499
 9055189
 9054195
 9053563
 1240669
 1240628
 1240636
 9054119
 9054872
 9055500
 9054082
 9053922
 9055700
 9055041
 1321541
 1321451
 9054015
 9052754
 9054814
 9055475
 9055535
 1328354
 9053038
 9054811
 9054982
 9055008
 1365631
 9042019
 9047934
 9050617
 9050762
 9051905
 9053886
 9055482
 1240676
 9049993
 9050100
 9049570
 9050451
 9051658
 9054180
 9055342
 1304273
 9054416
 9052691
 9052955
 9054298
 9054991
 9021684
 9022563
 9029882
 9033703
 9033753
 1321504
 9047490
 9028778
 9029228
 1354671
 9045425
 9046938
 9047309
 9051744
 9051980
 9050342
 9050218
 9049171
 9049788
 9051702
 9051852
 9052057
 9054954
 9053697
 9054680
 9054736
 9055756
 9053278
 1223640
 1160166
 9043352
 9044329
 9043943
 9041609
 9041865
 9044280
 1294401
 9047836
 9048009
 9047027
 9047385
 9046023
 9046085
 1249033
 9047918
 9048978
 9049997
 9051230
 1341664
 9051442
 9048867
 9051399
 9051379
 9049650
 9049883
 9049132
 9049138
 9049248
 9049739
 9050345
 9049103
 9051995
 9054886
 9052916
 9053727
 9053618
 9054126
 9052540
 9052509
 9053646
 1194660
 1240645
 1240646
 9053093
 9053099
 9014615
 9038775
 9047098
 9046463
 9045427
 9049649
 9049147
 9049277
 9050115
 9051116
 9052996
 9055809
 9052909
 9055077
 9055433
 9055631
 9054831
 9052922
 9054418
 9054554
 9055174
 9055568
 9052934
 9053822
 1240655
 1359456
 1365678
 9054813
 9054916
 9053602
 9053246
 9053652
 1240682
 9045825
 9048642
 9049880
 1322057
 9051493
 9054656
 9054206
 9020977
 1339860
 9034114
 9037736
 9042854
 9043791
 9044067
 9045292
 9045240
 9050140
 9051044
 9051808
 1328261
 9054976
 9054383
 9052986
 9053557
 9053817
 9054153
 9055213
 9054037
 9055821
 1240632
 9054866
 9053298
 9053711
 1328344
 9053360
 9054785
 1321635
 9035540
 9036063
 1323626
 9041947
 9051371
 9052128
 1341662
 9049149
 9051025
 1336075
 9054369
 9054868
 9055286
 9055446
 9055670
 9054724
 9054869
 9055210
 1240643
 9053883
 9052837
 1365728
 9053190
 9046077
 9046111
 9051892
 9043891
 9044009
 9045698
 9048325
 9047877
 9047450
 9045820
 9048660
 9048926
 9050482
 9051096
 9052155
 1354765
 9049252
 9049823
 9051694
 9051245
 9051260
 9052254
 9050061
 9049193
 9049229
 9051113
 9052676
 9054771
 9054496
 9054212
 9052731
 9053829
 9055778
 9055469
 9055758
 9055076
 9054746
 9053807
 1249019
 9030652
 9043250
 9049298
 9050768
 9052324
 9035678
 9055806
 9052730
 9055465
 1304181
 9050247
 9025257
 9030670
 9035503
 9043045
 9043458
 9043529
 9045955
 9051435
 9050197
 9052034
 9050731
 9050719
 9051824
 9053858
 9054443
 9055686
 9054303
 9053455
 9053585
 9052609
 9054483
 9055504
 9054344
 9055718
 9055122
 9054992
 9054747
 9053201
 1365737
 9053031
 1364199
 9053720
 9053252
 9054408
 9049026
 9049450
 9053492
 1188460
 9020633
 9041341
 9054637
 9043541
 1188135
 9051848
 9054183
 9055864