16-7-7
 1161706
 9035521
 9041197
 9047349
 9056652
 9057211
 9058600
 9058573
 9058752
 9058794
 9057973
 9058060
 9048306
 9052356
 9053369
 9053525
 9059208
 9059349
 9059534
 9056529
 9058218
 9022946
 9024370
 9044839
 9041648
 9048393
 9045102
 9046964
 9052026
 9054434
 9054607
 9053188
 9053433
 9054017
 9058221
 9056963
 9058023
 9059285
 1323062
 9056612
 9058392
 9058395
 9058472
 9058615
 9056849
 9059419
 9059138
 9057249
 9058767
 9057061
 9056636
 9057604
 9058359
 9057708
 1332516
 9044044
 9046092
 9041294
 9055185
 1240739
 9057992
 9058269
 9057835
 9035110
 9037964
 9036734
 9046000
 9045422
 9054399
 9052666
 1243220
 9052799
 9056072
 9056232
 9057908
 9058090
 9057583
 9051601
 9052401
 9052403
 9053983
 9055854
 9055866
 9055539
 1359470
 8998606
 9003447
 9028378
 1321587
 1294385
 1328330
 1294393
 9051811
 9052170
 1294403
 9052019
 9055910
 9054481
 9054574
 9055723
 9054737
 9052855
 9054555
 9055513
 9055489
 1294415
 1240674
 1240675
 9055506
 9053323
 9054283
 9055255
 9055863
 9057918
 9056160
 9058146
 9058311
 9058538
 9059429
 9058862
 9059347
 9058541
 9056185
 1323792
 9057598
 9059188
 9057985
 9057794
 9059443
 1294421
 9059355
 9056590
 9057687
 9056893
 9058272
 9058765
 9057537
 9057881
 9058876
 9058935
 9059371
 9059414
 9059434
 1321461
 1321462
 1240423
 9032931
 9030344
 9043770
 1194577
 9051101
 9052641
 9045150
 9046351
 9049541
 9050786
 9048881
 9053765
 9047350
 9024647
 1368306
 9028974
 9033421
 9030063
 9031842
 1368307
 9032657
 9039014
 9042119
 9046284
 9048084
 9048133
 9047008
 9047954
 9046322
 9050106
 9049233
 9054290
 9055841
 9053758
 9052985
 9056240
 9057744
 9057956
 9059124
 9056535
 9058824
 9050722
 9054159
 9053482
 1243621
 9017432
 9018390
 9031269
 9030816
 9035084
 9040492
 9048976
 9051577
 9051448
 9052433
 9055770
 9052737
 9055261
 9055555
 9053975
 9056014
 1354790
 9056800
 1323089
 9056362
 9058401
 9058746
 9057133
 9057040
 9058671
 9046088
 9046421
 9051551
 9041265
 1175600
 9043983
 9046287
 9047577
 9049230
 9042967
 9048841
 9049602
 9053632
 9053669
 9053257
 9055035
 9053193
 9053952
 9059044
 9058464
 9059380
 9057147
 9059200
 9059000
 9058603
 9041128
 9048540
 9050769
 9051217
 9051123
 9051473
 9053380
 9053876
 9053024
 9059341
 9059420
 9056217
 9058592
 9051948
 9052404
 9054279
 9055105
 9058288
 9057009
 9057127
 9057159
 9057663
 9058964
 1188175
 1188393
 9057572
 9058261
 9044542
 9051846
 9055478
 9057757
 9058528
 1294427
 9043360
 9042430
 9045437
 9046372
 9051949
 9050971
 9051979
 9049033
 9054741
 9054121
 9053892
 9054310
 9054535
 9053575
 9053809
 9058527
 1198948
 9057575
 9056349
 9057622
 9057126
 9058372
 9016455
 1165411
 9044705
 9043418
 9046632
 9045798
 9046109
 9045692
 9049473
 9050741
 9049504
 9051794
 9049973
 9055913
 9055276
 9052956
 9053712
 9053418
 9055258
 9052796
 9053928
 9054442
 9054795
 9055001
 9055510
 9052545
 1328356
 9055042
 9057775
 9056038
 9057425
 9057854
 9058493
 9056410
 9056010
 9056220
 9057376
 9057323
 9057894
 9058501
 9058160
 9059183
 1368325
 9058338
 9058717
 9056361
 9056522
 9030584
 9057739
 9057812
 9057096
 9058362
 9057255
 9056874
 9035129
 9037434
 9041255
 9045260
 9047346
 9047623
 9052338
 9052353
 9051478
 9049871
 9053911
 9054351
 9057398
 9057941
 9059039
 9059047
 1188398
 1240726
 9057106
 1304305
 1381608
 9030248
 9035557
 9046096
 9051270
 9051419
 9050160
 1304198
 1382682
 9051591
 9055729
 9054645
 9054665
 9054138
 9052977
 9053450
 9054900
 9055797
 9053430
 9057205
 9057947
 9058697
 9058716
 9059408
 9058132
 9056171
 9056878
 9057464
 9056909
 9058304
 9058699
 9059160
 9058599
 9058520
 9056427
 9059383
 9057160
 9057342
 9056134
 9057070
 9057870
 9058091
 1321455
 1321466
 1339958
 9057201
 9056639
 9057236
 9057243
 9057364
 9021704
 9029437
 9039761
 9044914
 9046889
 9046931
 9049555
 9050101
 9049148
 9050787
 9052523
 9054078
 1294416
 9054657
 9055903
 9057753
 9059247
 9059343
 9056649
 9057709
 9057884
 9057746
 9059379
 1294426
 1240729
 9059541
 9058106
 8985157
 9039857
 9041972
 9050602
 1321076
 9056512
 1188400
 9056601
 9058067
 9026828
 9031131
 9053703
 9055899
 9053815
 9056960
 9057649
 9059398
 9056116
 1323386
 9029179
 9031466
 9031987
 1354600
 1272679
 9037773
 9038547
 1323458
 9043809
 9043917
 9047799
 9047468
 9048147
 9047268
 9051825
 9050983
 9050519
 9051114
 9051867
 1321520
 9050169
 9051405
 9052943
 9054859
 1354805
 9053613
 9053130
 1304263
 9054932
 9058333
 1323067
 1323071
 1323077
 9058420
 1304306
 9056870
 9057238
 9058148
 9047242
 1240661
 9058534
 9058540
 9057960
 9056658
 9058804
 9057286
 9057905
 9044846
 9048153
 9048286
 9046741
 1328335
 9050895
 9049412
 9051985
 9049654
 9049547
 9053199
 9053677
 9053053
 9056113
 9056397
 9056790
 9056461
 9056367
 1382592
 9034041
 9040159
 9045662
 9048624
 9050573
 9049102
 9049939
 9055713
 9055172
 9053736
 1188166
 9054833
 9059456
 9059478
 9056698
 9057760
 9058154
 9058308
 9058539
 9059097
 1165494
 9053182
 1188161
 9053056
 1327052
 1188170
 1304311
 9048014
 9048506
 9051527
 9052152
 9054695
 9055677
 9054219
 9055654
 9055247
 9057759
 9058238
 9059422
 9057422
 9058645
 9057660
 9058938
 9057382
 9057585
 1188169
 9057666
 9058664
 9059465
 9057672
 9058177
 9056930
 9059332
 1368310
 9024949
 1160172
 9043539
 9046883
 9046297
 9045432
 9046191
 9047657
 9048932
 9050422
 9049066
 9050027
 9052348
 9053385
 9053898
 9053764
 9054873
 9055792
 9053903
 9052973
 9053231
 9054340
 9055015
 9054836
 1240637
 9053495
 9055850
 9055882
 9057520
 9058545
 9058861
 9059402
 9058063
 9058840
 9059296
 9057818
 9059286
 9056090
 9057839
 9057895
 9058038
 9058369
 9057968
 9059509
 9059506
 9057554
 9057675
 9058241
 9058858
 9056850
 9059162
 9056720
 9057103
 9058496
 9027342
 9046768
 9050326
 9051280
 1364308
 9055419
 9054044
 9057151
 9056266
 9059133
 9057765
 9058707
 9056736
 9057498
 9058632
 1188388
 9058179
 9056551
 9058133
 9058183
 9058633
 1368197
 9056662
 9058838
 9057524
 9057182
 9058558
 9058753
 1321068
 9042524
 9047778
 1321515
 1321070
 9049276
 1321533
 9051443
 9056127
 9056202
 1188145
 1188173
 1240310
 1240419
 9058463
 9056951
 1321467
 1321081
 1321082
 9057595
 9054040
 9047993
 9049395
 9052901
 9056789
 9059471
 9057788
 9057530
 9056784
 9048781
 9055942
 9056047
 9056398
 9057257
 9023612
 9037408
 9052514
 9058182
 9057749
 9044483
 9045752
 9047872
 9051422
 9052502
 1126946
 9054086
 9054930
 9054428
 9054337
 9055111
 9053846
 9057768
 9058594
 9059074
 9057900
 9058816
 9057857
 9058457
 9058526
 9057379
 9058296
 9058796
 9058870
 9057139
 9058277
 9058907
 9058802
 9058245
 9058893
 9058739
 9056056
 9059295
 9059517
 9058593
 9058246
 1163973
 9056567
 9058977
 9030716
 9036162
 9040696
 9039587
 9041925
 9045851
 9050853
 9049311
 9052967
 9054849
 9053042
 9053322
 9055559
 1359453
 1161705
 9058389
 9058914
 9056653
 9052410
 9052398
 9052406
 9011239
 9055032
 9057394
 9056148
 9057845
 9057979
 9056211
 9056581
 9057705
 9056674
 9037522
 9057588
 9018157
 9021705
 9023678
 9032440
 9035582
 9041249
 9050764
 9049208
 9049630
 9049691
 9048969
 9052492
 9053685
 9055364
 9055800
 9057200
 9056906
 9057483
 9058196
 9057122
 9057118
 9056149
 9057514
 9057596
 9057701
 9059346
 1188176
 9056265
 9058653
 9056923
 9016534
 9024781
 9040784
 9050843
 9050261
 9050026
 9052096
 9053017
 9053477
 1365736
 9054919
 9057445
 9057125
 9056832
 9057064
 9057068
 9056213
 9056725
 9057659
 9056880
 9058262
 9058846
 9058323
 9036841
 9038523
 9054194
 9016877
 9033517
 9037920
 1294388
 9045761
 9052161
 9048821
 9050007
 9052954
 9053312
 9053837
 9053055
 9055752
 9052972
 9055545
 9053708
 9053332
 9053814
 9059372
 9056048
 9057798
 9058065
 9058276
 9058360
 1323052
 1323092
 9057071
 9059350
 9057287
 9057152
 9058669
 9057023
 9058542
 9056417
 9057302
 9058684
 9051482
 9055591
 9058140
 9059432
 9056865
 9012115
 9045254
 9049833
 9049578
 9050673
 9049373
 9052335
 9058550
 9058758
 9042735
 9046470
 9050934
 9053605
 9053230
 9055241
 9055108
 9053082
 1115660
 9058519
 9057769
 9058503
 9058639
 9058900
 9059156
 1240710
 1240728
 9056860
 9057806
 9058882
 9058363
 9057027
 9005736
 9018460
 9022282
 9040190
 9049904
 1304280
 1304298
 9055139
 9056873
 9057715
 9059311
 9058008
 9057105
 9058655
 9059174
 9059310
 1304303
 1304309
 9057280
 9058004
 9058658
 9056083
 9057698
 9041131
 9050952
 9052510
 9055760
 9053394
 9056150
 9056983
 9059104
 9057041
 9059351
 9045645
 9048777
 9049753
 9055574
 9052861
 9054759
 9058187
 9058462
 1198935
 9057413
 9056588
 9046917
 9047873
 9049272
 9007674
 9036069
 9038571
 9040782
 9044596
 9046246
 9046132
 9047222
 9046167
 9045218
 9049933
 9052039
 9048928
 9055912
 9054835
 9055298
 9054559
 9055283
 9054948
 9055780
 9055352
 9055692
 9052709
 1240696
 9053112
 9053819
 9054099
 9056527
 9056853
 9056509
 9058018
 9058586
 9056978
 9057704
 9057838
 1323097
 9058413
 9056168
 9059190
 9059225
 9057340
 1240417
 9057190
 9056818
 9058930
 9056455
 9056593
 9057345
 1196760
 1354623
 9043202
 9043128
 9046869
 1321509
 9049551
 1321529
 9054503
 9055787
 9055648
 1354788
 9056320
 9059353
 8966352
 1196674
 1115662
 9057607
 9054792
