16-7-8
 9030152
 9030480
 9036109
 1294384
 9052138
 1294404
 9053167
 9054718
 9059152
 9056329
 9058856
 9058577
 9061738
 9060216
 9060985
 9062918
 9062950
 9063339
 9059827
 9061946
 1321581
 9050320
 9055892
 9058531
 9057567
 9061984
 9061992
 9062375
 9061967
 9061671
 1328361
 9060516
 9060522
 9033189
 9031065
 9032929
 9037088
 9037621
 9046229
 9050942
 9050234
 9049587
 1240652
 1240787
 9057132
 9058478
 9056931
 9059652
 9061693
 9062299
 9063139
 9061134
 9062226
 9060200
 9061955
 9063064
 9063177
 9062849
 9063094
 1365744
 9062270
 9063034
 9059660
 9060990
 9057983
 9060667
 9062741
 9034437
 9048350
 9046725
 9048445
 9049106
 9037131
 9051321
 9051376
 1188144
 1240749
 9062144
 9062599
 9062800
 1188189
 9061323
 9061528
 9060436
 9024894
 1188112
 9052391
 9052397
 9037561
 9050574
 9053636
 9054823
 9055840
 9027953
 9049354
 9055725
 9061385
 9060278
 9041966
 9041968
 9042281
 9042291
 9042342
 9042549
 9043533
 9043731
 9042571
 9042908
 9044093
 9046863
 9047069
 9047172
 9047445
 9045106
 9046017
 9047231
 9050158
 9050335
 9050720
 9050791
 9052124
 9051587
 9049296
 9050473
 9053995
 9054861
 9055432
 9053068
 9056053
 9056700
 9056774
 9057335
 9057352
 9057017
 9057053
 9058341
 9063322
 9059948
 9060116
 9060375
 9061209
 9061300
 9061448
 9062495
 9061774
 9060134
 9055922
 9058948
 9025901
 9035261
 9039656
 9048226
 9052669
 9053465
 9053057
 9059143
 9057457
 9058087
 9059328
 9056964
 1188395
 9057111
 9057646
 9056692
 9057187
 9056542
 9061995
 9061678
 9062822
 9062827
 9063259
 9060280
 9062306
 9060432
 9062141
 9061372
 9061959
 9062392
 9061890
 9063312
 9061399
 9062089
 1379621
 1379622
 1327069
 9025915
 9041179
 9043748
 9047022
 9051557
 9056935
 9059172
 9058635
 9056423
 9059433
 9060446
 9062898
 9063350
 9038135
 9056396
 9059364
 9059418
 1284370
 9063362
 9019216
 1223693
 9022982
 9026065
 9030606
 1354633
 9042303
 9046124
 9045802
 9050577
 9053382
 1354776
 9054816
 9054895
 9055238
 9057455
 9057986
 9057722
 9062021
 9062770
 1354866
 9060960
 9061130
 9061674
 9062696
 9062779
 9059966
 9062428
 9060219
 9062527
 9061829
 1368313
 1368314
 9060341
 9061131
 9062079
 9060161
 9060378
 1294408
 9041089
 9044278
 9052548
 9055228
 9056985
 9058574
 9058680
 9061228
 9061433
 9061153
 9062232
 9062953
 1358018
 9017816
 9017961
 9042361
 9046208
 9045301
 9051664
 9053657
 9054163
 9054568
 9057797
 9057036
 1240704
 9060357
 9060705
 9061146
 9060772
 1188181
 9060962
 9061610
 9061560
 9059650
 9038384
 9041239
 9049282
 9045674
 9049176
 9050874
 9052008
 1249056
 9055082
 9053616
 9052858
 9055291
 9055360
 9057227
 9056766
 9058110
 9058119
 9058135
 9059025
 9056518
 9059973
 9060132
 9062582
 9061782
 9061042
 9061701
 9063054
 9032904
 9033900
 9034160
 1376111
 1126808
 1354957
 9040091
 9040114
 1294402
 9050921
 9055005
 9054912
 9059268
 9060130
 9060701
 9061948
 9061999
 9062915
 9059711
 9062074
 9060964
 9062413
 9031824
 9031252
 9031745
 9032807
 9030733
 9039879
 9039932
 9040351
 9040745
 9043744
 9044536
 9043567
 1354819
 9054622
 9054738
 9054794
 9055092
 9055921
 9056814
 9058077
 1240735
 9057285
 9060577
 9060740
 9063215
 9061755
 9061773
 9062245
 9061512
 9060124
 9027364
 9050157
 9055040
 9057849
 9058461
 1294428
 9059440
 1294433
 1294435
 9036158
 9041242
 9044074
 9046456
 9047072
 9051425
 9053262
 1304286
 9058035
 9058084
 9058581
 9058259
 9056533
 9062211
 9061680
 9060627
 1365745
 9063143
 9042752
 9046236
 9049266
 9053362
 9055561
 9053987
 9053654
 9053264
 9056039
 9057162
 1240736
 9058676
 1165951
 9062680
 9062689
 9062724
 9062728
 9062752
 9059623
 9061253
 9062221
 9063144
 9063024
 9061288
 9060206
 9016167
 9029813
 9032666
 9039129
 9041862
 9041879
 9049487
 1188126
 1188133
 9049530
 9051267
 9051282
 9054122
 9057439
 9058298
 9058134
 9056597
 9058355
 9058761
 1188391
 9057270
 9057533
 9058654
 9056278
 9057278
 9058897
 9061988
 9059837
 9060691
 9061419
 9062595
 9062326
 9060205
 1249959
 9062749
 1354516
 9050937
 9057406
 9057415
 9057747
 9057295
 9058152
 9057454
 9059108
 9059292
 9058532
 9061435
 9061338
 9060092
 9060643
 9060652
 9060688
 1165498
 9062188
 9062640
 9062649
 9062892
 9059900
 9060215
 9061367
 9061507
 9062381
 9061541
 9062347
 9062604
 9062674
 9062977
 9063071
 9059961
 9061347
 9063019
 9060581
 9061005
 9061510
 9061943
 9060119
 9061985
 9062777
 9026322
 9041940
 9047394
 9050449
 9054956
 9055782
 1294417
 9052508
 9052812
 9058939
 9057990
 1294423
 9056507
 9060069
 9062769
 9061737
 9062285
 9063223
 1294434
 9061934
 9063376
 1354793
 9058663
 9059680
 9060171
 9061554
 9062736
 9062403
 9061133
 9016592
 9035879
 9039102
 9039815
 1014575
 9042176
 9048121
 9045703
 9048623
 1249131
 9052321
 9055454
 9053780
 9052642
 9061316
 9017015
 9018194
 9026817
 9029981
 9034579
 9047137
 9054940
 9058208
 9056042
 9056192
 9062740
 9062893
 9060901
 8994817
 9001387
 9004939
 9017302
 9022569
 9022782
 9037128
 9041688
 9046032
 9050634
 9054845
 9053588
 9053761
 9058564
 9057587
 9057903
 9056575
 9059111
 9058860
 9057801
 9056424
 9058829
 9056346
 9061673
 9060715
 9060951
 9061914
 9061570
 9062738
 9061590
 9061879
 9063251
 9060415
 9062986
 9059974
 9060114
 1354861
 1323036
 1240319
 9060201
 9059622
 9060422
 9029143
 9040103
 9045833
 9045872
 9046258
 9051733
 1354772
 9055530
 9054547
 9057462
 9056123
 9056299
 9058349
 9059469
 1304304
 9058479
 9058726
 1284354
 1284365
 9061916
 1249960
 9024286
 9030478
 9045660
 9045448
 9051033
 9049361
 9054854
 9053405
 9054594
 9058378
 9060420
 9059922
 9062148
 9062714
 9061468
 1294440
 9059907
 9062762
 9060358
 9030724
 9036555
 9035644
 9036305
 9040440
 9042038
 9043586
 9044710
 9042394
 9042268
 9047487
 1188385
 9045689
 9049283
 9050815
 9054664
 9055263
 9055859
 1240312
 9056458
 9058475
 9060064
 9061142
 9061552
 9062936
 1188187
 9062199
 9061987
 9062653
 1328403
 9060302
 9062564
 1188184
 9062440
 9043402
 9047974
 9049165
 9050898
 9051105
 9050959
 9052942
 9052562
 9052608
 9054327
 9054933
 9054725
 9054926
 9055889
 9052581
 9057431
 1354794
 9056118
 9058569
 9059282
 9057683
 9057787
 9056864
 9057748
 9057852
 9058382
 9060348
 9060505
 9061204
 9062238
 9062896
 9063145
 1354862
 9060924
 9062128
 9062878
 9062697
 9060537
 9061689
 9059870
 9060940
 9061362
 9062277
 9062491
 9062502
 9062533
 9063258
 9062929
 9060945
 9063164
 1294438
 9059913
 9062781
 9061255
 9062844
 9061878
 9061505
 9062748
 9060629
 9063355
 9060474
 1328360
 1328267
 9060047
 9060938
 9053631
 9052559
 9053567
 1294419
 9061158
 9045981
 9047604
 9062931
 9062065
 1188185
 1188194
 9060668
 9061074
 1368315
 1368319
 9056916
 1354797
 9056656
 9059191
 9059647
 1188200
 1188188
 9062131
 9062643
 9057136
 9061487
 9063366
 9060067
 9060540
 9062894
 9063168
 9060386
 9013218
 9016548
 9019794
 9017321
 9033691
 1126886
 9037691
 9048802
 9055289
 9057252
 9050472
 9053227
 9055624
 9055679
 9058444
 9059425
 9058406
 9056903
 9059137
 9058742
 9060227
 9060231
 9062967
 9059740
 9061712
 9062486
 9063110
 9062054
 9062194
 9062531
 9062590
 9063105
 9062483
 9063292
 9061195
 9059774
 9062072
 9061847
 9062223
 9062578
 9062874
 9062890
 9061429
 9062387
 1358021
 9062056
 1294441
 9059816
 9060831
 9062068
 9060029
 9061945
 9059763
 9060731
 9061346
 9061540
 9060773
 9061094
 1321478
 9059978
 9061796
 9062746
 1328364
 9059872
 9060397
 9060839
 9061374
 1365591
 9038287
 9045755
 9051162
 1240681
 1284355
 1284372
 9062008
 9062400
 9059904
 9062833
 1236774
 9061296
 9054659
 9055825
 9058875
 9059134
 9059369
 9056267
 9058735
 9061368
 9060081
 9062275
 9060459
 9061804
 9060075
 9060082
 9060471
 9031363
 1312423
 9037526
 9038179
 9038145
 9037886
 9043971
 9043997
 9049565
 9033380
 9031470
 9026949
 9032709
 9036638
 9037000
 9034999
 9035689
 9034651
 9040302
 9038854
 9040077
 9038485
 1126813
 9044317
 9044535
 9043327
 9044237
 9046737
 9045832
 1188380
 9046517
 9047290
 9049566
 9050725
 9050732
 9051050
 9051717
 9051821
 9052012
 9051669
 9049447
 1304253
 9049518
 9051072
 9050103
 9055104
 9055557
 9054892
 9056502
 1322060
 9059193
 9058529
 9056977
 9057140
 9057146
 9057446
 9057937
 9022426
 9022196
 1253902
 9030514
 9030518
 1243582
 1243202
 9054161
 9053610
 9054353
 9058711
 9059463
 9057828
 9059390
 9056763
 9062337
 9063119
 9059964
 9062841
 9062854
 9063210
 9063325
 9060367
 9018248
 9024584
 9023734
 9027209
 9027226
 9028212
 9026831
 9027275
 9026835
 9033420
 1188202
 9029989
 9035514
 9036626
 1294369
 9034746
 9035624
 9036838
 9036933
 9039965
 1323649
 9038859
 9037960
 1188111
 9038479
 9038050
 9039059
 9039331
 9038625
 9038674
 9044474
 9044485
 9041444
 9044326
 9044551
 9043129
 9044271
 9044771
 9042419
 9046571
 0978714
 9047028
 9046328
 9046338
 1323572
 1323585
 9048300
 9045623
 9048537
 9046619
 9046743
 9046329
 9046765
 9049546
 9049899
 9050282
 9049644
 9048937
 9051167
 9049293
 9050756
 9051799
 9052480
 9054435
 9052649
 9053142
 9054711
 9055554
 9054011
 9053554
 9054032
 9055846
 9058069
 9058350
 9058937
 9058953
 9059001
 9057517
 9058866
 9057129
 9057277
 1240309
 9059076
 9058390
 9059016
 9059513
 9056642
 9056627
 9057535
 1328348
 9061491
 9062030
 9062717
 9061127
 9062965
 9062358
 9062041
 9060648
 9060724
 1294439
 9060863
 9060898
 9062875
 9060405
 9062390
 1126630
 9024146
 1126892
 9034515
 1354691
 9047496
 9049980
 9049220
 9050210
 9054145
 9055274
 9053943
 9020935
 9042231
 9050625
 9050757
 1115652
 9054960
 9054062
 9056650
 9058273
 9058040
 9058194
 9056887
 9058958
 9059075
 9058142
 9058332
 9060521
 9061099
 9062837
 1323023
 1323031
 9059861
 9062003
 9062053
 1284360
 9060892
 9061249
 9061405
 9062853
 9061118
 9061244
 9061309
 9062000
 9060552
 9062613
 9063049
 9061788
 9060374
 9062124
 1321415
 9061798
 1328363
 9062120
 9060520
 9061683
 9051031
 9054827
 9057724
 1240730
 9062010
 9062935
 9049531
 9050503
 1321535
 9058584
 9059444
 1294422
 9057115
 9058374
 9062143
 9060598
 9063283
 9062290
 9062796
 1232124
 9026891
 9034167
 9040836
 9046811
 9051722
 9049113
 9050281
 9054852
 1115656
 9058174
 9057099
 9059205
 9059011
 1339959
 9058666
 1328345
 9061772
 1126956
 1354868
 9061021
 9062419
 9062481
 9061585
 9061103
 9062843
 9063039
 9059864
 9060636
 9060779
 9062732
 9060776
 9062586
 9060445
 9021600
 9017481
 9024618
 9033381
 9032280
 9035476
 9037276
 9042203
 9051204
 1321523
 9055714
 1240678
 9054706
 9053598
 9055457
 1321537
 9058195
 9058987
 9057796
 9057793
 9058026
 9058700
 9057837
 9059032
 9057170
 9058604
 1321460
 1321464
 9056560
 9060097
 9059998
 9060093
 9061132
 9063270
 9060794
 9062037
 9062090
 9062094
 9062331
 9063118
 9063062
 9062286
 9062298
 9061594
 9063308
 9062147
 9048315
 9049916
 9055895
 1365752
 9049423
 9050690
 9050643
 9050665
 9054098
 9053781
 9053896
 9055977
 9056854
 9057177
 9057966
 9058128
 9060980
 9062598
 9063044
 9060187
 9061060
 9060050
 9061402
 9061391
 9059990
 9060466
 1365714
 9050681
 9051221
 9058234
 1198939
 9057449
 9060281
 9061979
 9059968
 1236764
 9043617
 9044657
 9042690
 9046584
 9049872
 9052390
 9053481
 9052912
 9053573
 9063310
 9047745
 9050082
 9055911
 9054208
 9054319
 9055264
 9055730
 9055979
 9059178
 9059363
 9056393
 9058058
 9056471
 9057561
 9058399
 1294430
 9058215
 1304302
 9057551
 9059542
 9057282
 9056525
 9061239
 1354737
 9060511
 9062351
 9063243
 9063029
 9062026
 9059910
 9062396
 9062851
 9061003
 9061547
 9061687
 9059749
 9062220
 9061341
 9062441
 9060059
 9061966
 9062808
 1365747
 9061612
 9060071
 9059759
 9042674
 9052255
 9054491
 9055774
 9054758
 8978052
 9019440
 9023895
 9023996
 9029165
 9033018
 9036909
 9038725
 9038730
 9039224
 9044403
 9043499
 9052832
 9056863
 9058555
 9058719
 9060148
 9060966
 1188195
 1368331
 9060582
 9030986
 9044569
 9048786
 9057756
 9057804
 9058329
 1390837
 9062081
 1366970
 9063371
 9062136
