16-7-9
 9026199
 9034538
 9039598
 9041416
 9049482
 1161703
 9058772
 9059800
 9061717
 9062368
 9060744
 9063992
 9065770
 9066787
 9067003
 9066396
 9066198
 9066429
 9064853
 9066072
 9067137
 9065029
 9054971
 9063354
 9065897
 9065126
 9066686
 9020105
 9024562
 9031569
 9036097
 9040875
 9044450
 9051999
 1321543
 9058537
 9057617
 9057360
 9060838
 9062755
 9062437
 9062018
 9062115
 9062733
 1196766
 9065778
 9065610
 9066638
 9064076
 9063651
 1323511
 1323532
 9066488
 9066167
 9064281
 1321407
 9067150
 9065456
 9065571
 9064622
 1163977
 9064816
 9065629
 9066685
 9057732
 9066973
 9064367
 9064236
 9065052
 9067093
 9058598
 1240430
 1297669
 9066242
 9064944
 1339965
 9064254
 9064528
 9048903
 9054081
 9058851
 9056154
 9048684
 9061191
 9064343
 9065192
 9064270
 9065530
 9066694
 9033661
 9036808
 9038298
 9050383
 9052915
 9056984
 1354736
 9058997
 9059308
 9059423
 9059297
 9059406
 9059508
 9056845
 9062295
 9063357
 9062410
 9067198
 9057420
 9026858
 9030520
 9048145
 9051180
 9049184
 9055936
 9057844
 9056809
 9058942
 9057100
 9059967
 1354869
 9063213
 9061795
 9062831
 9063017
 9063368
 9064610
 9064741
 9065081
 9066415
 9067022
 9065781
 9066596
 9066339
 9063613
 9065270
 9065864
 9066209
 9064152
 9064621
 9066015
 9066025
 9066840
 9066995
 9063707
 9065199
 9065021
 9064666
 9064627
 9066577
 9067148
 9063954
 1321539
 1321544
 1321465
 9059928
 1321471
 9029817
 9047629
 9055886
 9058660
 9059005
 9050410
 9064585
 9065289
 9065948
 9034377
 9053018
 9057271
 1304307
 9057851
 9063165
 9060406
 9066500
 9065812
 9066735
 9053810
 9059337
 9056566
 9059417
 9061177
 9060182
 9060408
 9064128
 9065161
 9065382
 9065413
 9066816
 9021702
 9044394
 9051840
 9060828
 9062669
 9063580
 1239048
 9064329
 9064898
 9066211
 9066219
 9063674
 9066009
 9065412
 9063915
 9048059
 9056644
 9057155
 0978707
 9050292
 9051611
 9052750
 9054779
 1304274
 9059885
 9060742
 9061715
 9063783
 9065442
 9065386
 9066237
 9065642
 9064488
 9066955
 1291935
 1291936
 9063531
 9063605
 9063694
 9065536
 9052668
 9056647
 9056651
 9059458
 9058510
 9060248
 9060695
 9059868
 9061543
 9063658
 9064089
 9063575
 9065979
 9065459
 9065051
 9062865
 9061636
 9066303
 9066617
 9066062
 9066779
 9063748
 9064732
 9064881
 9066381
 9053383
 9058690
 9063075
 9062316
 9066413
 1284550
 9051712
 9051814
 1321534
 9049432
 9053553
 9055857
 9057368
 9059069
 9056261
 9060220
 9063169
 9061785
 9063323
 9061097
 9036741
 9045794
 9050976
 9050606
 9052156
 9052094
 9049678
 9051483
 9054423
 9053747
 9055146
 9053311
 9054444
 1188167
 9053229
 9056255
 9058400
 9056147
 9056306
 9056258
 9061004
 9061107
 9062858
 9061355
 9061595
 9062080
 9061378
 9060837
 9059786
 9064005
 1165961
 9064242
 9065134
 9066436
 9067015
 9064457
 9064868
 9066077
 9065910
 9064324
 9065811
 9027215
 9026873
 9031937
 9040106
 9038475
 9044297
 9042386
 9047614
 9051300
 9054539
 1354851
 9058379
 9059199
 9056607
 9058674
 1368195
 9056852
 9062817
 9062187
 9060243
 9063069
 9060893
 9061611
 9061223
 9062309
 9064388
 9065592
 9064558
 9065394
 9064581
 9065548
 9066102
 9065157
 9050975
 9051310
 9055272
 9055560
 9054576
 9056268
 9056756
 9058618
 9056842
 9057830
 9056554
 9061390
 9062479
 9062241
 9061013
 9059956
 9060388
 9063984
 9064139
 9064650
 9065851
 9063802
 9063908
 9064460
 9064465
 9065505
 9065680
 9065977
 9064129
 9064500
 1291932
 9066227
 9065098
 9064151
 9064866
 9065020
 9066457
 9063697
 9063833
 9064392
 9064740
 9066099
 9064834
 9065674
 9066297
 9063975
 9033384
 9037275
 9044897
 9052336
 9052337
 9049443
 9051195
 9052871
 9053974
 9052696
 9055897
 1321546
 9053010
 1161701
 1161702
 9053723
 9057738
 9056040
 9059258
 9058834
 9057802
 9058588
 9061822
 9063532
 9064438
 9064246
 9064252
 9066593
 9066928
 9065290
 9066811
 9067221
 1321489
 9066588
 9056188
 9056666
 9058307
 9061213
 9062406
 1188193
 9062414
 9060696
 9064133
 9065206
 9064081
 1354967
 9044021
 9048387
 9048395
 9055894
 8997774
 9041709
 9042218
 9054614
 9057642
 9058012
 9056544
 1188190
 9060639
 9064119
 9066815
 9065700
 9064752
 1321577
 9053084
 9058815
 9062702
 9066910
 9063806
 9063825
 9065404
 9064480
 9037320
 9023670
 9032185
 9037321
 9034813
 9038605
 9045141
 9047237
 9048963
 9048948
 1240635
 9057176
 9057488
 9057156
 9062235
 9062253
 9062754
 9060918
 9061516
 9063800
 9066559
 9063669
 9064683
 9067023
 1321494
 9063477
 9066247
 9066766
 9065283
 9044183
 9045262
 9050508
 1240421
 9063320
 1379631
 9061105
 9063650
 1354882
 1297667
 9063607
 1366973
 9066778
 9049242
 9049392
 9048688
 9056676
 9056820
 9059841
 9061719
 9061885
 9060567
 9060283
 9063015
 9061732
 9062078
 9064255
 9065644
 9065698
 9065707
 9066499
 9065202
 9065552
 9063757
 9064302
 9066535
 9065420
 9066640
 9066809
 9066883
 9065888
 9020551
 9025868
 9028321
 9041266
 9049516
 9051172
 9051888
 9052959
 9053063
 9058305
 9061079
 9059926
 1284363
 9060906
 1188136
 9058002
 1188394
 9064148
 9065755
 9066145
 9067222
 9049508
 9061903
 9062424
 9063206
 9062942
 9063314
 1165500
 9063051
 9066812
 9067135
 1297660
 9064420
 9066023
 9064147
 9065272
 9036401
 9044622
 9053970
 9053126
 9053788
 9054642
 9057370
 9059009
 9058740
 9056879
 9058691
 9059453
 9060167
 9062600
 9062840
 9062992
 9063189
 9061953
 9062932
 9060028
 9065097
 9065245
 9065345
 9065417
 9066088
 1354884
 1354893
 9065125
 9066808
 9065779
 9065847
 9065962
 9064593
 9063858
 9064135
 9064508
 9064611
 9065687
 9065777
 9064731
 9064047
 9065008
 9066813
 1294448
 9064753
 9065311
 9066326
 9064303
 9064930
 9064999
 9066435
 9066624
 9066982
 1321017
 1321018
 9067142
 9066594
 1321083
 9063400
 9063782
 9067104
 9067111
 9065734
 9065856
 9065950
 9065982
 9066748
 9064044
 9064657
 9064667
 9064091
 9064877
 9065892
 9066416
 9065825
 9063801
 9053741
 1240453
 9059980
 9063926
 9064207
 9065481
 9064036
 9063890
 9056770
 9066296
 9064591
 9065805
 9065600
 9066732
 8982744
 9022771
 9025853
 9030290
 9037929
 9062367
 9061055
 9062470
 9060601
 9065121
 9064331
 9063407
 9063518
 9063788
 9065398
 9064525
 9065915
 9066254
 9066455
 9066801
 9066965
 9063509
 9065260
 9064382
 9063635
 9065703
 9066334
 9066631
 9065149
 9063773
 9064952
 9065974
 9065732
 9066963
 9064592
 9066322
 9063692
 9065699
 9064330
 9066633
 9066810
 9064819
 9063755
 9063820
 9064408
 9064418
 9065482
 9065594
 9050341
 9051721
 9053579
 9058149
 9057706
 9060113
 9061533
 9061121
 9061664
 1362164
 9063562
 9066287
 9065973
 9066763
 9065446
 9065018
 9066231
 9064872
 1165955
 1165953
 1165958
 1165960
 1165957
 9053490
 9061008
 9061814
 9060371
 9066835
 9064155
 9064570
 9065205
 9063710
 9063714
 9066199
 9065493
 9065722
 9063396
 9053419
 9053750
 9054308
 9056564
 9056611
 9057183
 9058483
 9062912
 9061843
 1358019
 9060784
 9060913
 9062605
 1362169
 9065276
 9041231
 9054158
 9056559
 9056911
 9059177
 1354824
 9060497
 9061115
 9061070
 9062877
 9062919
 9062927
 9059570
 9059620
 9060854
 9064565
 9065961
 9066152
 9066929
 9067083
 9067101
 9067115
 9064827
 9066704
 9063972
 1328368
 9022584
 9034530
 9037943
 9041969
 9050967
 9055195
 9052611
 9053275
 1354855
 9056353
 9056677
 9058144
 9063045
 9061996
 9060396
 9060517
 1366972
 9060612
 9063517
 9065827
 9064407
 1323505
 9066233
 9066243
 9065788
 9066004
 9066476
 9063964
 9066528
 9064051
 9066006
 9066405
 9063986
 9064970
 1223624
 1332251
 9049708
 9058254
 9058857
 9059955
 9060153
 1240428
 9060453
 9062099
 9059863
 9060631
 9065154
 9065357
 1323507
 1323525
 9064446
 9064513
 9065225
 9066447
 9067144
 9064520
 9065363
 9066370
 9066678
 9066719
 9064340
 9066818
 9063728
 1339967
 9065836
 9065980
 9064638
 9066282
 9066666
 9066223
 9064911
 9054684
 1322063
 9061280
 9063338
 9063340
 9059715
 9060693
 9062698
 9059954
 9061361
 9062616
 9065409
 9065014
 9063701
 9065176
 9066985
 9066797
 9063960
 9066163
 9063664
 9064164
 9065088
 9065661
 9067232
 9032066
 9043467
 9041793
 9059362
 9062013
 9060443
 9060843
 9061780
 9061898
 9060457
 9061624
 0964803
 1354890
 9063791
 9063561
 9063851
 9065515
 9065627
 9067077
 9065808
 9064515
 9063742
 9065761
 9064120
 9064145
 1339968
 9063925
 9064267
 9065486
 9020643
 9053824
 9058074
 9059563
 9061667
 9061806
 9061579
 9064335
 9066980
 9067008
 9064390
 9064196
 9065135
 9066311
 9065156
 9063681
 9043016
 9050309
 9057047
 9056973
 9047540
 1321538
 1161704
 1328353
 9055950
 9056377
 1321463
 9059903
 9060109
 9061655
 9063452
 9066104
 9066460
 9063659
 9063662
 9066080
 9065894
 9066352
 9064291
 9063811
 9045189
 9054775
 9058415
 9062873
 9062178
 9022259
 9044446
 9051347
 9049977
 9052320
 1364309
 9052715
 9054315
 9054786
 9055407
 9058480
 9058230
 1240733
 9061546
 9063248
 9061923
 9061933
 9061973
 1284361
 9062271
 9059809
 9061526
 9062064
 9061603
 9061711
 9062988
 9063559
 9065222
 9065685
 9066092
 9066914
 9063660
 9063706
 9064551
 9065416
 9066522
 9063401
 9066790
 9066806
 9065544
 9063821
 9065027
 9065362
 9065451
 9058941
 9058909
 1321454
 1321458
 9061958
 9062047
 9063132
 9059710
 9061942
 9063377
 9066016
 1362172
 9063772
 9066711
 9035055
 9040997
 9039715
 9057831
 9060299
 9064660
 9065688
