16-07-20
 9093572
 9105057
 9102816
 9103080
 9102707
 9105978
 1359422
 9103904
 9104122
 9104860
 9105764
 9102855
 9105716
 9098537
 9100004
 9093692
 9096537
 9097786
 9103309
 9092212
 9100797
 9102144
 9097488
 9078959
 9105597
 9103077
 9103802
 9087569
 9085540
 9088843
 9091531
 9094777
 9098279
 9101566
 9104008
 9099232
 9105819
 9105897
 9104914
 9103521
 9105412
 9100163
 9096086
 9105336
 9096645
 9099295
 9089542
 9092998
 9095519
 9098138
 9097716
 9099023
 9105673
 9101439
 9103815
 9101577
 9104540
 9104721
 9095813
 9099129
 9105921
 9105909
 9094309
 1222494
 9105900
 9105130
 9100107
 9102186
 9104278
 9105019
 9104144
 9105195
 9105837
 9061279
 9073947
 9074366
 9080339
 9084295
 9088587
 9086474
 9098495
 9095989
 9095988
 9103075
 1312701
 9080018
 9078164
 9093936
 9100302
 9105712
 9104911
 9086631
 9090310
 9096254

