16-07-12
 9109050
 9107366
 9113814
 9112040
 9112454
 9113845
 1284383
 9068621
 9111569
 9104976
 9107776
 9113670
 9114170
 9111074
 9112965
 9107333
 9104669
 9105883
 1115694
 9113858
 9102123
 9109632
 9109820
 9106888
 9114089
 9112422
 9097463
 9105752
 9109411
 9112744
 9113959
 9113163
 9113527
 9091557
 9110856
 9112763
 9112586
 9058442
 9101182
 9113528
 9112510
 9113185
 1331421
 9105059
 9109575
 9112336
 9109448
 9109545
 9096163
 9099791
 9099555
 9108994
 9105146
 9108490
 9092205
 9103547
 9104755
 9108371
 9109594
 9111593
 9113901
 9090127
 9107379
 9112144
 9111455
 9097444
 9110511
 9111109
 9114375
 9111414
 9114072
 9114229
 9113684
 9113690
 9113598
 9113683
 9103050
 9109071
 9110656
 1291986
 9087399
 9101553
 9111564
 9104883
 9073894
 9100070
 9108235
 9110434
 9112094
 9113475
 9107453
 9107686
 9107625
 9110619
 9113678
 9104779
 9089538
 9106871
 9112299
 9108395
 9109197
 9110787
 9110967
 9113119
 9114186
 9113418
 9112543
 9050968
 9049760
 9054250
 9066555

