16-07-18
 9087052
 9087564
 9091130
 9093292
 9093296
 9094203
 9056462
 9081772
 9090985
 9091982
 9085353
 9090370
 9090134
 9091553
 9091647
 9091672
 9091332
 9091999
 9094481
 9090124
 9045365
 9091784
 9091794
 9093873
 9093044
 9091515
 9073737
 9075110
 9078750
 1297546
 9087498
 9088844
 9091090
 9091994
 9093068
 9090911
 9093597
 9081873
 9091610
 9091287
 9094160
 9091411
 9090432
 9094302
 9093807
 9060173
 9082227
 9085981
 9092506
 9093172
 9094178
 9077294
 9078787
 9076057
 9088088
 9089238
 9090270
 9089567
 9087389
 9091111
 9085827
 9008738
 9034291
 9086051
 9094235
 9094164
 9092971
 9094352
 9094404
 9093591
 9062624
 1323701
 9094266
 9093078
 9093355
 9093846
 9093033
 9083345
 1304329
 9085944
 9089343
 9093065
 9093127
 9093182
 9093601
 9087804
 9093087
 9093137
 9082050
 9087629
 9091966
 9081869
 9091993
 9092941

