16-07-26
 9117153
 9120542
 9118404
 9120275
 1365919
 9118314
 9111638
 9114910
 9117915
 9118913
 9118852
 9120228
 9120411
 9118370
 9113834
 1382697
 9118240
 9119209
 9089954
 9115877
 9116878
 9114966
 9120114
 9115762
 9116973
 9106483
 9109039
 9107873
 9099640
 9118575
 1382736
 9106538
 9105722
 1202051
 9117952
 9118960
 9078893
 9093641
 9120519
 9110028
 9103370
 9104335
 9117987
 9116165
 9116338
 9119074
 9119738
 9120382
 9117953
 9097625
 9104460
 9113153
 9119101
 9107052
 9114948
 9119109
 9119540
 9118347
 9117882
 9117557
 9099229
 9115383
 9116626
 9120295
 9117240
 9120503
 9116671
 9116826
 9118965
 9119916
 9120097
 1365917
 9093167
 9099240
 9109570
 9110957
 9110512
 9115948
 9118981
 9116608
 9117507
 9116785
 9116803
 9120119
 9105703
 9115536
 9123285
 9111425
 9122744
 9123900
 9096709
 9109597
 9108894
 9111931
 9111072
 9113470
 9114990
 9116686
 9118228
 9113808
 9118360
 9122328
 9111961
 9122749
 9102011
 9106703
 9112996
 9097016
 9104912
 9109733
 9114204
 9114417
 9120408
 9119545
 9118605
 9107375
 9121487
 9123111
 9114067
 9116807
 9115823
 9118035
 9119948
 9116081
 9118709
 9123428
 9123719
 9123728
 9116067
 9118233
 9120003
 9118588
 9121490
 9112133
 9121163
 9123262
 9118574
 9122570
 9114386
 9120633
 9120514
 9121861
 9122876
 9123666
 9115703
 1382818
 9115093
 9116169
 9120014
 9119659
 9121167
 9123097
 9122855
 9120324
 9123430
 9123576
 9122604
 9123710
 9117321
 9124006
 9096215
 9122684
 9123838
 9123273
 9122130
 9085280
 9091371
 9113386
 9119434
 9121158
 9122337
 9111880
 9115725
 9115768
 9107367
 9122849
 9121506
 9123421


