16-07-04
 9002914
 9006871
 9013877
 9034243
 9040684
 9036898
 9039428
 9040513
 9040642
 9027012
 9035639
 9026813
 9029875
 9035966
 9039000
 9039085
 9041154
 9034733
 9022650
 9036155
 9019108
 9030136
 9037271
 9031678
 9032914
 1272719
 9040748
 9039170
 9030079
 9036407
 9037607
 9041051
 9034595
 9038872
 9022966
 9035271
 9039336
 9039227
 9005968
 9040468
 9039832
 8991905
 9009428
 9012947
 9029281
 9036830
 9040608
 9039744
 1284593
 9032797
 9034982
 9039149
 9041117
 9040017
 9034003
 8979784
 8998853
 9019489
 9040948
 9036077
 9031344
 9034603
 9021942
 9037264
 9034102
 1365705
 9038070
 8955067
 9026292
 9037044
 9039209
 9040475
 9040394
 9040199
 9025340
 9025026
 9038838
 9038227
 9027127
 9008489
 9022757
 9037019
 9037290
 9031054
 9036850
 9030578
 9036136
 9013688
 9035715
 9038062
 9038078
 9039793
 9040293
 9029323
 9031924
 9038073
 9040504
 9022048
 9022803
 9026482
 9038366
 9029340
 9026785
 9039537
 9031556
 9000741
 9009394
 9018468
 9033899
 9038613
 9026993
 9033827
 9029876
 9036265
 9034483
 9034961
 1272710
 9017301
 8992770
 9034585
 1252788
 9020502
 1284539
 9030883
 9036027
 9035870
 9035122
 9027702
 9029354
 9032826
 9016773
 9032925
 9036669
 1272713
 9034423
 9017614
 9009295
 9032795
 9033894
 9014426
 9023495
 9028654
 9034206
 1354591
 9037278
 9032073
 9037138
 8994381
 9022306
 9031249
 9033067
 9037136
 9036904
 9037069
 9019052
 9030689
 9033228
 9036594
 9036710
 9035327
 9033236
 9035529
 9027984
 9033847
 9034619
 9025113
 9033142
 9025569
 9031754
 9037118
 9035353
 9036754
 9020678
 9028841
 9028598
 9032410
 9034130
 9034693
 9037267
 9036886
 1202826
 9028161
 9035753
 9029700
 9031155
 9032703
 9034108
 9035852
 9037086
 9033932
 9035882
 9036406
 9036541
 9034787
 9022121
 9031778
 9036772
 9034105
 9006803
 9027250
 9034400
 9036914
 9022033
 9025351
 9026490
 9027288
 9032841
 9032320
 9037120
 9031378
 9033280
 9022006
 9027192
 9013708
 9026059
 9032940
 9036257
 9031956

