16-07-02
 1272602
 9024653
 9024661
 9028596
 1365057
 9023259
 9020013
 9024338
 9033350
 9028922
 9033178
 9024435
 9023447
 9023156
 9026484
 9022100
 9008550
 9018496
 9025137
 9026747
 9027023
 1382600
 8998172
 9023523
 9028320
 9033331
 9029803
 1323992
 9023959
 9026744
 9028736
 9028450
 9031959
 9032682
 9032096
 9030508
 9033327
 9016745
 9020907
 9030709
 9031334
 9032739
 9033487
 9012211
 9012296
 9012003
 9027718
 9027056
 9029367
 9032416
 9026610
 9027768
 9030727
 9026376
 9027864
 9032447
 9024458
 9025142
 9026051
 9026431
 9014361
 9014393
 9033087
 9015397
 9024185
 9027257
 1293157
 9032763
 9024421
 9029217
 9032456
 9032869
 9019957
 9020531
 9030301
 9033583
 8982816
 1304220
 9023897
 9033592
 9033036
 9032854
 9030722
 9031068
 9031706
 9019650
 9024670
 9031475
 9033313
 9017878
 9018333
 9017441
 9031143
 9031690
 9011567
 9023619
 9033266
 9026737
 9025122
 9026975
 9026097
 9026578
 9027015
 9029312
 8991544
 9023994
 9017459
 9019305
 9023804
 9022002
 9026467
 9026488
 9021970
 9018471
 1382586
 8990322
 8996242
 8997480
 9001489
 9006358
 9010052
 9023735
 9026633
 9024000
 9013127
 9024358
 9026750
 9025264
 9023501
 9023515
 9027963
 9028262
 9028388
 9026794
 9026806
 9017297
 9022646
 9025432
 9029087
 9028011
 9013288
 9024546
 9023949
 9028553
 9026603
 9007083
 9006594
 1284517
 9026474
 9029423
 9026666
 1304234
 9020851
 9005619
 9029188
 9008246
 9020585
 9019510
 9025115
 9023944
 9026613
 9010570
 8990754
 9002682
 9012470
 9028026
 9027957
 9012693
 9023631
 9025728
 9027520
 9027778
 9029081
 9029107
 9029290
 9027038
 9017975
 9019465
 9026552
 9002319
 9021119
 9021364
 9025772
 9023981
 9024719
 9028697
 8996647
 9004677
 9020142
 9025579
 9029697
 9003918
 9008095
 9012153
 9024504
 9029381
 9009760
 9028460
 9026984
 9026500
 9027708
 9029112
 9019161
 8978082
 9000307
 9024988
 9025403
 9022641
 9024824
 9028690
 1354275
 1365590
 9021306
 9011399
