16-07-05
 9036879
 9040484
 8998124
 9031097
 9035862
 9044649
 9044144
 9039779
 9018421
 9041573
 9041578
 9042316
 9042328
 9042334
 9044351
 9043785
 9044322
 9042934
 9041549
 9043920
 9021069
 9036504
 9039424
 9040517
 9044898
 9007830
 9040462
 9035310
 9013169
 9013279
 9040317
 9024619
 9042076
 9043303
 9005338
 9030698
 9030714
 9040646
 9044313
 9011338
 9011359
 9013266
 9030468
 9036987
 9044084
 9043557
 9036655
 9043127
 9043479
 9042330
 9000146
 9030163
 9035724
 9035822
 9043999
 9042663
 9044541
 9042100
 9028914
 9036675
 9037609
 9038630
 9038640
 9044342
 9042858
 9044343
 9044078
 9038360
 9043858
 9039906
 9040541
 9043846
 9043562
 9044124
 9026554
 9031294
 9038074
 9038077
 9039814
 1284403
 9043246
 9043656
 9004870
 9011785
 9034201
 9037537
 9030702
 1175578
 9038158
 9042717
 9043361
 9042197
 9038053
 9042259
 9041427
 9042886
 9017469
 9022132
 9024740
 9007982
 9038716
 9039918
 9043941
 9041825
 9043192
 9044867
 9043934
 9048168
 9047751
 9047979
 9046245
 9046426
 1324401
 9045994
 9045999
 9046851
 9046908
 9038685
 9038448
 9040755
 9042205
 9045169
 9018786
 1323566
 9041582
 9042319
 9042245
 9046671
 1379779
 9038455
 9046586
 9030645
 9046560
 9046601
 9045619
 9045307
 9045578
 9046319
 9042253
 9033185
 9045358
 9045616
 9048611
 9047676
 9042043
 9048206
 9046536
 9047493
 9046639
 9047455
 9047602
 9039839
 9046554
 9047762
 9032846
 9039161
 9046801
 9045842
 9046352
 9040756
 9041733
 9040938
 9047319
 1323569
 9047956
 1304232
 9032813
 1354568
 9048354
 9047324
 9045424
 9027686
 9029092
 9047633
 9045848
 1126911
 9043442
 9044594
 9041756
 9046692
 9046683
 9046390
 9045572
 9040942
 9040629
 9043434
 9044629
 9041430
 9043801
 9046736
 9047425
 9040633
 9044520
 9046156
 9046888
 9047964
 1359177
 9039786
 9041580
 9046143
 9046698
 9042323
 9047610
 9027382
 9032700
 9040706
 9044118
 9044398
 9044370
 9033319
 9048197
 9049203
 9038250
 9051193
 9051546
 9051628
 9045380
 9046366
 9050737
 9050096
 9041576
 9042337
 9043962
 9046778
 9045634
 9049653
 9050124
 9025700
 9047890
 9047953
 9051962
 9049022
 9027583
 1379787
 9048328
 9039686
 9047153
 9045360
 9050107
 9049890
 9041998
 9046446
 9046794
 9050664
 9049059
 9051929
 9049235
 9052332
 9040298
 9043392
 9038238
 8997179
 9035891
 9049064
 9047597
 9045373
 9043912
 9049062
 9038160
 9048974
 9050203
 9051626
 9040428
 9047742
 9051758
 9050904
 9041114
 9047994
 9045700
 9045335
 9049522
 9052038
 9040598
 9051990
 9049069
 9050104
 9051030
 9051743
 9050726
 9049418
 9045672
 9045622
 9050794
 9050806
 9044325
 9021273
 9024729
 9050381
 9051489
 9051917
 9050416
 9046009
 9039893
 9046715
 9047387
 9047754
 9047447
 9047852
 9050699
 9050128
 9047320
 9049076
 9050121
 9051944
 9051438
 9044703
 9047613
 9047815
 9039117
 9048386
 9044533


