16-08-02
 9136158
 9140594
 9140597
 9140961
 9141490
 9122144
 9118631
 9138331
 9139312
 9139270
 9143335
 9141054
 9142763
 9141189
 9136051
 9137936
 9137562
 9123650
 9131832
 9141068
 1272863
 1373135
 9120322
 9143127
 9137257
 9139414
 9142981
 9140028
 9143363
 9137793
 9143442
 9140710
 9123090
 9143342
 9127679
 9137329
 1359323
 9140312
 9138614
 9143391
 9138966
 9138978
 9143076
 9140341
 9138090
 9143314
 9143394
 9142421
 9143261
 9141022
 9142891
 9143555
 9143550
 1191963
 9137544
 9139238
 9141419
 9143353
 9140545
 9143284
 1373126
 9141335
 9141193
 9143260
 9138800
 9131512
 9139830
 9143488
 9136797
 9142108
 9132047
 9139099
 9138903
 9125237
 9127678
 9127685
 9133324
 9131366
 9135603
 9135611
 9137327
 9137333
 9137336
 9139729
 9133934
 9134639
 9142883
 9143546

