16-07-06
 9050018
 9049034
 9054519
 9055399
 9053209
 9050997
 9046651
 9054188
 9054231
 9052663
 9052674
 9052684
 9037090
 9046606
 9032279
 9051109
 1354812
 9055136
 9046264
 9054994
 9045632
 9052671
 9052656
 9018312
 9032343
 9038972
 9051201
 9050640
 9051198
 9050426
 9054304
 9052667
 9055528
 1240688
 9054403
 9052596
 1382624
 9055103
 9044330
 9044638
 9046005
 9054244
 9029466
 9050243
 9054915
 9045375
 9044985
 1365721
 9052688
 1304276
 9054701
 9032871
 9048860
 9050356
 9052625
 9054463
 9055610
 9054506
 9053097
 9037926
 9047819
 9052200
 9049072
 9054023
 9055657
 9055746
 9055202
 9052950
 9055613
 9055438
 9053958
 9055748
 9049628
 9051728
 9055491
 9050846
 9052677
 9054464
 9053028
 9055142
 9052658
 9052661
 9052673
 9053634
 9049058
 9052670
 9046002
 9054141
 9051609
 9051939
 9043411
 9045247
 9053221

