16-07-27
 9101714
 9125954
 9127057
 9126203
 9119501
 9116933
 9126619
 9091340
 9093099
 1382830
 9121302
 9126230
 9118246
 9118542
 9121170
 9120499
 9113677
 9120344
 9127100
 9126287
 9125093
 9105836
 9117395
 9120072
 9123713
 9125717
 9125907
 9126100
 9126121
 9124709
 9126600
 9126792
 9124957
 9121493
 9126670
 9059882
 9110492
 9114913
 9115479
 9123644
 9126487
 9126193
 9126795
 9079136
 9039185
 9076228
 9077442
 9096736
 9112780
 9123373
 9125589
 9117363
 9117599
 9122613
 9123523
 9124535
 9126221
 9126660
 9126267
 9109174
 9126616
 9083684
 1366616
 9124510
 9125715
 9126622
 9126102
 9122676
 9125330
 9082503
 9119866
 9121235
 9124058
 9127287
 9124675
 9127121
 9126467
 9111778
 9111629
 9116322
 9095352
 9101201
 9112266
 9116934
 9114260
 9126142
 9125203
 9124767
 9124428
 9120418
 9124159
 9126323
 9118977
 9111400
 9111627
 1341523
 9117058
 9122007
 9124512
 9109181
 9121308
 9122086
 9125505
 9125248

