16-07-07
 9026627
 9034763
 9058905
 9056710
 9058191
 9058458
 9058713
 9057220
 9057933
 9045113
 9057943
 1379796
 9057674
 9054236
 9056195
 9057792
 9040711
 9054176
 9036111
 9050554
 1304279
 9052946
 1379795
 9054427
 9054197
 9055070
 1365720
 9058898
 9057625
 9057998
 9054090
 9058720
 9056322
 9056152
 9040056
 9037694
 9041899
 9044526
 9049065
 9054497
 9055421
 9055609
 9057784
 9056067
 9040213
 9049384
 9058806
 9058863
 9050108
 9051276
 9034450
 9045353
 9046413
 9055431
 9055445
 9056222
 9056226
 1240667
 9056703
 9055235
 9057097
 9059151
 9053101
 9052852
 9055245
 9055170
 9059291
 9049832
 9054526
 9021077
 9058335
 9058906
 9058436
 9050534
 9052679
 9053673
 9053244
 9056895
 9050982
 9058923
 9058607
 9059157
 9058913
 9038142
 9041422
 9058881
 9058945
 9058874
 9058001
 9059144
 9051950
 9057634
 9046020
 9045491
 9040403

