16-07-19
 1379703
 9095971
 9099285
 9099803
 9090025
 9091350
 9092670
 9093568
 9092916
 9101244
 9101494
 9102138
 9085454
 9080353
 9100039
 9101062
 9092851
 9095760
 9097184
 9095909
 9091478
 9095621
 9101604
 9102325
 9101900
 9089328
 9096672
 1324661
 9097372
 9098068
 9101051
 9098313
 9100892
 9096035
 9096345
 9101844
 9095874
 9101228
 9101531
 9101448
 9099383
 9099384
 9080240
 9086355
 9089959
 9099851
 9100278
 9070410
 9093604
 9092789
 9097328
 9100828
 9101435
 9102383
 9102104
 9100051
 9092588
 9093093
 9095662
 9096607
 9088676
 9089704
 9096730
 9099030
 9100313
 9101359
 9101879
 9102112
 9079145
 9095180
 9100884
 9086659
 9097002
 9097609
 9101281
 1359407
 9101620
 9065968
 9102010
 9096991
 9098319
 9101193
 9100942
 9097836
 9097843
 9089326
 9100821
 9099581
 9101183
 9100294
 9102263
 9092202
 9091359
 9093532
 9093783
 9093150
 9097216
 9097484
 9089377
 9091654
 9093512
 9096501
 9098532
 9085175
 9094117
 9097361
 9085734
 9092881
 9095889
 9059485
 9091464
 9089531
 9092650
 1341364
 9096065
 9089321
 9085190
 9095891
 9098259
 9098264
 9094306
 9095805
 9097696
 9098095
 9094232
 9097308
 9098481
 9059859
 9083352
 9085973
 9091331
 9091460
 9089884
 9093134
 9078011
 9083660
 9081385
 9093194
 9094861
 9094994
 9098500
 9096719
 9076028
 9085284
 9093159
 9093177
 9095806
 9078795
 9091622
 9094043
 9089422
 9089982
 9090539
 9088036
 9092603
 9092606
 9094129
 9092990
 9094118
 9095873
 9097868
 9098335
 9095920
 9095944
 9092005
 9092087
 9095492
 9095273
 9094296
 9092837
 9096098
 9098438
 9097257
 9097265
 9097278
 9098156
 9098663
 9096970
 9098488
 9096808
 9088370
 9094283
 9065210
 9093459
 1268120
 9098459
 9094768
 9094898
 9094957
 9095916
 9097492
 9080988
 9086907
 9091693
 9093983
 9094354
 9095429
 9096710
 9097271
 9097448
 9094616
 9072699
 9089240
 9094067
 9093570
 1304330
 9079868
 9081770
 9081795
 9083284
 9090586
 9097285
 9098530


