16-07-12
 9059524
 9073732
 9073765
 9076579
 9044298
 9044308
 9052672
 9070585
 9071903
 9073339
 9075613
 9062393
 9072220
 9073851
 9064469
 9058880
 9069535
 9072533
 9075076
 9075260
 9075922
 9075464
 9060144
 9062550
 9071803
 1382753
 9052902
 9075810
 9074510
 9073887
 9076018
 9073081
 9075883
 9060721
 9070305
 9069224
 9073898
 9073404
 9073213
 9073541
 9074112
 9076439
 9073962
 9072695
 9051277
 9072412
 9068466
 9068732
 9073191
 9075288
 9065666
 1272745
 9070101
 9071591
 9076416
 9074054
 9072107
 9070544
 9075972
 9073744
 9061818
 9070446
 1323176
 9071256
 9075865
 9073866
 9076023
 9076121
 9073547
 1128576
 9074180
 9072151
 9076556
 9061284
 9065533
 9067283
 9072476
 9071569
 9063020
 9065951
 9057543
 9061838
 9070799
 9071638
 9071641
 9074138
 1323163
 9071326
 9072735
 1323009
 1323283
 9050412
 9071917
 9072273
 9074092
 9072376
 9070044
 9074346
 9066018
 9067592
 9069782
 9070135
 9072525
 9070342
 1312703
 9073216
 9073970
 9069505
 9067816
 9073079
 9066493
 9060559
 9064116
 9064725
 9070569
 9072106
 9073982
 9070458
 9070309
 9072890
 9072404
 1323293
 9073109
 9074464
 9057400
 9068901
 9071650
 9073934
 9074296
 9054808
 1284358
 9063202
 9069175
 9070399
 9071711
 9071848
 9073817
 9067295
 9072526
 9068583
 9070405
 9073195
 9074089
 9071490
 9073424
 9073747
 9073963
 9074123
 9074253
 9041510
 9068130
 9072109
 9074547
 9072887
 9072542
 9067915


