16-08-01
 9136539
 9139875
 9139883
 9140219
 9136378
 9139517
 1359338
 9066038
 9087645
 9130851
 9131065
 9131617
 9131279
 9137569
 9134224
 9135081
 9136704
 9112529
 9118656
 9118662
 9129655
 9137914
 9133964
 9110508
 9123513
 9137066
 9096325
 9140086
 9135585
 9138324
 9139043
 9137339
 9094857
 9119124
 9136504
 9138497
 9138635
 9138355
 9135718
 9138706
 9134996
 9119389
 9132156
 9130768
 9137736
 9139262
 9137721
 9138512
 9139815
 9139899
 9139864
 9138730
 9132465
 9133155
 9136994
 9134425
 9140380
 9138637
 9049207
 9110659
 9121514
 9132485
 9139515
 9139404
 9139638
 9138813
 9139161
 9139872
 9139892
 9139090
 9140045
 9138348
 9140061
 9107208
 9111290
 9113811
 9119350
 9115616
 9122605
 9133350
 9138923
 9126615

