16-07-16
 9090201
 9090069
 9091413
 9091782
 9070125
 9082972
 9087205
 9086387
 9091469
 9091604
 9091657
 9090684
 9086858
 9086870
 9087766
 9087775
 9092310
 9072343
 9084268
 9038999
 9078970
 9061906
 9074491
 9079706
 9081644
 9083683
 9087608
 9091956
 9081010
 9089759
 9091124
 9074921
 9084473
 9085226
 9089731
 9086223
 9086384
 1304533
 9091581
 9086435
 9082009
 9089776
 9091085
 9091926
 9081278
 9081698
 9090978
 9090612
 9051862
 9062169
 9088364
 9088861
 9091429
 9092188
 9090448
 9091852
 9091592
 1286527
 8988402
 1304531
 9058759
 9090194
 9086019
 9091570
 9091601
 9073761
 9079039
 9091373
 9090614
 9091401
 9091456
 9091792
 9091242
 9081786
 9091772

