16-07-21
 9102269
 9105824
 1359421
 9094288
 9090798
 9107345
 9107393
 9107318
 9106578
 1382694
 9067511
 9071274
 1240438
 9095117
 9101333
 9100113
 9107663
 9108109
 9108856
 9109211
 9106922
 9104972
 9102716
 9102407
 9107677
 9094280
 9101168
 9099862
 9103868
 9109111
 9109191
 9098132
 9104923
 9088786
 9103881
 9105968
 9085992
 9104470
 9108185
 9109125
 9105116
 9076431
 9076746
 9107862
 9109117
 9109618
 9109590
 9109593
 9109241
 9107107
 9101414
 9095872
 9106139
 9105867
 9107384
 9088520
 9105848
 9103657
 9105863
 9104254
 9109551
 1323708
 9091565
 9096177
 9109044
 9109807
 9107993

