16-07-28
 9123746
 1366796
 9130501
 9089935
 9103414
 9102886
 9124305
 1202582
 9123106
 9112745
 9130122
 9127830
 9123464
 9091558
 9126587
 9127713
 9125039
 9129771
 9129937
 1373293
 9096294
 9122397
 9128862
 9123844
 9129776
 9123649
 9126523
 9106681
 9107634
 9115095
 9123169
 9124485
 9128782
 9125736
 9126620
 9127684
 9125611
 9128873
 9130050
 9129237
 9121165
 9129682
 9128717
 9115104
 9124751
 9125886
 9128650
 9128466
 9129923
 9126223
 9128434
 9126736
 9125064
 9125267
 9126813
 9124745
 9127675
 9129401
 9129805
 9128524
 9130051
 9129533
 9128511
 9127597
 9128710
 9127707
 9127711
 1296750
 9129398
 9127113
 9128517
 9126233
 9129829
 9126362
 9122875
 9083373
 9123084
 9129641
 9127695
 9127778
 9129646
 9114906
 9129642
 9128469
 9100281
 9107324
 9125760
 9130022
 9128869
 9121989
 9130433
 9129919
 9130059
 9129590

