16-07-09
 9056552
 9056355
 9060152
 9065440
 9058888
 9064714
 9064888
 9065848
 9066118
 9011354
 9064087
 1240716
 9061561
 9065118
 9063542
 9064505
 9062301
 9041665
 9063160
 9052660
 9052678
 9054493
 9054501
 1240706
 9055944
 9046604
 9047948
 9054486
 9052857
 9061831
 9060218
 9061083
 9062644
 9063166
 9060430
 9064729
 9064855
 9067176
 9045282
 9052848
 9056364
 1354863
 9061908
 9045312
 9066272
 9066345
 9066034
 9052142
 9064115
 9064577
 9066793
 9062685
 9065535
 9061172
 9063628
 1253909
 1284382
 9058317
 9066899
 9063677
 9056218
 9066697
 9062638
 8998780
 1323317
 9046597
 9066872
 9065208
 9066181
 9066003
 9064794
 9061866
 9066309
 9039173
 9059305
 9066875
 9065740
 9051779
 9056221
 9062567
 9057693
 9061293
 9062028
 9064150
 9065577
 9061216
 9031329
 9061006
 9062330
 9062508
 9059995
 9067136
 9066295
 9065011
 9066408
 9055744
 9059013
 1323010
 9063672
 9065204
 9065990
 9066649
 9051622
 9062444
 9061789
 9064781

