16-07-29
 9123279
 9128532
 9133464
 9119429
 9125766
 9129736
 1359332
 9095007
 9127230
 9117951
 9133220
 9132275
 9124644
 9126525
 9129490
 9130736
 1341298
 9130495
 9130943
 1209380
 9133306
 9133374
 9130494
 9133644
 9132055
 9127709
 9127717
 9129941
 9130846
 9133144
 9092830
 9093926
 9111814
 9118838
 9121922
 9121746
 9131024
 9131709
 9133069
 9131298
 9126365
 1321046
 9131903
 9132921
 9132161
 9132723
 9105830
 9129420
 1373486
 9132446
 9129309
 9129612
 9131053
 9132818
 9133134
 9109523
 9126000
 9129968
 9127924
 9133774
 9131183
 9133289
 9101252
 9128986
 9131995
 9130838
 9130847
 9130854
 9131056
 9133299
 9133320
 9133328
 9075496
 9060008
 1324657
 9130388
 1373270
 9090331
 9129933
 9133127
 9132843
 1328445
 9131386
 9132842
 9128292
 9127689
 9129057
 9129925
 9133101
 9131059
 9131985
 9130760
 9126273
 9128551
 9122631
 9130065
 9130712
 9132457
 9119059

