16-07-25
 9074505
 9101794
 9110207
 9111329
 9111413
 9111419
 9115704
 9098436
 9116451
 9117165
 9117323
 9116300
 9104129
 9115490
 9097920
 1239991
 9115004
 9115108
 9117357
 9115711
 9114639
 9112748
 9057366
 9082241
 9082723
 9086442
 9097333
 9100418
 9102062
 9105307
 9117414
 9116966
 9115936
 9091603
 1373219
 9105916
 9110438
 9114709
 9116076
 9101140
 9112275
 9114009
 9114895
 9114905
 9117408
 9114946
 9115881
 9089232
 9103680
 9108779
 9116681
 9087682
 9097568
 9115769
 9115295
 1324405
 9104644
 9110575
 9111634
 9111352
 9115832
 9115918
 9079507
 9112324
 9117596
 9101996
 9108410
 9116849
 9111512
 9113611
 9113849
 9114388
 9114899
 1222497
 9103573
 9115090
 9111724
 9115972
 1214242
 9043456
 9103357
 9117245
 9116358
 9117560
 1328430
 1328431
 9079682
 9105298
 9109615
 9106916
 9108980
 1322401
 9114957
 1239992
 9112681
 9117088
 9065232
 9096660
 9110743
 9113597
 9116740
 9109567
 9116874
 9116195
 9117568
 9116779
 9116770

