16-07-11
 9066351
 9069728
 9070457
 9050262
 9057650
 9069607
 9027341
 9033367
 9033952
 9047988
 9069852
 9055418
 1239760
 9062091
 9019684
 9036610
 9067473
 9047723
 9049655
 9065543
 9020697
 9025087
 9028788
 9030950
 9035078
 9043857
 9044621
 9058976
 1240431
 9061090
 9066865
 9064943
 9068191
 9068197
 9066206
 1341466
 9047726
 9052783
 9053236
 9062022
 9067819
 9069043
 9070361
 9068528
 9069144
 9064571
 9056941
 9065215
 9065226
 9066304
 9063983
 9070023
 9070561
 9069544
 9019638
 9022124
 9022133
 9035379
 9041163
 9053292
 9063675
 9064555
 9070575
 9070578
 9068891
 9060711
 1312691
 9064083
 1354954
 9067465
 9066750
 9066121
 9042876
 9065477
 9066968
 9065586
 9065507
 9065158
 9070724
 9070464
 9068208
 9033343
 9038284
 9063735
 9069053
 9068920
 9058730
 9065230
 9070433
 9069313
 9070314
 9062706
 9064847
 9068069
 9069829
 9067734
 9067555
 9068637
 9068146
 9005380
 9040472
 9062708
 9064456
 9070338
 9067683
 9069113
 9027332
 9034943
 9037918
 9037921
 9047428
 9048808
 9054124
 9062096
 9068630
 9070539
 9070290
 9067828
 9070415
 9050368
 9064713
 9069968
 9068479
 9070617
 9067706
 9067709
 9068610
 9068616
 9070582
 9059905
 9069801
 9054156
 9066585
 9060586
 9066619
 9066607
 9069933
 9070593
 9069098
 1240701
 9056706

