16-07-22
 9091535
 9100288
 9099318
 9105276
 9103303
 9093073
 9108135
 9108016
 1312702
 9107354
 9109126
 9108835
 9098346
 9102950
 9107468
 9109033
 9091101
 9097371
 9102254
 9105794
 9107639
 9107674
 9109997
 9107491
 9086645
 9109344
 9109512
 9107465
 9104416
 9103896
 9080482
 9070007
 9087365
 9077604
 9102759
 9101949
 9108403
 9107471
 9097452
 9106550
 9109601
 9109661
 9110794
 9084632
 9091548
 9110934
 9083318
 9093188
 9107703
 9107622
 9108865
 9081809
 9087466
 9107653
 9109114
 9100809
 9105812
 9105181
 9107999
 9109406
 9107073

