16-07-08
 9034640
 9057731
 9059992
 9061025
 1201138
 9054213
 9062266
 9062715
 1312755
 9047141
 9048495
 9057689
 1312754
 9058507
 9058960
 9056225
 9060977
 9061222
 9061232
 9061336
 9063295
 9061756
 9061870
 9018959
 9039048
 9057735
 9062828
 9062847
 9057436
 9061366
 9045362
 9022639
 9061227
 9062155
 9055417
 9057940
 9057138
 9060472
 9061980
 9063332
 9059790
 9055450
 9054587
 1304278
 9059782
 9061821
 9061617
 9062052
 9061889
 9061797
 9037693
 1354820
 9052651
 9058972
 9056433
 9062789
 1284379
 9063205
 9062725
 9043405
 9040637
 9047209
 9055131
 9055140
 9054841
 9062219
 9061441
 9050998
 9061840
 1379624
 9062824
 9062629
 9061007
 9023150
 9056624
 9061048
 9061398
 9062632
 9062654
 1284380
 9062524
 9058561
 9060477
 9063233
 9055155
 9035561
 9046664
 9057367
 1323098
 9056303
 9050032
 9058514
 9059993
 9062102
 9052681
 9054220
 9062515
 9059788
 9061836
 9062650
 9062657
 9045348
 9052675
 9054509
 9055428
 9057785
 9061827
 9038443
 9047138
 9059953
 9043021
 1284381
 9061792
 9062308
 9062618
 9063161
 9062342
 9060102
 9044376
 9048383

