16-07-30
 9118911
 9130155
 9133123
 9136174
 9107529
 9122723
 9137133
 9135459
 9135933
 9098486
 9135735
 9135600
 9136686
 9135653
 9130045
 9128422
 9134200
 9123655
 9124765
 9126726
 9127706
 9133281
 9135298
 9134341
 9126706
 1382844
 9132273
 9103873
 9130863
 9136186
 9136436
 9135493
 9081817
 9133933
 9135110
 9136256
 9125952
 9136444
 9135536
 9132141
 9134971
 9135862
 9132041
 9132056
 9132835
 9128938
 9136736
 9136147
 9136556
 9135286
 9135294
 9136024
 9135806
 9131590
 9126224
 9133196
 9136144
 9136153
 9136239
 9120455
 9130454
 9134741
 9136371
 9110211
 9115293
 9119200
 9128300
 9127460
 9132483
 9136691
 9116703
 9124863
 9125290
 9130426
 9128727
 9131738
 9135326
 9135470
 9134866
 9136779
 9134371
 9134738
 9128096
 9128944
 9132293
 9134693
 9081714
 9085495
 9124298
 9125352
 9131320
 9133920
 9133929
 9134471
 9136531
 1359322
 9136950
 9136610
 9134247
 9131561
 1239993
 9126136
 1373283
 9133230
 9136161
 1359227
 9136390
 9133353
 9121789
 9127682
 9128472
 9129781
 9135594
 9136043
 9108830
 9136762
 9136739
 9136873
 9134929
 9121499
 9129426
 9133295
 9131363
 9135855
 9110477
 9113773
 9117402

