16-07-01
 9019713
 9021082
 9017956
 9023700
 9025453
 9024502
 1322272
 9021969
 9022049
 9022635
 9024219
 9022135
 9022138
 9022280
 9025023
 9022036
 9022042
 9025434
 9024161
 1304230
 9021719
 9014314
 9020370
 9021154
 9016445
 9016515
 9022096
 1322271
 9025114
 9025759
 9022469
 9016421
 9019450
 9024553
 9014493
 9021090
 9025667
 9023997
 9020341
 1322270
 9022082
 9013274
 9017723
 9019811
 9022435
 9024637
 9024680
 9004296
 9007628
 9022122
 9024555
 9025641
 9005897
 9018697
 9022044
 9024927
 9022161
 9002692
 9020858
 9019899
 9021088
 9016217
 9006384
 8994050
 9019258
 9025000
 9018820
 9024710
 1304231
 9022676
 9019293
 9017451
 1365604
 9024157
 9024441
 9008665
 9022129
 1365614
 9023937
 9025006
 9016650
 9020182
 9025786
 9022128
 9022457
 9025001
 9011634
 9016860
 9021094
 9017227
 9023727
 8995381
 9012240
 9021357
 1304217
 9022189
 1323375
 9018642
 9024692
 9021902
 9022336
 9019166
 9017333
 9022091
 9016400
 9018826
 9017902
 9018485
 9024699
 9009351
 9010980
 9011663
 9015619
 9021373
 9018817
 9019298
 9016182
 9008675
 9012305
 9017336
 9017338
 9017967
 9017971
 1232130
 9002589
 9011595
 9017456
 1284522
 8992823
 9008465
 9016119
 9014802
 9018919
 9017819
 9018832
 9019459
 8988649
 9010167
 9008898
 9012466
 9014167
 9017526
 9019180
 9013995
 9019445
 9012106
 9019134
 9019631
 9019101
 9019885
 9019908
 1284524
 9020107
 9018167
 9018657
 9020801
 9020528
 9021113
 9018736
 1232131
 9004086
 9011175
 8984851
 9012539
 9014288
 9019276
 9018105
 9000170
 9004335
 9019401
 9015379
 9020603
 9020896
 9013851
 9020751
 9019658
 9017642
 9018764
 9020239
 9021081
 9018628
 9019676
 1284521
 1284526
 9019179
 9007767
 9014597
 9013184
 9017424
 9019668
 1284525
 9018284
 9018791
 9019825
 9020124
 9014405
 9018675
 9010412
 9013440
 9021319
 9008967
 9011357
 9020944
 9006882
 8995253
 9009930
 9010071
 9016335
 9020841
 9017462
 1284528
 9021024
 8998631
 9000478
 9013711
 9014779
 9017231
 9016521
 9007835
 9009631
 9017465


