16-07-25
 9076767
 9104306
 9105542
 9097100
 9106205
 9104396
 9109477
 9107235
 9110737
 9113655
 9111246
 9114094
 9111920
 9111922
 9112662
 9117262
 9117437
 9117697
 9097322
 9104150
 9109836
 9107291
 9110959
 9110961
 9114194
 9114225
 9113014
 9115998
 9076948
 9084023
 9088926
 9089093
 9099476
 9105584
 9105078
 9106280
 9104370
 9103928
 1324682
 1324686
 9108502
 9109163
 9110910
 9110091
 1332842
 9112494
 9113878
 9114138
 9113782
 9111542
 9113219
 9113035
 9111943
 9112801
 9113565
 9111661
 9111710
 9112725
 9115710
 9114945
 1191907
 9117554
 9117650
 1373222
 9114630
 9114692
 9115125
 9115430
 9115547
 9115761
 9115814
 9116440
 9116446
 9116862
 9117192
 1393994
 9114623
 9114627
 9114675
 9116161
 9116369
 9114865
 9115389
 9116524
 9115312
 9116242
 9117093
 9100883
 9106856
 1359418
 9108418
 9112175
 9113435
 9111263
 9115431
 9117466
 1359209
 9114777
 9116275
 9071645
 9074872
 1390964
 9088478
 9085668
 9088667
 9088672
 9098894
 9108921
 1339998
 9094189
 9106072
 9106077
 9103261
 9105645
 9109199
 9109035
 9109758
 9109914
 9108998
 9107464
 9110630
 9110982
 1390822
 9061936
 9075318
 9051308
 9053692
 9059828
 9063691
 9066417
 9067419
 9074453
 9081844
 9083075
 9086273
 9098230
 9099179
 9103020
 9104420
 9102892
 9107137
 9108054
 9106966
 9106967
 9106970
 1394013
 9111053
 9113639
 9111196
 9111559
 1305268
 9114876
 9089063
 9089623
 9090468
 9090502
 9091217
 9091297
 9093745
 1332496
 9099217
 9100332
 9099660
 9100928
 9101899
 1196910
 9104937
 9106720
 9107718
 9106507
 9107250
 9107778
 1196942
 9112474
 9111145
 9113704
 9111386
 9116951
 9116745
 9116416
 9115123
 9116477
 9114831
 9114838
 9114640
 1372160
 9117326
 9099458
 9109040
 1236890
 1010123
 9104586
 9058762
 9081509
 1332263
 9099252
 9105012
 9103670
 9109917
 9106896
 9108386
 9108801
 9108593
 9110654
 9110327
 9110443
 9113459
 9114082
 9114143
 9111385
 9113731
 9111982
 9111949
 9113354
 9112282
 1393984
 9112351
 9112993
 9111610
 9114091
 9112433
 1324688
 9115937
 9117441
 9115200
 9116424
 9116613
 9116633
 9116802
 9116488
 9117206
 9117213
 9117492
 9117688
 9115433
 9115799
 9116630
 9114970
 9115638
 9117005
 9117460
 9114548
 9116741
 9116058
 9114745
 9117294
 9114853
 9114757
 9115300
 9115483
 9115745
 9115755
 9114950
 9114618
 9114803
 9115465
 9115474
 9116184
 1249963
 9116306
 9116129
 9116164
 9116732
 9073532
 9102316
 9100819
 9106029
 9103180
 9108458
 1305258
 9110688
 9110776
 9113069
 9114176
 9112626
 9111520
 9113701
 9114035
 9114155
 9113116
 9112315
 9113724
 9116781
 9117051
 9116024
 9115753
 9116360
 1390317
 1387912
 9104281
 9109637
 9106950
 9110691
 9110914
 9110203
 1357763
 9113265
 9058951
 9065988
 9075356
 9084604
 9082042
 9085327
 9087795
 9088855
 9097404
 9098722
 9099022
 1378012
 1378042
 9106988
 9108935
 0647230
 1191813
 9112059
 9111305
 9113088
 9117158
 9115236
 9115979
 9117432
 9117175
 9116605
 9115672
 9116025
 1390306
 9101850
 9075780
 9083134
 9105315
 9108041
 9109815
 9114471
 9112156
 9114303
 9117739
 9067256
 9070075
 9067354
 9073628
 9074118
 9072389
 9072399
 9072403
 1010897
 9076820
 9077686
 9081853
 9080686
 9083005
 0978763
 9081591
 9081785
 9087858
 9087867
 9086529
 9085308
 1332935
 9094213
 9097429
 9097447
 9101547
 9100289
 9103390
 1291437
 9109764
 1160439
 1191866
 9110610
 9113068
 9111598
 9117218
 9117584
 1359206
 1236897
 9117558
 9117142
 9116585
 9115078
 9116251
 9105912
 9102814
 9108035
 9107313
 9110770
 9102241
 9100196
 9110608
 9114259
 9113943
 9111390
 1272852
 9113082
 9114135
 9113242
 9111341
 9088171
 9087603
 9086385
 9090545
 9088878
 1390993
 1390886
 9093934
 9092779
 1390858
 9093107
 9095447
 9094574
 1390865
 9095729
 9098423
 9102366
 9104091
 9104117
 9104233
 9106991
 9109900
 9106660
 9107769
 9109106
 9107047
 1358294
 9112852
 9114075
 9111153
 9116461
 9115801
 9116185
 1373240
 9114926
 9116590
 9110533
 0647233
 9113209
 9113822
 9111500
 9112677
 9115788
 9115447
 9115920
 9116263
 9115013
 9116051
 9116411
 9117503
 9115885
 9115260
 1214240
 9111495
 9060988
 9102517
 9109911
 9108893
 9113425
 9113638
 9115451
 9086310
 9099213
 9104994
 9106912
 9108927
 9108262
 9107413
 9110260
 9113883
 9113288
 9115688
 9115489
 9116429
 9117022
 1341401
 9116205
 9116683
 9114711
 9115550
 9117664
 9116869
 9116993
 9117765
 9115466
 9115538
 9080299
 9083273
 9088384
 1371488
 1390862
 9096136
 9106788
 1323436
 9108883
 9113686
 9112832
 9112179
 9113899
 1323440
 1323445
 9113817
 1372457
 9117766
 9116258
 9114665
 9116382
 9116924
 9117171
 9115599
 9115713
 9117228
 1011911
 1339994
 9115082
 9115821
 9117011
 9110134
 1394009
 9112776
 9115463
 9116651
 9115112
 9116890
 9114815
 9047834
 9062917
 9069743
 9068354
 9075977
 9078406
 9078742
 9079132
 9081790
 1387862
 9083158
 9086652
 9085669
 9087445
 9086676
 9088095
 9085217
 1387975
 1324575
 1324576
 9090663
 9102240
 9105551
 9103085
 9103641
 9108500
 1160463
 9108622
 9106893
 1373548
 9110366
 9114476
 9112449
 9111952
 9113263
 1393975
 9112956
 9112373
 9111307
 9115961
 9117209
 9116474
 9116959
 9117116
 1378158
 1252188
 9117359
 9115454
 9115860
 9116600
 9115169
 9115522
 9116773
 9115944
 9117065
 9117349
 9100242
 9101596
 9105855
 9109307
 9114465
 1191882
 9113909
 9112982
 9112660
 9113971
 1176203
 9111902
 9113506
 9111255
 9113160
 9117775
 9117160
 9115250
 9115256
 1284445
 9116011
 9115794
 9116583
 9114735
 9117417
 9115069
 9116459
 9116450
 9116670
 9116987
 9117340
 9062711
 9087032
 1324577
 9094385
 9097777
 9100252
 9099026
 9102039
 9101558
 9102852
 9103525
 9110079
 9109064
 9110622
 9110992
 9110834
 9110827
 9113897
 9113719
 9114383
 9112194
 9113271
 9113728
 1379242
 9113050
 9116588
 9117730
 9117163
 9117684
 9117197
 9115399
 9117162
 9117768
 9112212
 9040516
 9052305
 9049772
 9055676
 9061384
 9065401
 9066186
 1126992
 9085041
 1249467
 9097254
 9092217
 9103201
 9113301
 1323446
 9111399
 1191885
 9116301
 9114567
 9107682
 9109237
 9086142
 1223739
 1223820
 1378035
 9109081
 1366664
 9072070
 9072074
 9083974
 9085943
 9089026
 9096521
 9100919
 9103289
 9110772
 9110735
 9114142
 9112417
 9117351
 9049659
 9057637
 9068587
 9073626
 9070420
 9077264
 1163454
 9082784
 9084555
 9085828
 9089056
 9093555
 9094623
 9094732
 1196886
 9100674
 9100659
 1196920
 9099180
 1160408
 1359419
 9103798
 1196931
 9102873
 1310931
 9108518
 9109670
 9106971
 9106686
 1390899
 9110135
 9112708
 1341062
 1341068
 9113850
 9113027
 9111091
 9113008
 9115625
 9115271
 9114889
 9117521
 9116709
 9086209
 9086215
 9115608
 1191883
 9115366
 9115075
 9117422
 9115624
 9115640
 1390304
 9099993
 9104092
 9105862
 9104814
 9102793
 1223841
 9107513
 9106407
 9107696
 9107928
 9108150
 9108897
 9108901
 9109031
 9109153
 9109193
 9108885
 9107154
 9106334
 9108304
 9109619
 9110212
 9110916
 9113356
 9113881
 9113034
 9113317
 9113583
 9114374
 1194195
 9113842
 9111064
 9111381
 9112955
 9116464
 9115810
 9117413
 9116685
 9116788
 9115118
 9117048
 9115066
 9116073
 9072722
 9081823
 9090019
 9097596
 9096196
 9097008
 9095052
 9100283
 9101424
 9099431
 9099726
 9103169
 9102750
 9104387
 1160394
 9105972
 9108859
 1373537
 9109763
 9107918
 9107050
 9109851
 9107568
 9110865
 1294036
 1376132
 9113424
 9114244
 9114029
 9114293
 9112153
 9115856
 1373212
 1373226
 9116026
 9117336
 9116969
 9115990
 9117003
 9117126
 9116530
 9114961
 9115777
 9116842
 9117100
 9105635
 9111535
 1372203
 9115111
 9114708
 1381825
 9110788
 9113537
 9111052
 9112108
 9115540
 9117173
 9117157
 1381820
 9090057
 9093709
 9095921
 9100481
 9099063
 9099856
 9106081
 9103748
 9105669
 9105263
 9109825
 9109603
 9107777
 9107478
 9107935
 9107339
 9108770
 9110939
 1284441
 9110612
 9114240
 9111353
 9111962
 9111203
 9113001
 9113004
 9113072
 9112008
 9112176
 9112884
 1324702
 9115833
 9115533
 9115923
 9116107
 9116833
 9115146
 9116443
 9117301
 9117647
 9117653
 9116860
 9115040
 9116503
 9115148
 9115152
 9115155
 9115590
 9116204
 9117561
 9117656
 9117179
 9115670
 9116846
 9114670
 9116812
 9117440
 9116727
 9116975
 9114911
 9116297
 9117147
 9117651
 9115326
 9116139
 9115072
 9116538
 9114776
 9114935
 9098241
 9098016
 9102023
 9100151
 9106191
 9106022
 9106168
 1378002
 9105004
 9104133
 9105599
 9114626
 9115343
 9115800
 9062519
 9082092
 9090265
 9103494
 9103509
 9112330
 1160508
 9112864
 9112908
 9112702
 9113191
 1372207
 9117009
 9116359
 9114685
 9116288
 9114715
 9116408
 9117201
 9102854
 9109506
 9113775
 1393978
 9111157
 1160510
 9111364
 9112720
 9113981
 9111394
 9116965
 9117168
 9116625
 9115759
 9088659
 9099682
 9099690
 9099699
 9099704
 9105547
 9103484
 1010052
 9103608
 9105085
 9109311
 9109925
 1010062
 9114235
 9111090
 9111722
 9116771
 9114742
 9117352
 1010070
 9114967
 9091738
 9114801
 9115615
 9116392
 9041322
 9043756
 1323568
 9050192
 9051055
 1359463
 9087040
 9093301
 9098274
 9099861
 1373532
 9108303
 9109253
 9106310
 9110606
 1014537
 1253927
 9114046
 9114114
 9114126
 9112896
 1253863
 9115282
 9116287
 9116813
 9084349
 9095234
 9097693
 9099840
 9103971
 9104791
 9108863
 9109966
 9106846
 9108999
 9108132
 9107061
 9107007
 9109732
 9106833
 9108576
 9110326
 9114020
 9112724
 9111316
 9111633
 9111112
 9112057
 9113778
 9114093
 1214237
 1332765
 9116545
 9116575
 9116663
 9117690
 1373230
 9115946
 9115873
 9117037
 9114761
 9117607
 9115512
 1393996
 9116806
 9114817
 9114822
 9117389
 9117617
 1359211
 1236898
 9116962
 9116983
 9117398
 9115194
 9117018
 9115280
 9117211
 9116218
 9116262
 9077119
 9083205
 9088526
 9089937
 9099887
 9101552
 9100344
 9101269
 9101590
 9109766
 9108050
 9108789
 9110456
 9113342
 9114115
 9114122
 9112248
 9113359
 9114379
 9113627
 9111648
 9117745
 9116402
 9116086
 9116229
 9116405
 9116284
 9114729
 9117439
 9115719
 9115446
 9114530
 9116114
 1362495
 9099546
 9113155
 1366747
 9111612
 9112604
 1324706
 9112629
 9117694
 9116669
 9116447
 9117190
 9116326
 1315020
 9089028
 1194671
 9095840
 9098197
 9100507
 9104221
 9104222
 9108485
 9108554
 9108370
 9108108
 9107280
 1381514
 9099281
 9100482
 9102714
 9104996
 9109456
 9109741
 9107542
 9110964
 9110810
 9110888
 9114396
 9113202
 9113937
 9112409
 9112610
 9114206
 9113763
 9113847
 9113632
 9113713
 9113752
 9111678
 1372465
 1372208
 9112548
 1254941
 1332752
 9117477
 9117519
 9117657
 9116106
 9115100
 1339923
 9116636
 9066369
 9066406
 9070386
 1010896
 1339983
 1339984
 1354838
 9079095
 1010762
 1010763
 1010764
 1010766
 0978757
 9086441
 0978765
 0978766
 9090983
 9093298
 9094448
 9097243
 9096883
 9097128
 9096152
 1010844
 1010846
 1010847
 1010848
 1010849
 9100913
 9100256
 9099842
 9104585
 9106184
 9104728
 9109887
 9109543
 1373541
 9107783
 9106898
 9106843
 9110956
 9110880
 9110771
 9113551
 9114411
 9112701
 1341070
 9113705
 9115691
 9115063
 9116523
 1381824
 9076724
 9084355
 9084190
 9084216
 9084227
 9089276
 1378036
 1010828
 9092038
 1387928
 9098989
 9101823
 9104763
 9108137
 9108427
 9107331
 9106995
 9109480
 9106636
 9107588
 9109178
 9111077
 9111238
 9112281
 9112764
 9114270
 1393979
 1393988
 9113439
 9111466
 9111468
 9111518
 0978988
 9115400
 9115717
 9116245
 9115603
 9117537
 9117719
 9114593
 9116754
 9115824
 9117205
 9117271
 9115070
 1381812
 1381815
 1372157
 9117642
 9082920
 9098021
 9110846
 9110480
 9114146
 1331438
 9113283
 9117574
 9116723
 9115636
 9114712
 9117543
 9114805
 9116764
 9116922
 9117764
 9116084
 9077352
 9095933
 9101927
 9100280
 9101891
 9106086
 1115696
 1223842
 9107411
 9107738
 9113940
 9113766
 9111540
 9115993
 9115742
 9116128
 9115017
 9116410
 9117371
 9116690
 9115657
 9117054
 9117576
 9115266
 9115848
 9116127
 9116230
 1379215
 9066422
 9072933
 9079445
 9078769
 9077389
 9077271
 9083396
 9084559
 0978758
 9089218
 1339812
 9100565
 9107062
 9110796
 9110793
 9110501
 9113083
 9114370
 9113524
 9113101
 9113795
 9111926
 9115527
 9117380
 9116714
 9117487
 9117616
 1393998
 9117591
 9117544
 9117552
 1372179
 1387977
 9096950
 9103516
 9105246
 9105328
 9108680
 9082799
 9086107
 9090649
 1304562
 9097925
 9097932
 9109812
 9107242
 0978986
 9113084
 9111509
 9114090
 9112011
 9111227
 9113026
 9112617
 9114233
 9117115
 1373232
 9117170
 9115797
 9116580
 9117388
 9081142
 9089105
 9090459
 9091009
 9095563
 9099420
 9109099
 9108895
 9109325
 9109176
 9109009
 9111859
 9112202
 9114087
 9085214
 9093100
 9098373
 9097457
 9097469
 9095171
 9101967
 9100352
 9100744
 9099504
 9104369
 9109154
 9110645
 9111475
 9112428
 9116080
 9116092
 1354843
 9083727
 9094767
 9095599
 9096321
 9099226
 9107607
 9106983
 9108140
 9107628
 9106386
 1249819
 9110764
 9110963
 9110176
 9113882
 9112084
 9113885
 9113831
 1341067
 9112631
 9112638
 9114223
 9111069
 9111374
 9111422
 9112699
 9113965
 9114353
 9114355
 9114369
 9113245
 9114359
 9113501
 9112897
 9111750
 9114097
 9111100
 9111149
 9111348
 9111552
 9111990
 9112694
 9113615
 9112954
 9117698
 9114710
 9115039
 9116634
 9116888
 1249491
 9115237
 9116064
 9116219
 9116383
 9114917
 9117598
 9115817
 1373221
 1373236
 9116145
 1311553
 9115375
 9115819
 9116188
 9114617
 9114760
 9115535
 9115839
 9116198
 9116707
 9117121
 9117418
 9117680
 9117687
 9115003
 9117164
 9117643
 9115281
 9114564
 9115102
 9116861
 9117130
 9117409
 9115950
 9116100
 9117585
 9116647
 9115368
 9115967
 9115309
 9117767
 9114654
 9115370
 9115403
 9115481
 9116379
 9116854
 1249964
 1253865
 9116173
 9106142
 9109080
 9108105
 9108672
 9110186
 9110978
 9112479
 9112152
 9111504
 9112311
 9113111
 9113262
 9113270
 9113992
 9112469
 1324712
 9111207
 9115394
 9115630
 9117633
 9068243
 9083304
 9085242
 9113736
 9111700
 9112295
 9112947
 9111331
 9115376
 9117102
 1236891
 9116593





