16-07-21
 1381067
 9102625
 9085657
 9101253
 9104005
 9096021
 9105948
 9106237
 1160413
 9103258
 9106629
 9107979
 9108389
 9109751
 9108875
 9106776
 9107858
 9108760
 9109496
 9109330
 9106768
 9108963
 9108786
 9108750
 9083302
 9106709
 9108264
 9108968
 9108319
 9106850
 9083504
 1390965
 9108111
 9075101
 1390812
 9040916
 9037517
 9040347
 9041666
 9044999
 9045408
 9047892
 9047919
 9049971
 9053517
 9056395
 9084687
 9084692
 9088714
 9090814
 9097519
 9097535
 1331418
 9099686
 9100992
 9101662
 9102889
 9103402
 1331429
 9105063
 1243707
 9090409
 9097125
 1368762
 9099600
 9101564
 9078173
 1387966
 9091487
 9097035
 9086323
 9085339
 9095416
 9098879
 9100150
 9101906
 1160371
 9099677
 9103356
 9086847
 9085367
 9083869
 0994518
 1236905
 9095767
 9097844
 9101463
 9100422
 9098980
 9102167
 9099489
 9104067
 9104096
 9103215
 9105767
 9104476
 9108606
 9109245
 9107635
 9108033
 9108549
 9109805
 9109905
 9109990
 9106780
 9106977
 9107874
 9108307
 9109283
 9109386
 9109527
 9109694
 9109916
 9109971
 9107048
 9106454
 9107358
 9107700
 9108044
 9108987
 9109943
 9107535
 9109765
 9108813
 9107865
 9108018
 9107994
 9109498
 9110031
 9108480
 9108258
 9108707
 9109315
 9083983
 9094379
 9092858
 9096329
 9102684
 9105622
 9104003
 9105384
 9109238
 9109175
 9109699
 9108434
 9097910
 9098561
 9102444
 9068104
 9074503
 9076405
 9076737
 1387870
 1371474
 9081485
 1387890
 9087105
 1328206
 1371483
 1351028
 1354347
 9092608
 9097969
 9095952
 9095714
 9097234
 9097633
 9102436
 9099557
 9101567
 9100713
 9099832
 9101950
 9100581
 9105043
 9104551
 9105922
 9105456
 9104691
 1366712
 9104492
 9104359
 9103172
 9106096
 9104115
 9108855
 9108045
 9108407
 9109646
 9109933
 9108778
 9108513
 9109621
 9108059
 9106677
 1304574
 9107167
 9108557
 9099436
 9091534
 9094999
 9105623
 9097445
 9100141
 9101956
 9100937
 9104361
 9105575
 9102877
 9103021
 9103162
 9107598
 9107617
 9109895
 9108204
 9108924
 9108646
 9109057
 9109128
 9108218
 9108871
 9107463
 9108677
 9109331
 9108315
 9109736
 9108757
 9109954
 9109100
 9107261
 9108508
 9108057
 9106769
 9107691
 9108282
 9079291
 9079305
 9078707
 9079942
 1390978
 1390982
 9077392
 9080876
 9080820
 9081112
 9085133
 9087197
 9095676
 9101675
 9102066
 9106005
 9104888
 9104317
 9076693
 9087524
 9103963
 9105030
 9106021
 1378018
 9104786
 9104023
 9109169
 9109519
 9106715
 9108753
 9109420
 9106684
 9109129
 9109689
 9109860
 1378049
 9107988
 9107767
 1323435
 9108148
 9108373
 9106972
 9107155
 9108380
 9109282
 9108442
 9107781
 9090362
 9094519
 9097550
 9102474
 9101302
 1236993
 9103426
 9102881
 9104030
 9108452
 9108539
 9107455
 9108736
 9107005
 9108465
 9108694
 9108705
 9107143
 9107451
 9108156
 9109682
 9106743
 9069210
 1362508
 1371494
 9102813
 9103334
 9108063
 9107138
 9062323
 9079590
 9098045
 9099115
 9101262
 9101358
 9101565
 9102222
 9100144
 9100197
 9100950
 9100372
 9105741
 9105776
 9103965
 9104445
 9104311
 9105124
 1249082
 1115680
 9099846
 9103157
 9104294
 9103758
 9106348
 9107960
 9108650
 9107712
 9062369
 9084006
 9091775
 9102445
 9099171
 9106170
 1236992
 9104533
 9102954
 1253853
 9110075
 9110077
 9109226
 9108788
 9108890
 9109003
 9109286
 9109356
 9106817
 9106467
 9107756
 9107925
 9109673
 9107405
 9107219
 9069019
 9071440
 1249059
 1249060
 9079252
 9087195
 9076788
 9086625
 9109992
 9077815
 9082455
 1332264
 9097900
 9099160
 9101710
 9105985
 1373538
 1373539
 1373540
 9070926
 9084131
 9093680
 9100001
 9102231
 1293398
 9103221
 1223811
 9102994
 9104997
 9105396
 9106259
 9105076
 9103827
 1249809
 9105115
 9087812
 9089177
 9100763
 9104581
 9103084
 9036532
 9088164
 9097770
 9098820
 9104799
 9109657
 1378153
 9109714
 9107467
 9107043
 9100442
 9104680
 9106214
 9102718
 9105820
 9104819
 9104653
 1332819
 9108504
 9106993
 9107238
 9107707
 9109478
 9106628
 9109759
 9109906
 9106554
 9108731
 9109708
 9105285
 9107013
 9107229
 9107319
 9109467
 9108079
 9109248
 1291977
 1291978
 1291979
 1291980
 9107725
 9109225
 9106827
 9107160
 9106982
 9097943
 1328210
 9102710
 9104761
 9104136
 9109650
 9107824
 9107972
 9106461
 9109054
 1160787
 9106810
 9083679
 8933001
 1359185
 9047579
 1359468
 9057699
 9058075
 1359498
 9061537
 9066187
 9068472
 9068993
 9075019
 1196788
 1332932
 9099679
 9085230
 9101712
 9101754
 9100757
 9101689
 9101054
 9100264
 9105349
 9106099
 9106141
 1239791
 9106155
 9105209
 9103945
 9103584
 9107401
 9107342
 9109217
 9108117
 9108131
 9109235
 1310919
 1310935
 9109886
 9108884
 9109131
 9109528
 9108073
 9109702
 9108949
 9109852
 9109881
 9108776
 9107094
 9107227
 1359428
 9109188
 9109200
 9107797
 9108123
 9109124
 9107547
 9107759
 9108149
 9068025
 9081262
 9087179
 9085005
 9088946
 1390856
 9098060
 9100589
 9104409
 9105401
 9106041
 9103248
 9108430
 9107458
 9108328
 9108474
 9109020
 9106627
 9106590
 9107149
 9108747
 1381720
 9094586
 9107087
 1341573
 9022382
 1324458
 1376120
 1361495
 1387917
 9096651
 9099365
 9103196
 9077577
 1351012
 1196868
 1243695
 9106033
 9106085
 1378023
 9105032
 9104884
 9108298
 9107306
 9109413
 9109572
 9109692
 1378038
 9107511
 9106355
 1381422
 9088654
 9088705
 9094895
 9096221
 9096460
 9099165
 9098935
 9103621
 9103871
 9104650
 9104774
 9104007
 1351036
 1310904
 9109515
 9107055
 1381729
 1381847
 1381813
 9099259
 9098965
 9101907
 9099355
 9107307
 9108023
 9061206
 9064601
 9097107
 9096731
 9098124
 9102609
 9101088
 9102921
 9105480
 9103422
 9105471
 9103523
 9103835
 9105843
 9104844
 8911391
 9090931
 9092521
 9098288
 9096099
 9100450
 9102455
 9102014
 9104271
 9103042
 9105696
 9106019
 9106398
 9106399
 9109520
 9108799
 9108977
 9109776
 9108038
 1381438
 9090525
 9089186
 9096933
 9096459
 9105649
 9103793
 9108243
 9107330
 9109605
 9109502
 9109085
 9106406
 9109707
 9106617
 9107234
 9107245
 9106560
 9108312
 9107304
 9107627
 9107729
 9109832
 9106476
 1196935
 1366807
 9098999
 9103711
 9092070
 9092546
 9092600
 9098344
 9094162
 9097030
 9096753
 9105017
 9105386
 9085257
 9088985
 9090391
 9091941
 9091748
 9092770
 9094091
 9096785
 9096546
 1354935
 9102021
 9101827
 9100773
 9105234
 9102802
 9104176
 9104073
 9106004
 9106008
 9106199
 9104127
 9106049
 9104263
 9103132
 9109995
 9110069
 9110073
 9110076
 9109660
 9108438
 9108494
 9108366
 1223843
 9108055
 9109043
 9109742
 9107116
 1310921
 9106832
 9108489
 9108860
 9109390
 9107510
 9108166
 9108710
 9109275
 9109312
 9106546
 9107002
 1378154
 9109189
 9106593
 9109032
 9106751
 9106478
 1160430
 1160447
 1236927
 9108967
 9109395
 9109198
 9109931
 9106341
 9108575
 9106444
 9106447
 9107693
 9110036
 9106388
 9107475
 9108276
 9108783
 9108839
 9109579
 9080600
 9101119
 9104757
 1239954
 9103004
 9109285





