16-07-08
 1126933
 9032171
 9034310
 9034328
 9037546
 9041313
 9042816
 9045223
 9046818
 9050125
 9055606
 9057355
 9058975
 9059091
 9056290
 9056444
 9056011
 9061393
 9063264
 9063294
 9060335
 9062630
 9059640
 9062845
 9062797
 9063212
 1387727
 1387739
 9059657
 9052626
 9055293
 9058725
 9059186
 9056684
 9058828
 9058126
 9056739
 9062574
 9063159
 9061151
 9060223
 9061551
 1364073
 1239427
 9011133
 9032776
 9034678
 9039674
 9042533
 9044014
 1359169
 9054052
 9055789
 9053537
 9053396
 9053217
 9054109
 9057094
 9056356
 9059457
 9058502
 9056932
 9060603
 9062891
 9061696
 1323037
 1323044
 1323050
 9060536
 1239035
 9062044
 9059734
 9060813
 9060712
 9061304
 9063021
 9061926
 9061867
 9059757
 9061190
 1359493
 1236773
 9062227
 9059607
 9060036
 9060191
 9061630
 9060816
 9063318
 9059659
 9060460
 9060032
 9063385
 0978718
 9061345
 9062603
 9024718
 1359168
 9050538
 9048876
 9054451
 9053238
 1323003
 9048359
 9055055
 9056594
 1291955
 9056408
 9061589
 1387724
 9061845
 9062359
 1359496
 9060192
 9061022
 9061084
 9060793
 9060318
 9059661
 9019564
 9033808
 9038567
 9040430
 1387573
 1382657
 1382662
 1382661
 1382660
 1382659
 9043942
 9044101
 9045205
 1390780
 1390829
 9054223
 9054291
 9052560
 9053374
 9054714
 9030182
 9044467
 0677720
 9045387
 9049344
 9054920
 9055206
 1382684
 9053900
 9057195
 9058424
 9059575
 9060475
 9060170
 1291929
 9062107
 9061357
 9060428
 9059701
 9042017
 9042129
 9043848
 9042565
 9043245
 9046362
 9046373
 9050180
 9050981
 9051470
 9049157
 9054053
 9054618
 9055306
 9058601
 9057485
 9057250
 9059847
 9062767
 9059793
 9062791
 9060055
 9060174
 9060554
 9060738
 9061947
 9059976
 9062910
 9060684
 9061463
 9062007
 9059726
 9059728
 9061152
 9062648
 9062456
 9060834
 9061308
 9059704
 9059708
 9060677
 9056772
 9057606
 1010948
 8992352
 9038924
 9044323
 9044284
 9048391
 9044916
 9044917
 9044918
 9050217
 9051462
 9051225
 9050642
 9055110
 9052735
 9053919
 9052561
 9052569
 9052853
 9053670
 9056315
 9057020
 9059385
 9059197
 9058869
 9056212
 9058616
 9059482
 9057967
 9059439
 9056370
 9056399
 9062521
 9059637
 9060083
 9061665
 9060596
 9061746
 9061765
 9062522
 9062995
 9063148
 9063230
 9063265
 9061620
 9062012
 9062170
 9062509
 9062776
 9063027
 9063087
 9063221
 9061229
 9062658
 9062262
 9059735
 9059736
 9061218
 9063115
 9063289
 9062017
 9062782
 9063033
 9060035
 9063016
 9063030
 9060183
 9062563
 9062663
 1359500
 9060514
 9062886
 9063285
 9063298
 9059776
 9060594
 9061681
 9063191
 9062200
 9062383
 9060295
 9059706
 9061684
 9059078
 9061566
 9053716
 9058393
 9058963
 9056388
 9056394
 9059224
 9057764
 9059488
 9060088
 9063328
 9060495
 9060615
 9039741
 9055873
 9055801
 9056428
 9062097
 9020911
 9018700
 9025247
 9026795
 9026927
 9026898
 9031942
 9033600
 9031909
 9034022
 9034571
 9040035
 9038128
 9039496
 9044404
 9046425
 9052009
 9048856
 9049274
 9050340
 9051613
 9050734
 1354821
 9054334
 9055177
 9055167
 9053686
 9055046
 9053414
 9054661
 9057320
 9058693
 9059099
 9059207
 1387706
 9057440
 1368194
 9058879
 9058889
 9056953
 9056899
 9057423
 9058612
 9056511
 1390793
 9061182
 9062137
 9062110
 9060895
 9062662
 9059916
 9060942
 9062345
 9059860
 9060824
 1390950
 9059750
 9060937
 9047055
 9051677
 9055084
 9058950
 9059656
 9060605
 9063106
 9061178
 9063172
 9030218
 9033950
 9034932
 9036446
 9036684
 9036544
 9037834
 9039096
 9043014
 9041718
 9045469
 9047277
 9045773
 9049544
 9050078
 9048767
 9054136
 9052866
 9054137
 9054742
 1323060
 9059427
 9057326
 9058052
 9056214
 9056419
 9056615
 1324370
 9058137
 9058157
 9063084
 9060449
 1323027
 1323028
 9059635
 9061572
 9062579
 1291924
 9061192
 9061658
 9061283
 9061337
 9057879
 9060121
 9060269
 9061313
 9019621
 9051023
 9052736
 9036379
 9036350
 9038258
 9044874
 9044461
 9045807
 9045962
 9053268
 9054043
 9056336
 9059122
 9059136
 9056076
 9056077
 9056745
 1196698
 9060156
 9062247
 9062726
 9063317
 9061001
 9062735
 9061962
 9062895
 9060137
 9061816
 9062231
 9061136
 9062823
 9063301
 9061049
 9061278
 1291921
 9059894
 9062328
 9062795
 9063329
 9061998
 9062551
 9061472
 9061501
 9034224
 9034526
 9033876
 1243586
 9039137
 9037962
 9037549
 9041079
 9040945
 9040161
 9039184
 9038814
 1390753
 9038513
 9055595
 9061497
 9028560
 9047443
 9046642
 9049688
 9052214
 9053629
 9059492
 9057995
 9061034
 1323046
 9061736
 9063037
 9063109
 9062177
 1381851
 9021690
 9032526
 9032707
 9040408
 9040532
 9040500
 9050876
 9054612
 9055250
 9053258
 9058991
 9059065
 9057141
 9056259
 9058397
 9056609
 9057820
 1381554
 9060414
 9060439
 9060982
 9061028
 9061348
 9059703
 9060410
 9061092
 9062720
 9060545
 9063103
 9060313
 9060493
 9060657
 9061379
 9061449
 9015555
 9054669
 1387713
 9062981
 9060202
 9060368
 9063107
 9026098
 9039659
 9044293
 9048579
 9050312
 9048751
 9050569
 9054019
 9052576
 1304296
 9055371
 9053988
 9056635
 9057104
 9059366
 1323058
 9058646
 9056808
 9058334
 1188180
 1323266
 1359477
 9059576
 9060844
 9061137
 9061763
 9060455
 9061170
 9063149
 1387742
 1188338
 9062969
 9062327
 9061411
 9060037
 9061226
 9062466
 9029274
 9045039
 9048021
 9048709
 9048710
 9051718
 9054282
 9053662
 9053684
 9053139
 9054974
 9054989
 1327060
 9054553
 9057692
 9058169
 9059248
 9058570
 9056318
 9059284
 9061631
 9060157
 9060229
 9062492
 9062907
 1387730
 9060592
 9060653
 9060707
 9062747
 9060208
 9061858
 9059981
 9062829
 9062363
 9058189
 9061676
 9059602
 9061771
 9063146
 9061997
 1387449
 1368187
 9039792
 9042059
 9047278
 1240753
 9053129
 9053133
 9053140
 9053194
 9052778
 1254912
 9057383
 9056138
 9056610
 1359486
 9057726
 9057791
 9063342
 1387733
 9062815
 9059822
 9061202
 1328265
 1390949
 9031260
 1381991
 9050069
 9049620
 9055426
 9053520
 9057978
 9058933
 9057564
 9058837
 9059125
 9057341
 9057525
 9059879
 9060188
 9060394
 9062354
 9060139
 9060664
 9061542
 9061850
 9061141
 9061263
 9061525
 9061545
 9063184
 9061629
 9062438
 9061727
 9062432
 9061702
 9062959
 9062523
 9062562
 9060207
 9061403
 9061432
 9047519
 9049021
 9050502
 9053848
 9057016
 9058232
 9057655
 9059105
 9059113
 9058085
 9062304
 9060760
 9062684
 9062703
 9062225
 9061622
 9062933
 9059677
 9061474
 9062596
 9061919
 9062294
 9059941
 9062154
 9059705
 9010287
 9020738
 9028865
 9018890
 9032104
 9048155
 9062635
 9053861
 9049437
 9015997
 9033037
 9035909
 1387511
 1366062
 9034363
 9040959
 9042351
 9047719
 9046357
 9055006
 1387674
 9054347
 9054584
 1115657
 9057999
 9018398
 9018574
 9022609
 9024690
 9032034
 9030009
 9030285
 9030575
 9033835
 9034444
 9035548
 9046847
 9045390
 9047765
 9045042
 9049020
 9055051
 9055501
 9052851
 9053608
 9059514
 9056095
 9058291
 9063387
 9062985
 9060675
 9063040
 9063207
 9060797
 9029557
 9054154
 9007045
 9022540
 9022965
 1286503
 9030823
 9030150
 9030153
 9030158
 9030165
 9031733
 9034283
 9039398
 9038401
 9039437
 9038237
 9043026
 9041760
 9041987
 9042595
 9046702
 9047634
 1359451
 9051281
 1354803
 9058131
 9057919
 9057301
 9059214
 1323084
 9057090
 9058020
 9058216
 9059233
 9057057
 9057859
 9057936
 9058961
 9058784
 9056008
 9056009
 1243222
 9058764
 9058842
 9058112
 9059150
 9059994
 9061119
 1323017
 1323019
 1323020
 9062404
 9059781
 9062975
 9062924
 9060151
 9062293
 9060766
 9061950
 9062619
 9060222
 9061044
 9061067
 9061187
 9061637
 9060303
 9059720
 9057719
 9059059
 9060123
 9060290
 9063327
 1236767
 1236768
 9060789
 9059984
 9062852
 9059850
 1160596
 9043882
 9043918
 9047192
 9052164
 9050655
 9050861
 9052251
 9049514
 9051364
 9055492
 9053794
 9054983
 9054051
 9053310
 9055116
 9052481
 9053284
 9052644
 9058460
 9059093
 9056595
 9057289
 1341614
 9058580
 9056484
 9057495
 9058560
 9059145
 9059176
 9059218
 9059365
 9056205
 1324372
 1381562
 9061920
 9061095
 1323157
 9062534
 9062016
 9062250
 9063150
 1284384
 9062146
 9062372
 9060939
 9061925
 9062259
 9063134
 9062356
 9062745
 9059777
 9060413
 9060435
 9059634
 9062173
 9060002
 9061242
 9062506
 1163976
 9060310
 9059702
 9061277
 9040229
 9044801
 9047861
 9054391
 9055081
 9054534
 9054306
 1304299
 9058999
 9057506
 9057536
 9059131
 9059321
 9057042
 9057117
 9058239
 9061646
 9062937
 9062759
 1323015
 1323026
 1323049
 1323153
 9061129
 1284376
 9062230
 9060034
 9062998
 9062978
 9063083
 9063303
 9060336
 9061514
 9061751
 9060488
 9061287
 9063226
 8938068
 1387306
 1387323
 1387327
 9036178
 9038623
 9039597
 9040420
 9042736
 9046815
 1304188
 1194653
 1387688
 1387695
 9054293
 9053035
 9058776
 9058425
 9058865
 9057347
 1368316
 9056231
 9058027
 9058911
 9057984
 9061477
 9060574
 9062468
 1390691
 9063268
 9059813
 9060442
 9055088
 9059209
 9057049
 9060915
 9061524
 9060836
 9061853
 9062119
 9063151
 9062142
 9040647
 9048637
 9052176
 9052233
 1366084
 9049237
 9055341
 9055794
 9054749
 9057349
 9058736
 9056063
 9059226
 9059435
 9056126
 9056026
 9059278
 9056283
 9057328
 9056536
 9062734
 9061558
 9061750
 9062972
 9060637
 9061735
 9062659
 9062694
 9062883
 9063140
 9063250
 9060531
 9063296
 1323035
 9059899
 9061388
 9062676
 9062814
 9062819
 9061437
 9061439
 9062756
 9063104
 9063122
 9063076
 9060031
 9060490
 9060914
 9062082
 9063249
 1387736
 9059642
 9061972
 9062718
 9060874
 9061380
 9063077
 9061387
 9061742
 9061111
 9062357
 9063374
 9061544
 9060085
 9061220
 9062463
 9059741
 9062472
 9062682
 9060591
 9061294
 9048532
 9052073
 9052774
 1304266
 9061197
 1291926
 1332532
 9057072
 9057469
 9056761
 9059621
 9061912
 9060004
 9059643
 9060795
 9060987
 9061698
 9060236
 9060244
 9063070
 1368324
 9061211
 9060387
 9061699
 9059856
 9060626
 9060632
 9061438
 9062062
 9063093
 9061522
 1387671
 9055340
 9063382
 9060614
 9061145
 9061670
 9061808
 9061389
 9057576
 9062667
 9062430
 9062001
 9060557
 9059888
 9059896
 9062540
 9060723
 9060468
 8931908
 9012861
 9036203
 9033891
 9039626
 1354751
 1126932
 9050402
 9051959
 9052831
 9052844
 9054615
 9055315
 9054445
 9055502
 9053981
 9055436
 9058854
 9056317
 1323099
 1239084
 9056497
 9058078
 9059088
 9056959
 9057548
 9059195
 9057274
 9058418
 9059484
 9060343
 9062063
 9060800
 9061759
 9063279
 9060311
 9063001
 9063014
 9061659
 9061677
 9061036
 9062810
 9063170
 1239036
 1239037
 9059908
 9059619
 9060338
 9062750
 9062860
 9060929
 9060246
 9060660
 9061319
 9062526
 9062830
 9062973
 9063158
 1387726
 9062811
 9059662
 9060551
 9060001
 9061977
 9061295
 9062320
 9062499
 9062513
 9062420
 9059718
 9060063
 9060791
 9062647
 1359494
 9061869
 9061344
 9062938
 9059584
 9060100
 9060014
 9061332
 9061922
 9060501
 9057808
 9037437
 9039429
 9039979
 9041681
 9041485
 9051919
 9053617
 9054913
 9058971
 9056252
 9061729
 9062535
 1354877
 9060095
 9062190
 9062261
 9059699
 9062349
 9063214
 9063141
 9063137
 9061492
 1236772
 9061556
 9061944
 9055169
 9054439
 1387722
 9056312
 9059090
 9059593
 9059869
 9062214
 9063276
 9063306
 9060046
 9061758
 9061252
 9062832
 9063131
 1359489
 9061900
 9059970
 1010759
 9062542
 9060325
 1339178
 8999484
 9022029
 1324317
 9024254
 9024259
 9026830
 9026838
 9032431
 9036812
 1239519
 9033795
 9033797
 1324335
 1324353
 9038478
 9038484
 9038497
 9037746
 1010549
 9042542
 9042448
 9041941
 9044371
 1366028
 1366030
 9046726
 9045819
 9045195
 9049748
 1379610
 9052361
 9052368
 9052374
 9030715
 1014324
 9033830
 9034684
 9040438
 9039640
 1339747
 9044331
 9044059
 9041368
 9043374
 9042216
 9047593
 9048415
 1387582
 1126938
 9051567
 9052015
 9049827
 9050129
 9053378
 9055243
 9055337
 9055416
 9054510
 9053969
 9054209
 9059490
 9057258
 9060618
 9063299
 9022039
 9026772
 9028183
 9031304
 1243587
 9034653
 9038663
 9047197
 9054817
 9054829
 9055334
 9053351
 9059342
 9056454
 9061812
 9061593
 9060957
 9063262
 9063271
 9062263
 9062805
 9061037
 9061932
 9062429
 9060611
 9062943
 9060390
 9061140
 9012114
 9020131
 9019243
 9021645
 9021549
 9025035
 9028165
 9026260
 9028530
 9027498
 9028108
 9026736
 9031094
 9030044
 9033369
 9031941
 9030188
 9031487
 1010876
 1011133
 1011135
 1011136
 1011137
 1011139
 1011141
 1011142
 1339446
 1339448
 9031797
 9032221
 1332451
 9036270
 9033934
 9037205
 9037315
 9036031
 9036342
 9033811
 9034233
 1366145
 1366146
 9036864
 9034463
 9035243
 9037261
 1339863
 9034989
 9036107
 9034636
 9038937
 9041182
 9040645
 9040818
 9040224
 9037660
 9041097
 9039530
 9039740
 9039482
 9039683
 9040697
 9039220
 9039255
 9039941
 9042352
 9041374
 9042130
 9043036
 9044823
 9042647
 9044219
 9042813
 1188320
 9042932
 1014572
 9043639
 9043135
 9041504
 9043266
 9045461
 9046942
 9045699
 9046872
 9046789
 9046958
 9048291
 9044971
 9044972
 9046780
 9046757
 9048064
 9046052
 9049224
 9052334
 9052153
 9052188
 9052060
 9049681
 9049019
 9050373
 9055909
 9055486
 9054413
 9053104
 9054529
 9055467
 1254919
 9056037
 9057718
 1115659
 9058417
 9058652
 9058114
 9057752
 9058402
 9056379
 9056717
 9058421
 9058313
 9056065
 0978722
 9062958
 9061106
 9061236
 1323014
 9060074
 9060160
 9060788
 9061311
 9060737
 9062395
 1236778
 9061328
 9060045
 9059674
 1387433
 9030633
 9034914
 1387601
 9045637
 9045608
 1387658
 9048967
 9054820
 9055605
 8997364
 9007905
 9036962
 9044099
 9049187
 9050901
 9048750
 9049711
 9053840
 9059051
 9058029
 9056962
 9058184
 1339869
 9059276
 9056504
 9062885
 9061233
 9059867
 9062571
 9062695
 9062207
 9059633
 9060767
 9062719
 9061938
 9059785
 9059594
 9063080
 9062267
 9061446
 9059919
 9062947
 9060178
 9060463
 9059585
 9060238
 9061247
 9061292
 9061580
 9061613
 9061883
 9059807
 9054955
 9056767
 9057559
 9054065
 9052708
 9052700
 9055319
 9055739
 9055749
 9055839
 9052907
 9056466
 9058509
 9058677
 9059261
 9058206
 9056438
 9059979
 9061515
 9060010
 9061905
 9062092
 9024430
 9031920
 9036322
 9036299
 9036315
 1387572
 9047249
 9051259
 9059487
 9057474
 1240424
 9057541
 9057507
 9061109
 9061645
 9061666
 9062151
 9060363
 9061886
 9061899
 9060965
 9061259
 1387729
 1387735
 1387738
 1387740
 1387745
 9062209
 9062015
 9062361
 9060958
 9061268
 9060702
 9060306
 9060997
 1381396
 9060339
 1339431
 1232126
 9042815
 9042984
 9046657
 9050463
 9050200
 9049304
 9049345
 9053043
 1387677
 9052876
 9053968
 9053049
 9053033
 9054626
 9059182
 9059219
 9059080
 1387046
 1189031
 9057616
 9057194
 9057242
 9058943
 9062882
 9060267
 9060176
 9062452
 9062868
 9062460
 9061081
 9063246
 9063050
 9060389
 9046932
 9055346
 9054677
 9053002
 9057589
 9056420
 9043221
 9054459
 9053857
 9057810
 9056742
 9057807
 9057487
 9058675
 9058543
 9056661
 9059866
 9060544
 9060320
 9061907
 9062043
 9060884
 9062340
 9062060
 9063057
 9059613
 9059947
 9061527
 9062362
 9060941
 9060992
 9060483
 9061457
 9062633
 9059784
 9035130
 9034044
 9041713
 9045343
 1198907
 9053059
 9052899
 9055619
 1366091
 1366092
 9058315
 9058314
 1198946
 9056174
 9057180
 9057343
 9061518
 9062712
 9062066
 9059671
 9060510
 9060926
 9061466
 9040771
 9041630
 9045694
 9057790
 9057193
 9059574
 9061495
 9060185
 9054436
 9053851
 9057809
 9062029
 9060345
 9060558
 9007227
 9014392
 9033870
 9033902
 9039717
 9047344
 9047043
 9045527
 9046254
 9046115
 9048605
 9045511
 9049609
 9055211
 9055753
 9055296
 9052788
 9058890
 1323075
 9058986
 9057949
 9058916
 9059072
 9058974
 9056966
 1240740
 1240314
 9059098
 9057196
 9057766
 9058757
 9057686
 9059691
 9060576
 9062944
 9060785
 9062661
 9062710
 9062867
 9063254
 9062980
 9059886
 9061726
 9062928
 9063061
 9063067
 9063199
 9059834
 9060098
 1323018
 1323029
 1323043
 9061373
 9062038
 9062512
 9059738
 9059843
 9060462
 9061088
 9062184
 9062806
 9063193
 9063331
 9062826
 9063124
 9063304
 9060952
 9061290
 9059616
 9059825
 9061801
 9061842
 9061991
 9062514
 9063346
 9059754
 1364351
 9061415
 9062145
 9059669
 9061075
 9059745
 9059752
 9060498
 9061810
 1399080
 9061207
 9061264
 9032421
 9033919
 9043435
 9050465
 9049253
 9050713
 9053749
 9054639
 9052687
 9052976
 9055144
 9057645
 9057614
 9057503
 1240747
 9056115
 9057789
 9063023
 1192534
 9062813
 9062182
 9060682
 8976012
 8999748
 9033223
 1387529
 9035828
 9040081
 9041233
 9042516
 1243210
 9049744
 9052590
 1359472
 9052512
 9053820
 9056020
 9057063
 1381630
 9059582
 9060467
 9061961
 9062408
 1236763
 9059855
 9061469
 9043968
 9041714
 9048942
 9050418
 9050850
 9051741
 1240792
 1240791
 9061743
 9061035
 9057814





