16-07-15
 9051017
 9050679
 9070809
 9067443
 9068572
 9067409
 9073398
 9073975
 9073892
 9078480
 9077016
 9076785
 9077913
 9084834
 9084191
 9081718
 9083184
 9084680
 9082728
 9084694
 1387865
 9080793
 9081701
 9083557
 9086119
 9086114
 9087212
 9086414
 9087062
 9087948
 9088234
 9087491
 9088064
 9071013
 9074472
 9080409
 9081775
 9084589
 9080808
 9083663
 9082113
 9080712
 9081119
 9083092
 9087900
 9085409
 9087800
 9086594
 9087031
 9080319
 9082854
 9082265
 9082444
 9084083
 9081987
 9082141
 9088331
 9088336
 9088442
 9086805
 9086561
 9085418
 9087781
 9087354
 1359279
 9087837
 9085548
 9087261
 9087638
 9051615
 9082012
 9087757
 9066595
 9071741
 9071157
 9074846
 9067187
 9080214
 9083317
 9083551
 9084117
 9085077
 1387899
 9087248
 9085122
 9085332
 9086283
 1366960
 9060140
 9060296
 9063993
 9067334
 9073702
 9073913
 1010814
 9058047
 1198942
 9059489
 1327420
 9031336
 9044362
 9046953
 9048852
 9063852
 9070882
 9071118
 9073519
 9073967
 1323411
 9075376
 9075378
 1339876
 9077008
 9077487
 9076800
 9081512
 9072407
 9072598
 9072943
 9073040
 9072739
 9075125
 9076270
 9079416
 9078969
 9079476
 9077467
 1253915
 9083779
 9080892
 9080977
 1358815
 9081727
 9082111
 9082044
 9082391
 9085635
 9086583
 9086712
 9085782
 9085328
 9085612
 9086216
 9086360
 9085131
 9085073
 9085258
 9085266
 9048319
 9059832
 9073425
 9074391
 1328406
 9079928
 9077961
 1010822
 9041344
 9046184
 9052146
 9052997
 9069291
 9073782
 9074513
 9074855
 9075414
 9075503
 9075516
 9075824
 9076687
 1291406
 9078589
 9077388
 9082772
 9082922
 9084516
 9084565
 9084376
 9080945
 9081153
 9082881
 9084616
 9084636
 9081572
 9083828
 1366930
 9080821
 9082555
 9081857
 9081965
 9084261
 9081504
 9081524
 9087470
 9085998
 9088192
 9088335
 9088354
 9088447
 9088481
 9084942
 9085691
 9086383
 9087372
 9087796
 9088114
 9088138
 9088323
 9088340
 9088394
 9087438
 9086499
 9087907
 9085392
 9085443
 9085773
 9087914
 9088472
 9088475
 9088514
 9088521
 9088544
 9088046
 9088346
 9085302
 9085315
 9086706
 9086925
 1366880
 9086656
 9084993
 9086717
 9087457
 9088441
 9085850
 9088020
 9085441
 9086313
 9088092
 9085838
 9087008
 9061431
 1390798
 9063529
 9071058
 1188071
 9079644
 9080250
 9080448
 9077090
 9077096
 9078710
 1332909
 1387871
 1234227
 1390968
 9059229
 9059215
 9080547
 9080054
 9078934
 9081033
 9081551
 9081021
 9082244
 9081585
 9084612
 9081197
 9086547
 9042855
 9052740
 9059304
 9063326
 9064687
 9065353
 1382759
 9077803
 9077952
 9078375
 9080085
 9076891
 9082022
 9082383
 9084600
 9084550
 9083719
 9081030
 9084458
 9085892
 9087109
 9087893
 9087535
 9088082
 9086075
 9087453
 9087367
 9087232
 9087814
 9086746
 9074674
 9084827
 9082094
 9084266
 9084287
 9056538
 9066508
 9067698
 9068053
 9072591
 1381777
 9077992
 9077762
 9077769
 9080083
 9079917
 9078865
 9082032
 9082059
 9083268
 9082137
 9086213
 9086354
 9086006
 9086311
 1240445
 9086082
 1359278
 9086431
 9087415
 9088034
 9086762
 9059639
 9071442
 9071476
 9076422
 9075628
 9081289
 9049996
 9063171
 9072360
 1249070
 9078958
 9076961
 9083505
 9084805
 9083586
 9081774
 9081482
 9083686
 9083871
 9084052
 9084824
 9085530
 9086172
 9086326
 9087165
 9085900
 1239452
 9086699
 9087015
 9085103
 9085387
 9086297
 9086408
 9088540
 9086378
 1243674
 9085630
 9052905
 1327061
 9055515
 9052470
 9052635
 9055963
 9058982
 9057222
 1324367
 9057601
 9060645
 9061289
 9069873
 9071286
 9071313
 9078013
 9076972
 9078037
 9082039
 9082654
 9083151
 9083430
 9084698
 9080944
 9082456
 9081043
 9081506
 9082085
 9082793
 9086569
 9065072
 9066897
 9074337
 9075897
 9076306
 1381071
 9079966
 9079725
 1010812
 1333000
 9082511
 9083998
 9081686
 9084430
 9080839
 9083910
 9085580
 9085640
 9085646
 9086066
 9086622
 9086777
 9087183
 9088052
 9085371
 9086242
 9085147
 9087357
 9086436
 9086991
 1387894
 9086227
 9086217
 9085581
 1365684
 9088584
 9085876
 9085661
 9082423
 9084727
 9085456
 9085956
 9087878
 9088291
 1387892
 9067659
 1366917
 9077675
 1297533
 1327088
 9077414
 9079968
 9083126
 9083952
 9083354
 9085706
 9087228
 9087636
 9087478
 9087494
 9088239
 9088253
 9087887
 9086488
 9087096
 9029256
 1293387
 9040319
 1381988
 9048906
 9055347
 9056052
 9060142
 9060147
 9065702
 9065267
 9063754
 9064854
 0964812
 9070308
 1304320
 9068217
 9069132
 9068424
 9072084
 1312779
 9073564
 9074117
 9074129
 9072210
 9072818
 9078179
 9079057
 9076911
 9080342
 1341638
 9082414
 9083570
 9083868
 9083195
 9083285
 9081710
 1304523
 1304524
 9084697
 9080940
 9081047
 9082779
 9088611
 9086883
 9086256
 9085267
 9087838
 9086226
 9088214
 9088119
 9074909
 9081206
 9085996
 9085976
 9086324
 9086585
 9085434
 9085134
 1243672
 9044212
 1354714
 9043306
 1354856
 9058734
 9062961
 9061471
 9068749
 9068396
 9070787
 9068501
 9068334
 9075123
 9080347
 9078704
 9080036
 9077176
 9079871
 9082543
 9083479
 9083455
 9083470
 9082258
 1387873
 1387876
 1387879
 9083856
 9081442
 9084368
 1371476
 9082815
 9081432
 9081387
 9080771
 9084766
 9081344
 9086239
 9085830
 9085642
 9085770
 9075224
 9075167
 9082771
 9082864
 9081497
 9083738
 9084350
 9081064
 9084501
 9082172
 9082340
 9088464
 9087651
 9085886
 9086458
 9087776
 9087178
 9086937
 9087402
 9086285
 9087558
 9087247
 9085040
 1291420
 9085636
 9085685
 9086748
 9086233
 9086944
 9085124
 9087279
 9087717
 9087824
 9086465
 9088139
 9057311
 9068757
 9068856
 9072037
 9074946
 9077443
 9076774
 9077731
 9076868
 9076940
 9077376
 9078476
 9077168
 9082918
 1239833
 1239837
 9081923
 1387859
 9083388
 9081338
 9083322
 1364410
 1286523
 9085926
 9086271
 9086319
 9088278
 9088456
 9088510
 9086368
 9085245
 9085448
 9087125
 9087141
 9087156
 9087785
 9088542
 9086463
 9088532
 9085276
 9088317
 9085736
 9085389
 9088563
 9088566
 9085079
 9085080
 9087303
 9086139
 9085116
 9088265
 9053423
 9056275
 9061198
 9086369
 1341578
 9082595
 9082660
 9082261
 9088207
 9000970
 9042928
 9057907
 9061564
 9071517
 9072877
 1387831
 1381759
 9076890
 9057324
 9062210
 9067149
 9072809
 1293148
 9082442
 9084734
 9082369
 9083615
 9083906
 9080965
 9080967
 9085385
 9086312
 9088244
 9088259
 9086877
 9086914
 9085427
 9086018
 9086112
 9086123
 9086235
 9086280
 9049341
 1196759
 9070256
 9071288
 9066379
 9070283
 9070120
 9068646
 9072276
 9074556
 9074620
 9071356
 9076223
 9075231
 9075475
 9074822
 1196795
 9077024
 9078194
 1239772
 1272847
 0807092
 9078520
 9080117
 9077599
 1332981
 1332988
 9081568
 9084573
 1341528
 1341486
 9084527
 1312626
 1390699
 9083480
 9083453
 9082948
 9086448
 9086939
 9085213
 9087210
 9086127
 9085505
 9086039
 9087952
 9088249
 9086757
 9087301
 9052701
 9066397
 9073653
 9074298
 9078907
 9083281
 1332993
 0964882
 9084455
 9080917
 9084397
 9082886
 9086388
 9085985
 9087532
 9087493
 9085004
 9086293
 1297675
 9067660
 9073923
 9074181
 9071451
 9076301
 1160751
 1160757
 9075244
 1354840
 9079921
 9077494
 9076865
 9079707
 9079768
 9081982
 9084048
 1332990
 1332991
 9082944
 1341501
 1341544
 9082851
 9084323
 9081003
 9084684
 9083231
 9081125
 9080730
 9080872
 9082136
 9083796
 9082704
 9083629
 9081636
 9083826
 9086599
 9086480
 9087139
 9086912
 1323683
 9088235
 9085783
 9086089
 9087820
 9087029
 9087588
 9087793
 9088474
 9088338
 9086088
 9085482
 9085491
 9086550
 9061911
 9067638
 9073598
 9071900
 9077813
 9077246
 9077525
 9077185
 9083210
 9083503
 1341510
 1341640
 9082558
 9082619
 9080934
 9081053
 9082778
 9080921
 9082563
 9082498
 9084539
 9087634
 9087898
 1296443
 9086356
 9085837
 9085445
 9086657
 9088041
 9086228
 9086946
 9086982
 9087982
 9087169
 9087206
 9085991
 1243673
 9088193
 8976970
 9015891
 9042773
 1194590
 9053496
 9055282
 9062952
 1368327
 9060858
 9067006
 9069233
 1312667
 9067724
 1312707
 1382752
 9075373
 9075632
 9077462
 9077351
 9081444
 9081451
 1387858
 1387867
 1387875
 9080673
 9080735
 9081498
 9083000
 9081859
 9083179
 1381880
 9082986
 9087009
 1387896
 9086720
 9084984
 9086255
 9085295
 9085335
 9086502
 9059255
 9056219
 9076071
 9078466
 9081763
 9081045
 9083228
 9084472
 9084079
 9084503
 9087584
 9087451
 9086132
 9085374
 9085323
 9058686
 9065054
 9070757
 9076125
 9077391
 9079491
 9076812
 1387844
 9078574
 9078534
 9079772
 9084685
 9081574
 1341598
 9082750
 9080937
 9082912
 9083696
 9084446
 9083155
 9083225
 1312625
 9080914
 9082098
 9083577
 9083837
 9083401
 9082308
 9085376
 1222503
 9087641
 9085515
 9086045
 9086971
 9088356
 9088527
 9086468
 9087809
 9087943
 9087977
 9088156
 9088237
 9087905
 9087966
 9085102
 9086483
 9088389
 9088311
 9086047
 9086736
 9087070
 9087655
 9087954
 9087104
 9087337
 9087635
 9087309
 9088098
 9087648
 9088324
 9088355
 9088357
 9088077
 9088368
 9086567
 9086588
 9086681
 9087114
 9079331
 9080399
 9077693
 9057084
 1390985
 9080174
 9082816
 9081121
 9083777
 9081590
 9083016
 9080800
 9081678
 9082679
 9083369
 9083468
 9082276
 9082378
 9083982
 9084243
 9083825
 1371478
 9081814
 9083072
 9083091
 9083069
 9083087
 9084448
 1381878
 1381877
 1323681
 9085400
 9086845
 9087222
 9085825
 9088165
 9085705
 9085098
 9085125
 9085556
 9087163
 9081979
 1387869
 9084496
 9087155
 9085810
 9087356
 9086415
 1243675
 9086417
 9085130
 1323800
 9082552
 9072917
 9075221
 9079011
 9077552
 9082016
 9087661
 9087748
 9086100
 9087570
 9086173
 9087249
 9085780
 9086133
 9087310
 9087956
 9083310
 9083026
 9085039
 9087400
 9068459
 9071046
 9072593
 1362222
 1128580
 9078915
 9084621
 1286521
 1286525
 9065937
 9070072
 9073965
 9079089
 9079422
 9080542
 9080041
 9083728
 9083695
 1322386
 0964884
 9082436
 9083569
 9084439
 9084646
 9084664
 9082907
 9084108
 9084547
 9082090
 9082068
 9082101
 9082580
 9082296
 9080943
 9082737
 9083137
 9084986
 9087426
 9087964
 9085697
 9085449
 9086350
 9087575
 9087668
 9087116
 9087393
 9087721
 9087889
 9088250
 9088362
 9088513
 9085453
 1323658
 1323671
 9085061
 1239846
 9087927
 9085489
 9087093
 9087941
 9086654
 9086203
 9085524
 9086438
 9086677
 9088350
 9087908
 9086109
 9087801
 9085021
 9088069
 9087196
 9088175
 9084979
 9086397
 9087095
 9086726
 9087928
 9085176
 9087485
 9085971
 9086396
 1163326
 9087126
 9087965
 9065754
 9072267
 9074642
 9073899
 9074291
 1161653
 9081187
 9083226
 9082177
 9081037
 9081968
 9083049
 1126986
 9086572
 9086604
 9086443
 9086791
 9087425
 9085262
 9086522
 9088380
 9085758
 9087733
 9085352
 9086881
 9085931
 9087050
 1254934
 9061562
 1291403
 9087495
 1296827
 9067695
 1387828
 9076630
 9079845
 9079235
 9081275
 9081488
 1234226
 9084835
 9084837
 9088552
 9087176
 9088274
 9088414
 9085852
 9086087
 1387951
 1387953
 1387957
 1387880
 9085211
 9084974
 9086002
 9086023
 9087791
 9049750
 9052377
 9054783
 9059262
 9057761
 9057964
 9061968
 9066925
 9069697
 9070658
 9072491
 9075900
 9077966
 9079401
 9081244
 9082448
 9044963
 9050624
 9052475
 9054237
 9060108
 1341350
 9069891
 9069108
 1362223
 9076298
 9075702
 9080135
 9077301
 9077563
 9082492
 9083149
 9080786
 9084329
 9082813
 9081902
 9067273
 9067427
 9070945
 9074172
 9075276
 9074947
 9079607
 9083741
 9083244
 9084705
 9084708
 1387860
 9083841
 9081130
 9083340
 9081692
 1196805
 1196809
 9081350
 9087674
 9087304
 9086923
 9086669
 9088210
 9088312
 9088431
 9088011
 9087520
 9087223
 9088113
 9085674
 1196860
 1196859
 9044969
 9050678
 9056851
 9059142
 9056386
 9062339
 1010751
 1010752
 1010753
 1010754
 1010755
 1010757
 9061258
 9066820
 1323514
 9066432
 9065248
 9063600
 9067042
 9063789
 9070622
 9069465
 9068171
 9070069
 9071335
 9072518
 9074683
 1323167
 9072903
 9073225
 1312699
 9074299
 9073640
 9073889
 9072597
 9073449
 9074174
 9075273
 9076033
 9075129
 9075451
 9075679
 9078258
 9079080
 9076916
 9078843
 9080284
 9078241
 9080269
 9080312
 9080443
 1387852
 1387854
 9077924
 9077307
 9077790
 9079795
 9079107
 1010806
 9077788
 9077883
 1163313
 9077943
 9080330
 9082569
 9084730
 1341517
 1341549
 9081249
 9082830
 9084064
 9084538
 9084517
 9082312
 1304539
 9083133
 9080818
 9080856
 9081588
 9082321
 1381879
 9082565
 9087512
 9087945
 9088435
 9086926
 9087133
 9086960
 9088216
 9088492
 9087262
 9087366
 9085381
 9088189
 9086268
 9087030
 1284375
 9063762
 9068653
 9069732
 9067467
 9068248
 9068294
 1366864
 1305317
 9072215
 9071472
 9072199
 9071669
 9076650
 9074963
 9076087
 9077669
 9077927
 9077180
 9076817
 9077484
 9079197
 9079250
 9079579
 9081595
 9081271
 9082097
 9084155
 9081495
 9081292
 9080957
 9081839
 9082030
 9081751
 9084389
 9083296
 9085228
 9087066
 1323662
 1323673
 1239454
 9087273
 9085898
 9087353
 9086627
 9087846
 9088085
 9086363
 9087187
 9088385
 9085386
 9086121
 9087053
 9088326
 9087673
 9086210
 9086457
 9087446
 9087659
 9086728
 9086264
 9086576
 9087408
 9087611
 1146272
 9087484
 1254933
 1381765
 1381504
 9084189
 9088152
 9070159
 9076474
 9078889
 9077259
 9081008
 9081195
 9084744
 9082157
 9082254
 9081381
 9084786
 9084825
 9082956
 9082965
 9081518
 9083237
 9083495
 9086098
 9088536
 9088545
 9087084
 9085906
 9062450
 1312717
 9075526
 9083288
 9083865
 9082457
 9085603
 9085637
 9085935
 9087203
 9087265
 9088059
 9087712
 9085135
 9086105
 9086566
 9053767
 9066637
 9072277
 9072207
 9073585
 9076486
 9080603
 9078516
 9079664
 9078265
 1381793
 9082116
 9084193
 9084546
 1358698
 9084208
 9084423
 9084060
 9084086
 9082402
 9085694
 9087916
 1323690
 1323679
 9087255
 9087933
 9085703
 9085341
 9088256
 9085835
 9083863
 9066845
 9065423
 9065710
 9068077
 9071613
 9071923
 9072044
 9072285
 9072614
 9075823
 9080578
 9078682
 9077539
 9083514
 9084225
 9083013
 9084724
 1240796
 9081843
 9080734
 9080931
 9088416
 9087924
 1239780
 9087866
 9088485
 9084972
 9086697
 9087345
 9086942
 1365689
 9087439
 9087610
 9086332
 9086682
 9087291
 9056778
 9062257
 9070858
 9072195
 1324388
 9077163
 9077161
 9079309
 9076765
 1163488
 1332966
 9081190
 1366927
 1366928
 1366804
 9086017
 9086028
 9088190
 9085739
 9085751
 9085676
 9087173
 9086684
 9087794
 9085065
 9086815
 9048404
 1379208
 9056139
 9063860
 1339974
 9075329
 9082678
 9082981
 9082630
 9052436
 9061193
 9063648
 1354740
 9069354
 1291938
 9073108
 9074270
 9071953
 9071922
 9072524
 9072025
 9075011
 9080334
 9078417
 9080556
 9077340
 9077141
 9078468
 9077270
 9077510
 1163305
 1163314
 9082897
 9084782
 9083694
 9081481
 9081801
 9084465
 9084514
 9084666
 9081890
 1341629
 9084362
 9081893
 9081667
 9084001
 9084817
 9084737
 9080981
 9081631
 9084852
 9084854
 9082586
 9083059
 9083641
 9083036
 9080766
 9082515
 9083235
 9084248
 9081027
 9082899
 9088450
 9088530
 9084975
 9084977
 9086836
 9087912
 9088245
 9088449
 9085701
 9086650
 9085331
 9086377
 9085781
 9086536
 9086362
 9087729
 9085170
 9085397
 9085430
 9087135
 9088014
 9088382
 9088480
 9088518
 9088537
 9088539
 9088541
 9088543
 9088548
 9088549
 9087582
 1387900
 9088258
 9087190
 9086838
 9088560
 9088568
 9085000
 9085651
 9085811
 9085601
 9085947
 9086887
 9087134
 9087192
 1196857
 9060061
 1312780
 9071930
 9078256
 1322373
 9078078
 9079572
 1341600
 1239834
 9084105
 9083919
 1364413
 9083581
 9088252
 9085413
 9085025
 9086609
 1243671
 9085311
 9041370
 9058410
 9073365
 9074171
 9071193
 9086696
 9087631





