16-07-22
 9106103
 9106219
 9105554
 9106196
 9103360
 9109879
 9108406
 9107532
 9109912
 9109549
 9109972
 9108441
 9108039
 9109079
 9109552
 9106496
 9052827
 9059729
 9059730
 9061767
 9069209
 9067317
 9071906
 9078319
 9097621
 1390867
 9104399
 9108097
 1310940
 9107014
 9107392
 9107589
 9108663
 9109437
 1294114
 9107225
 9106557
 1359426
 1359431
 9107382
 9107608
 9109093
 9108396
 9109103
 9107275
 9109973
 9110042
 9108357
 9089580
 9091306
 9097497
 9109240
 9108578
 9109139
 9109479
 9086374
 9088909
 9088793
 9098686
 9095885
 9099142
 9098940
 9098969
 9103886
 1359417
 9103754
 9106335
 9108826
 1373502
 9103800
 9109378
 9107049
 9106503
 9106450
 9106453
 9106455
 1253859
 9107241
 9048993
 9081185
 9091569
 9089143
 9096673
 9096981
 9100660
 9102385
 9100173
 9101854
 9101650
 9104451
 9106127
 9104692
 9110078
 9109522
 9109611
 9109610
 9106408
 9109979
 9109277
 9107459
 9108954
 1359436
 9106364
 9109819
 9106764
 9091650
 9098811
 9105166
 9105352
 9103441
 9106752
 9075570
 9097616
 9095887
 9097032
 9101592
 9104009
 0647200
 9108664
 9106712
 9110026
 9106633
 9109596
 9108844
 9109834
 9077867
 1160764
 9102621
 9100254
 9100213
 9100792
 9103395
 1351053
 9108698
 1310915
 9106763
 9109688
 9108081
 1328215
 1010825
 1359404
 9102882
 9109576
 1372155
 9076900
 9098539
 9098543
 9101698
 9102619
 9105425
 9105455
 9103769
 9106567
 9107611
 9108484
 9108751
 9109059
 9108011
 9108695
 9108790
 9109584
 9106860
 9108133
 9109534
 1196939
 9098829
 9101002
 9101014
 9103265
 9105266
 9105898
 9107541
 9109133
 9109267
 9109287
 9110093
 9110094
 9110247
 9110901
 1368705
 9111014
 9110584
 1010199
 9110380
 9110538
 9103874
 9108628
 9109204
 9109441
 9109453
 1387748
 9079615
 9080920
 9085467
 1322388
 1189952
 9096704
 9102297
 9105587
 9102755
 9105294
 9106180
 9103556
 9104990
 9108463
 9107080
 9108864
 1272850
 9108086
 9108798
 9109072
 9109813
 9109573
 9107466
 9108067
 9108791
 9107259
 9107278
 9077838
 1362506
 1362509
 9086117
 9085718
 9086938
 9089327
 9089840
 9089848
 9090465
 9093021
 9093881
 9096699
 9097950
 9097157
 9101499
 9101264
 9105321
 9104323
 9103699
 9104743
 9104790
 9109607
 9107901
 9108599
 9107102
 9109651
 9108329
 9108356
 9108426
 9108755
 1160462
 1323437
 1323438
 9109410
 1372156
 9109273
 9107406
 9107158
 9107531
 9082506
 9085644
 9086941
 9086489
 9090856
 9091139
 1115685
 9096244
 9098595
 9102606
 9101632
 1387939
 9099584
 1160354
 9105724
 9103023
 9104326
 9105818
 9105965
 9106808
 9108879
 1378032
 1378041
 9109041
 9088927
 9096165
 9094619
 9094859
 1339920
 9101377
 9100431
 9100457
 9103939
 9105098
 9109781
 9106656
 9107054
 9107579
 9109147
 9106892
 9109700
 9109953
 9106545
 9107940
 9107949
 9108146
 9107742
 9108479
 9107613
 9108810
 9106311
 9107059
 9107025
 9108208
 9107083
 9106671
 9109096
 9109318
 9083731
 9094386
 9097815
 9097174
 9100688
 9102293
 9106293
 9104405
 9110080
 9106907
 9106344
 9106390
 9109753
 9108782
 1366881
 9089516
 9089352
 9096676
 9098108
 9095959
 9097556
 1354921
 9099805
 9098922
 9105624
 9104084
 1196927
 9103926
 9106928
 9106999
 9108383
 1387837
 9091261
 9092512
 9099332
 9076786
 9083220
 9095993
 9096337
 9102601
 9098904
 9104354
 9104390
 9104142
 9103578
 9108889
 9108668
 9109674
 9108585
 9109381
 9072359
 9093017
 9096453
 9097534
 1359412
 9098918
 9102065
 1249803
 1249807
 1196903
 9105643
 1331431
 1160403
 9106774
 9107268
 9107876
 9109580
 1310906
 9106551
 9108404
 9109803
 9106652
 9108682
 9108831
 9108006
 9108103
 9106104
 1310908
 1310922
 9106410
 9108609
 9106371
 9106739
 9093930
 1291430
 1291431
 9073405
 9079897
 9080700
 9088561
 9088674
 9090492
 9091950
 9091967
 9096429
 9096437
 9096444
 9100041
 9098891
 9098892
 9099809
 1378025
 9103955
 1378033
 1378046
 9106365
 9109026
 9106869
 9109389
 9101460
 9099463
 9104210
 9103017
 9104118
 9105534
 1331424
 9105797
 9102946
 1381346
 1381348
 9108144
 9109704
 9107248
 9107552
 9107974
 9106742
 9097866
 9097058
 9103497
 9105510
 9103508
 9105325
 9106087
 9106217
 9107409
 9107698
 9109871
 9108951
 9108157
 9108527
 9106645
 9108177
 9109571
 9109184
 9109821
 9107583
 9109565
 9108937
 1160460
 1359049
 9106723
 1381407
 9106428
 9108068
 9108037
 1291436
 1366715
 9109669
 9107969
 1381445
 9076896
 1390961
 9100616
 9105539
 9107169
 9108231
 9107555
 1328214
 1381404
 9085843
 9096929
 9102488
 1366900
 1378004
 9104677
 9108454
 9106946
 1328216
 9107950
 9107800
 9089322
 9089252
 9098103
 1198997
 9096671
 9101008
 9102869
 9105495
 9109745
 9108838
 9109608
 9109712
 9108322
 1239974
 1239975
 9107460
 9109091
 9106571
 9106879
 9108364
 9109930
 9107184
 9106519
 9107509
 1324687
 9108180
 9110472
 9110557
 9110312
 9110795
 9110937
 9110128
 9110412
 9110756
 9110382
 1014539
 9110352
 9110504
 1364317
 9084444
 9078802
 9084803
 9085326
 9087479
 9092216
 9092219
 9088764
 9090376
 9093488
 9094168
 9094314
 9094350
 9094359
 9093621
 9092458
 9093979
 1339915
 9100654
 9104817
 9106083
 9096226
 9098339
 1381511
 9101904
 9102617
 9098886
 9098903
 9104607
 9103276
 9102897
 9105064
 9109341
 9109400
 9107505
 9109939
 9107805
 9107408
 9108184
 9109469
 9109493
 9107209
 9108597
 1381440
 9109927
 1341412
 9110782
 1294043
 9110710
 9110890
 9001170
 9042642
 9042023
 9049017
 9057284
 9057628
 9060533
 9067080
 9063784
 9066896
 9065949
 9069042
 9067455
 9068110
 9069017
 9073804
 9071640
 1117839
 9071893
 9074875
 9074877
 9078666
 9078216
 9077190
 9077547
 9079493
 9084407
 9083378
 9084002
 9085527
 9087172
 9085940
 9085461
 9085366
 9086813
 9085517
 9090320
 9089375
 9090906
 1234228
 9091257
 9088681
 9091742
 9090544
 9090600
 9091305
 9090567
 9090635
 9092554
 9092555
 9094559
 9093610
 9093360
 1341255
 1341262
 1239090
 9093760
 9094351
 9092999
 9094109
 9093442
 9093828
 9092504
 9094887
 9098763
 9098765
 9095309
 9096006
 9097189
 1341366
 9095955
 9097877
 9096106
 9098695
 9096749
 9097147
 9098195
 9098015
 9098031
 9095427
 9098311
 9096300
 9098592
 9096916
 9096241
 9095837
 9096974
 9099199
 9099909
 9100226
 9100211
 9098912
 9101151
 9099974
 9100798
 9102988
 9105633
 9104272
 9105662
 1378011
 9103820
 9104162
 9108367
 1310944
 9106597
 9109893
 9079630
 9091969
 9090599
 1387982
 1387999
 1387905
 1387924
 9100605
 9101621
 9087042
 1323668
 9091013
 9093052
 9097569
 9100527
 9104427
 9104264
 9104051
 9104982
 9108756
 1310946
 9107329
 9109010
 9107222
 9108581
 9107601
 9110139
 1381849
 1381850
 1372152
 9099258
 9099265
 9103847
 9104773
 9106228
 9103716
 9110071
 9107736
 9107705
 9083152
 9100852
 9103951
 9105249
 9109076
 9107616
 9107751
 9108654
 9107898
 9107373
 9107612
 9107770
 1381701
 9089020
 9098721
 9098727
 9098295
 1387911
 9095178
 9095380
 9101127
 1387933
 9100979
 9102637
 9103424
 9109853
 9107328
 9109134
 9107755
 1381421
 1381349
 9107540
 9085433
 9092477
 9099735
 9099069
 9104468
 9103882
 9102871
 9103115
 9108674
 9106939
 9106929
 9106451
 9076894
 9076899
 9109363
 9109194
 9107648
 9092797
 9101860
 9100153
 1332347
 9103805
 9106673
 9110252
 9111013
 1010125
 9110333
 1253928
 9068359
 9083725
 9084853
 9087103
 9085584
 1351010
 9090427
 9092880
 1387908
 9096148
 9097600
 9102633
 9101404
 9101360
 9104999
 9105751
 9103061
 9104330
 9105422
 9103909
 0977128
 9108761
 9109648
 9107092
 9109218
 1310936
 9108435
 9109687
 9109046
 9109319
 9108453
 9108919
 9109130
 1196950
 1191861
 1390900
 9094237
 9093972
 9104255
 9104950
 9104299
 9103229
 9104906
 9104479
 9105196
 1163498
 9107288
 9109008
 1359434
 9106847
 9107265
 9110879
 9110831
 9065303
 9068286
 9073459
 9071727
 1387823
 9097630
 1243691
 9096959
 9101124
 9099554
 9104404
 9104695
 9105252
 9104545
 9107662
 9107920
 9106321
 9109665
 9109889
 9107880
 9106945
 1304509
 9075973
 9094081
 9098277
 9101475
 9109634
 9107602
 9108320
 1305251
 9109070





