16-07-30
 9109409
 9106379
 9106416
 9114909
 9126766
 9125871
 9129792
 9127935
 1393028
 1322420
 9133278
 9131576
 9132773
 9133275
 9131481
 1378550
 9136361
 9136643
 9136945
 9136374
 9134991
 9136113
 9136872
 1378567
 1378569
 9113391
 9124519
 1324730
 9130726
 9130731
 9135719
 9136560
 9136608
 9136853
 9136984
 9134323
 9135442
 9135528
 9137068
 9137070
 9134166
 9050189
 9065316
 9091689
 9094842
 1378010
 9105366
 9107801
 9116882
 9127171
 9129128
 9129693
 9129905
 9129811
 9132782
 9130850
 9133122
 9133801
 9132780
 9133373
 9132655
 9130949
 9131570
 9132321
 9134609
 9134638
 9135739
 9135869
 1337031
 9135396
 9135731
 9134237
 1373327
 9136947
 9133909
 9133915
 9133987
 9134320
 9135185
 9136443
 9136515
 9136675
 9136406
 9136724
 9134445
 9133958
 9134054
 9133992
 9135805
 9136819
 9136851
 9135715
 9135896
 9135951
 9136414
 9134695
 9135519
 9133968
 9134362
 9133960
 9134077
 1339898
 9137062
 9134838
 9133989
 9134718
 9135626
 9122578
 9108244
 9115287
 9116558
 9133597
 9132421
 9130643
 1323115
 9134334
 1359317
 1359326
 9124110
 9124113
 9121006
 9123351
 9123553
 9122372
 9126326
 9125195
 9125714
 9127225
 9130161
 9129253
 9127734
 9128971
 1390605
 9099858
 9108190
 9095394
 1366829
 1331425
 1331446
 9123847
 9124526
 9124279
 9127785
 9128894
 9130743
 9135481
 1146346
 9135248
 9135885
 9130708
 9134555
 9135270
 1160339
 1359318
 9134485
 9099579
 9107188
 9114256
 9126851
 9126833
 9126291
 9129228
 9129014
 9129346
 9082431
 9095560
 9101515
 9099149
 9101108
 9112821
 9115674
 9122449
 9124319
 9124638
 9125241
 9127358
 9128927
 1377040
 1328227
 9129359
 9125772
 9102778
 9121135
 9129027
 1337014
 9128004
 9129227
 9133681
 9133459
 9131330
 9133395
 9133407
 9131589
 1389358
 9132317
 9132652
 1324718
 9137069
 9135838
 9136023
 9134088
 9134964
 9136588
 9136654
 9134290
 9135384
 9136086
 9136623
 9136826
 9136839
 9134235
 9134630
 9136146
 1323692
 9136375
 9136259
 9136966
 9136190
 9134579
 9134585
 9136540
 9134395
 9136543
 9136609
 9136960
 9135301
 9136055
 9134575
 9135637
 9136555
 1377995
 9133959
 9134134
 9134750
 9136771
 9135324
 9136550
 9132794
 9098419
 9115224
 9127263
 9124720
 9127059
 9125015
 9124314
 0647130
 9127723
 1358354
 9128715
 9131935
 9131394
 9132880
 9130783
 9131767
 9132923
 9132108
 9132885
 9131099
 9135595
 9136004
 9136941
 9136615
 1387610
 9136165
 9129774
 9129951
 9131054
 9130992
 9134939
 1315187
 9094673
 9104815
 1249083
 9107947
 9108076
 9112859
 9116159
 9123717
 9123904
 1010310
 9126805
 9125074
 9125365
 9126924
 9128342
 9128452
 9130415
 9129882
 9127649
 9128762
 9132245
 9132272
 9131400
 9131929
 9132510
 9132867
 1326263
 9136542
 9136285
 1308175
 9136865
 9127954
 9130018
 9127667
 9104933
 1358785
 9121007
 9123000
 9125274
 9124741
 9124794
 1240357
 9129683
 1362276
 9132997
 9133236
 9133732
 9133746
 1209387
 1373476
 9131759
 9130772
 9130678
 1359311
 9133614
 9131815
 9135003
 9134805
 9135404
 9134357
 9135948
 9135345
 9137054
 1394061
 9134723
 9136304
 9123326
 9126667
 1312960
 9128558
 9129375
 9127568
 9129316
 9129367
 9131347
 9132365
 1373396
 9117461
 9129101
 9128322
 1372375
 9132636
 1378574
 1308193
 9115318
 9120986
 9123778
 9124209
 9124773
 9129310
 9129257
 1297950
 9080201
 9092185
 9100680
 9115396
 9116750
 9121540
 1160875
 9126305
 9127612
 9133044
 9130968
 9132718
 9131533
 9132756
 9130954
 9133605
 9133713
 9132230
 9133492
 9133579
 9131846
 9133171
 9131678
 9131973
 9132644
 9133002
 9131608
 9131992
 1372505
 9131947
 9135265
 1191960
 9134079
 9135924
 9136678
 9136840
 9134600
 9136142
 9136535
 9134616
 9134275
 9134597
 9136586
 9134492
 9135204
 9136041
 9134063
 1293258
 9135935
 9135949
 9136262
 0647232
 9111664
 9111486
 9112732
 9116396
 9115166
 1390321
 9115025
 1315966
 9107680
 9108805
 9128664
 9128639
 9131514
 9133107
 9133474
 1389361
 9132224
 9131799
 9134137
 9134075
 9134098
 9134259
 9136977
 9137047
 9134210
 9135816
 9113005
 1382839
 0647137
 9129099
 9128579
 9131913
 9132027
 9131325
 9130907
 9134757
 9136217
 9136733
 9136831
 9134171
 9134925
 1378571
 9134826
 9135389
 1160337
 9136613
 9135256
 9136098
 9107383
 9125562
 9126841
 9126892
 9136505
 9136730
 9101962
 9115774
 9116378
 9119797
 9129801
 9127458
 9128074
 9129055
 9128821
 1365940
 9128362
 9127748
 9128140
 9132610
 9132050
 9130642
 9132140
 9133484
 9132051
 9132372
 9134799
 9136141
 9137040
 9136287
 9135278
 9135582
 9134104
 9135682
 9135214
 9136175
 9136924
 9134102
 9134375
 9136167
 9136393
 9136576
 1252004
 1389464
 9134184
 9135415
 9136985
 9136451
 9134452
 9136905
 9135494
 9137063
 9077945
 1362453
 9096510
 9095445
 1362466
 9109157
 1393974
 9112288
 9117261
 9120086
 9123714
 9122909
 9125773
 9126025
 9125855
 9126060
 1114063
 9125384
 9130573
 9130553
 1011920
 9130980
 9132771
 9131726
 9132541
 9131197
 9132745
 1372312
 9137061
 1340001
 9134634
 9136180
 9136034
 9135766
 9136446
 9135549
 9136213
 9135909
 9134514
 9136205
 9136275
 9136492
 9133863
 9136496
 1382900
 1339690
 1011926
 1372326
 9134716
 9136311
 1332866
 9136570
 9134825
 1357732
 9136629
 9135817
 9082995
 9081145
 9095411
 9109339
 9109624
 1393970
 9120601
 9120043
 9123413
 1160868
 9122369
 9124887
 9126292
 9124443
 9127571
 1358342
 9128341
 9127807
 9133786
 9132185
 9131262
 9131710
 9132192
 9131868
 1358795
 9131493
 1378542
 1378544
 9131953
 9132999
 9132130
 9132634
 9132218
 9131478
 9131032
 9131535
 9134653
 9135017
 9135575
 9134999
 9136695
 1010133
 9136206
 9066890
 9115597
 9120057
 9128875
 9129422
 9128734
 9131723
 9131889
 9132109
 1389440
 9132342
 9132689
 9131796
 9137088
 1351106
 9135646
 9135202
 9136137
 1378575
 9135584
 1146345
 9135449
 9135171
 9135219
 9135374
 9136054
 9136061
 9136506
 9136584
 9134747
 9135080
 1161673
 1372443
 9135738
 9135790
 9136088
 9135253
 9136580
 9121557
 9126038
 9126722
 9128462
 1358321
 9130129
 9131960
 9131200
 9133301
 9133376
 9132895
 9133808
 9130983
 1315954
 9131398
 1253958
 9135632
 9134623
 9135260
 9136066
 9134385
 9135635
 9136463
 9136474
 9136653
 9136848
 1358860
 9133973
 9135970
 9136591
 9136080
 9136979
 9134141
 9079996
 1239841
 9082557
 9086179
 9086201
 9085231
 1115673
 9103837
 9102797
 9106347
 9107997
 9107421
 9127324
 9127900
 9133018
 9131966
 9132348
 9131108
 1010131
 9097017
 9111059
 9112325
 9114006
 9115697
 9116375
 9119959
 9121098
 9072307
 9076707
 9096271
 9112977
 1378761
 9118486
 9127002
 9131342
 9088724
 9093163
 9107258
 9114800
 9114827
 9120703
 9122038
 9127148
 9131494
 9131372
 1366736
 9112713
 9118463
 9120366
 1362251
 9122067
 9125306
 9124806
 9124358
 1332445
 9129767
 9129904
 1373388
 9129333
 9129449
 9130219
 1362284
 9128619
 9131975
 9133403
 9133747
 9131848
 9130866
 1360451
 1291999
 9133043
 9133529
 9131978
 9130849
 9132086
 9130735
 9136712
 1373313
 9135371
 9135013
 9134502
 1377975
 1359319
 9136648
 9136829
 9135492
 1308196
 9135785
 9134015
 9134052
 9134064
 9134066
 9134459
 9136333
 9107147
 9106963
 9135116
 1389445
 9136232
 1161694
 9089555
 9115620
 9122461
 9123801
 9125020
 9124875
 9125556
 9126643
 9128513
 9127396
 9129199
 9132638
 9132681
 9131316
 9131568
 9130677
 9132105
 9132963
 9132115
 9131544
 9132312
 9133937
 9135217
 9134603
 9134615
 9136121
 9135694
 9136768
 9134046
 9135112
 9136710
 9137050
 9137053
 9134855
 9136261
 9136069
 1377976
 9135424
 9135308
 9135791
 9135819
 9135121
 9109308
 1373237
 9121126
 9121274
 9122247
 9125742
 9129136
 9130744
 9130607
 9132476
 1296508
 9133150
 9132211
 9135330
 9135048
 9136155
 9136850
 9135189
 9136134
 9136422
 9136183
 1373319
 9134217
 9134661
 9135222
 9136012
 9134257
 9136843
 9136564
 1360488
 9135438
 1377979
 1359327
 9136541
 9136305
 9136316
 9136948
 9135771
 9136168
 8970575
 8988960
 1194588
 1194589
 1240650
 1341579
 9078758
 9100975
 9104004
 9102879
 9107733
 1188799
 9111889
 9113944
 9117807
 9118452
 9118667
 9118107
 9121236
 9121836
 9124013
 9123393
 9123483
 9121473
 9121778
 9122246
 9121643
 9122910
 9126081
 1378515
 1189570
 9124477
 9125942
 9125215
 9125679
 9126422
 9128899
 9130206
 9129203
 9127398
 9127399
 9127401
 9128142
 9133854
 9132118
 9133390
 9131489
 9132147
 9134897
 9134890
 9134898
 9135375
 9134772
 9135243
 9111058
 1160330
 9126260
 9132484
 9131260
 9133198
 1351114
 1322431
 9136268
 9134808
 9134895
 9136852
 9136274
 9136421
 9121198
 1325009
 9123052
 9124486
 9128732
 9135223
 1389470
 9134766
 9106169
 9104440
 9108570
 9114450
 9114060
 9116370
 9120697
 9120654
 9123761
 9127007
 9125187
 9129879
 9128328
 9128211
 9129695
 9129502
 9129221
 9130263
 9130804
 9133364
 9131990
 9132598
 9133701
 1378555
 9133211
 1325028
 9132381
 1249984
 9132198
 9137135
 9133978
 9135403
 9135905
 9136509
 9136667
 9135848
 9135181
 9135664
 9136332
 9136342
 9136774
 9136781
 9136295
 9134035
 1373333
 1373337
 9135589
 9135314
 9136921
 9134424
 9136010
 9135435
 9136025
 9136599
 9136728
 9135720
 9136382
 9136838
 9134904
 1332763
 9126775
 9126494
 0647133
 0647128
 9130516
 9134435
 9134970
 9135231
 9135342
 9135736
 9136157
 9136244
 1160335
 9135261
 9137108
 9134082
 9134017
 1243723
 9135141
 9135313
 9135763
 1161699
 1372410
 1196888
 9111652
 1372459
 9119221
 1296514
 9134845
 1378568
 9135566
 9135353
 9127429
 1362282
 9132419
 9131315
 9131593
 9133358
 9134455
 1389467
 9135402
 1308166
 9134928
 9135795
 9134807
 9061559
 9061500
 9064226
 9068956
 9070785
 1249044
 1387814
 9078436
 9083187
 1254929
 1341280
 9123992
 9121567
 9128203
 9128205
 9128214
 9127821
 9131534
 9133308
 9133508
 1358461
 9133229
 9133507
 9132170
 9133249
 1315958
 9131013
 9133446
 9132119
 9130844
 9131864
 9131264
 9133870
 9134000
 9136160
 9136430
 9133875
 9133955
 9134434
 9135614
 9134590
 9136897
 1337032
 1337073
 9135144
 9135908
 9136633
 9136883
 9136885
 9137087
 9134645
 9137018
 9133967
 9134684
 9135445
 9134042
 9134378
 9134421
 9135085
 9136929
 9136976
 1358092
 9134327
 9134810
 9135986
 9136329
 9136834
 1378559
 9133923
 9136077
 1389463
 1359316
 9134583
 9134919
 1308160
 9136448
 9133931
 9135042
 1161688
 9134572
 9134631
 9136497
 9134801
 9135194
 9135880
 9106585
 9121287
 9126072
 9125189
 9132595
 9132020
 1191830
 1337033
 9134239
 9134655
 9136942
 9137052
 9134875
 9134815
 9133792
 1372311
 9104917
 9125133
 9128627
 9130196
 9130610
 9133034
 9133664
 9133419
 9132254
 9133714
 1378540
 9132253
 9131029
 9133766
 9132028
 9130741
 9136989
 9137019
 9137022
 1378560
 1378565
 1387611
 9134960
 9135005
 1339900
 9082060
 9098238
 9101695
 9102142
 9113377
 9115559
 9116564
 9118527
 9122030
 9123822
 9127013
 9125969
 9124921
 9128527
 9132174
 9133697
 9132554
 9132412
 9125694
 1372496
 9129179
 9129890
 9133680
 9131350
 9132330
 9135285
 9135436
 9134081
 9136892
 9136479
 9136548
 9136324
 9135688
 9136558
 1372441
 1394058
 9070922
 9077048
 9080972
 9088495
 9084999
 9085502
 9088413
 9086140
 9090894
 9091150
 9094471
 9093667
 9098158
 9095495
 9097859
 9096380
 9095453
 9096174
 1196901
 9102015
 9101725
 9102449
 9099388
 9100131
 9101606
 9099825
 9106043
 9104181
 9105831
 9104672
 9104480
 9105793
 9106080
 9106413
 9107746
 9108324
 9106489
 9107276
 9109842
 1311552
 9114037
 9112118
 9113593
 9117483
 9116927
 9117629
 1366651
 1381826
 1196968
 1311555
 9120510
 9118475
 9118616
 9120639
 9117780
 9120498
 9123497
 9122715
 9123536
 9122568
 9122256
 1243253
 9121628
 9123315
 9125147
 9125319
 9126028
 9126166
 9125041
 9126197
 9124845
 9125026
 9124958
 9124967
 9125878
 9126244
 9129123
 9129271
 9129782
 9128530
 9128722
 9128886
 9129325
 9130090
 9127309
 9127359
 9127575
 9128240
 9128687
 9129390
 9128020
 9129778
 1372397
 9127621
 9127623
 9127627
 9127631
 9127633
 9133723
 9133539
 9131324
 9131665
 9132891
 1373497
 1341399
 9131285
 9132278
 9132893
 9133515
 9132053
 9130707
 9131748
 9131904
 9131388
 9134216
 9136965
 9136972
 9134721
 9135385
 9136578
 1373328
 1373334
 9134674
 9134940
 9135674
 9134598
 9136456
 9136778
 9134540
 9135338
 9136343
 9135236
 9135965
 9135814
 1378044
 9115308
 1378511
 9124442
 9132970
 9132977
 9133837
 9133839
 9132057
 9078846
 0978960
 9106575
 9106755
 9113370
 9112935
 1196962
 9115398
 9120773
 1010307
 9126114
 9129894
 9127646
 9128549
 9130796
 9130959
 9131857
 9132443
 9132815
 1378541
 9131027
 9131663
 1377972
 9131572
 9131621
 1339688
 9136569
 1373304
 9134252
 9134839
 9136063
 9134643
 9134870
 9136604
 9134742
 9133990
 9134934
 9134992
 9134117
 9135259
 9135684
 9135917
 9136438
 9134765
 9135713
 9136108
 1364416
 1308171
 1308184
 9135031
 9135711
 9136871
 1253830
 1372379
 1372501
 1372503
 1249997
 9067928
 9095629
 9116255
 9117131
 9120340
 9119899
 9119826
 9123699
 9126374
 9128347
 9129828
 9128811
 9127555
 9130160
 9128509
 9127444
 9128719
 9130824
 9132183
 9136928
 9136312
 9136869
 9135698
 9134480
 9136254
 9118630
 9126106
 9129451
 9129954
 9130244
 1296516
 9131044
 9131297
 9131473
 9131485
 9132309
 9133583
 9131253
 9131131
 9131814
 9132270
 9132748
 9133014
 9133277
 9135800
 9136015
 9135786
 9136219
 9134614
 9134936
 9134668
 9136014
 9135773
 9136593
 1146348
 9136640
 9136765
 9135645
 9136995
 9134230
 9136087
 9136931
 1308165
 9134577
 9135776
 1161683
 9134858
 9135006
 0647199
 9114435
 9124263
 1358185
 9129672
 9132643
 9132383
 9133427
 1358758
 9131177
 9133472
 9132191
 9136413
 9136598
 9134972
 9136870
 9134269
 9135287
 9135318
 9135899
 1372327
 9134949
 9134358
 9110365
 1332843
 9115380
 9121753
 9126542
 9126539
 9127974
 9130082
 9133730
 9131403
 9130843
 1324721
 9131161
 9134244
 9135052
 9136488
 9134292
 9135954
 1010319
 9136913
 1161697
 9103726
 9114174
 9112487
 9114656
 9123252
 9123405
 9123539
 9129183
 1315160
 9128600
 1366629
 9109795
 9111805
 9125461
 9131862
 9131873
 9101178
 9104868
 9104088
 9115139
 9115379
 9119204
 9118186
 9117896
 9119014
 9124091
 9123605
 9126732
 9126428
 9124345
 9125256
 9129458
 9128185
 9129561
 9128652
 9129687
 9128792
 9131227
 9131518
 9130704
 9130877
 9132785
 1389436
 9131770
 9133335
 9132915
 9131218
 9132087
 9132220
 9133641
 9133916
 9134953
 9134789
 9134190
 9135200
 9135742
 9134410
 9135134
 9135593
 9136353
 9136666
 9136876
 9136354
 1373324
 1373338
 9136301
 9133986
 9134074
 9134307
 9134625
 9135757
 9136105
 9136112
 9136149
 9136188
 9136857
 9135065
 9135976
 9135705
 9134686
 1146344
 9136293
 9134582
 1366644
 9136330
 9136620
 9135367
 9135411
 9134396
 9134608
 9134069
 9136172
 9136759
 1240016
 9136534
 9134073
 9135707
 9136245
 9136351
 9136458
 9121210
 9124459
 9128058
 9128231
 9128955
 9129211
 9133769
 9133049
 9133615
 9132406
 9132518
 9132606
 9135583
 9136267
 9133871
 0978983
 9111387
 9120823
 9125830
 9130570
 9130691
 9132096
 0959055
 9136472
 9103093
 9111189
 9113045
 9118338
 9121104
 9122908
 9121013
 1240348
 1331449
 9127402
 9127530
 9128952
 9127905
 9128799
 9128808
 9133803
 9131747
 9132908





