16-07-20
 9074107
 1339813
 1010839
 9080713
 9087742
 9090598
 9090182
 9094050
 9093590
 9094101
 9094510
 9096167
 9101939
 9100206
 9102518
 9101137
 9102044
 9102486
 9099150
 1387945
 9100472
 9099904
 9103210
 9104368
 1378009
 9059716
 9063462
 9081755
 9092377
 9096935
 9096969
 9097971
 9095255
 9095881
 9096228
 9099810
 9100823
 9101677
 9101756
 9101319
 9105932
 9106152
 9106179
 9106213
 9104195
 9048007
 1379638
 9067772
 9082049
 9090146
 1324420
 1324423
 9094320
 9093549
 9092917
 9097783
 9096465
 9096618
 1359405
 9102646
 9100400
 9101880
 1332801
 9103377
 9105387
 9106093
 9103710
 9103527
 9102780
 9104620
 9102788
 9103907
 9103925
 9105874
 9106125
 9106212
 9103962
 9105351
 9105358
 9103618
 9104998
 9103174
 1160395
 9105591
 9102795
 9103355
 9103990
 9104228
 1324681
 9103125
 9103220
 1243705
 9105744
 9104448
 9087300
 9091580
 9098221
 9098507
 9097820
 9096472
 9100726
 9092467
 9099409
 9101875
 9102341
 9101804
 9101314
 9105207
 9104685
 9106140
 9105498
 9104613
 9067682
 9067685
 9071628
 9079480
 9082395
 9099470
 9090824
 1239903
 9093785
 9096124
 1341374
 9096311
 9094652
 9094789
 1252608
 9099793
 9101690
 9102467
 9102598
 1252631
 9100859
 9101250
 9090087
 9096438
 9105239
 9103136
 9102999
 1253852
 9104148
 9102712
 9104020
 9104983
 9101739
 9068550
 9074259
 9072354
 9075790
 9079827
 9080049
 1332985
 9085167
 9085097
 9085723
 9090608
 1358835
 9091724
 9089750
 1328291
 9095810
 9095803
 9098448
 9094941
 9096127
 1328296
 9068295
 1387835
 9080177
 9066403
 9072857
 9079937
 9082260
 9081560
 9085268
 9090916
 9089701
 9094345
 9093382
 9095298
 9095666
 9095946
 9099091
 9101275
 9102287
 9102344
 1357704
 9099838
 9102192
 9103678
 9105299
 9104053
 9104749
 9104347
 9104975
 9105107
 9106200
 9105247
 9105761
 9106054
 9106119
 9106154
 9106160
 9106209
 9103053
 9103885
 9104466
 1239966
 9103524
 9104618
 9104622
 9105732
 9106227
 9106261
 9106066
 9102844
 9105834
 9105051
 9106164
 9105435
 1160423
 1160429
 9102908
 9104845
 9102787
 9103033
 9103580
 9103612
 9103615
 9105134
 9104212
 9104227
 1297532
 9086889
 9085248
 9088072
 9091278
 9092653
 9096882
 9102284
 1297956
 9101159
 9101373
 9089852
 9094492
 9094862
 9097092
 9094906
 9097377
 9097722
 9100345
 9099038
 1387950
 9100284
 9099052
 9102129
 9100727
 9103143
 9084399
 9095655
 9097095
 9097760
 9097324
 1378001
 9098986
 9099938
 9104851
 9103119
 9105609
 1160397
 1249814
 9096302
 9095071
 9103684
 9104219
 9105957
 9073938
 9079505
 9076876
 9076877
 9089277
 9089137
 1324422
 9092748
 9097438
 9097541
 9094712
 9097963
 1239788
 9100669
 9099543
 9104360
 9105414
 9103367
 9104723
 1239950
 9104834
 9104119
 9104902
 9089606
 9093974
 9098630
 1239919
 9097505
 9096269
 9100845
 9100452
 9101106
 9089347
 9094710
 1324676
 9078478
 9087991
 9090974
 9092838
 9074839
 1328293
 9094124
 9098137
 9097337
 9102431
 9100820
 9099798
 9100494
 9100047
 9102063
 9101141
 9100935
 9102774
 9105243
 9104248
 9104304
 9104498
 9105952
 9103585
 9105729
 9105179
 1359415
 9104838
 9103207
 9104862
 9105918
 9104488
 9046541
 9087166
 9092616
 9099159
 9103193
 9102920
 9104947
 9105530
 9102790
 9104214
 9080424
 9087414
 9087364
 9094209
 9094589
 9097624
 9100971
 9099484
 9100900
 9103329
 9103343
 9104667
 1223819
 9105418
 9102767
 9104771
 1378017
 1378019
 1378026
 9104094
 9105035
 9105903
 9104027
 9105942
 1371496
 9104534
 9103384
 9104039
 9103260
 9103642
 9105698
 9094337
 9094285
 9106175
 9104273
 1378006
 9079783
 9094073
 9098827
 1332273
 9098502
 9098096
 9102355
 9099701
 9102140
 9101122
 9101347
 9104346
 9106210
 9104687
 9105224
 9104287
 9104675
 9105015
 9105029
 9104778
 9105520
 9102866
 9104250
 9104880
 9103212
 9105184
 9076892
 9084319
 9085463
 9085633
 9087177
 9088054
 9090210
 9091119
 9092151
 9089502
 9094215
 1115686
 9095809
 9095814
 9095819
 9096424
 9098876
 9101069
 9099865
 9101953
 9100326
 9100321
 9100060
 9105453
 9103107
 9105544
 9103686
 9105784
 1371497
 1371498
 9103638
 1011955
 9103645
 9103659
 9105627
 1362489
 9104105
 9103127
 9102709
 9103163
 9104015
 9105282
 9076871
 0964900
 9089104
 9093504
 1387983
 9092798
 9096396
 9098802
 9094775
 9100960
 9101102
 9102079
 9099435
 9101803
 9100825
 9098956
 9101585
 9100351
 1304564
 9099262
 9102110
 9101663
 9101011
 9101584
 9101848
 9105168
 9105563
 9104371
 9105494
 9104301
 9103595
 9103775
 9103730
 9103604
 9057926
 9084506
 9091388
 9091900
 9092593
 1321747
 9095545
 1387927
 1387929
 9100751
 9105859
 9103877
 9104666
 9103826
 9104582
 9103646
 1291434
 9105652
 9104752
 9104366
 9105277
 9105746
 9105825
 1010055
 9105163
 9102900
 9103176
 9103824
 9103912
 9104898
 9105132
 1322369
 9078070
 9082527
 1322382
 9083754
 9081643
 9085117
 9091437
 9094325
 9093771
 9093179
 9092872
 9098293
 9096650
 9097003
 9095798
 9094625
 9094986
 9095140
 9101842
 9099014
 9102184
 9100857
 9100030
 9101645
 9099650
 1196904
 9104457
 9102754
 9104756
 9104484
 9106014
 9106015
 9106037
 9106128
 9106135
 9105429
 1378005
 1378015
 9102848
 9102867
 1126316
 9034783
 9040963
 9038594
 9048370
 9048519
 9051954
 1312466
 1194558
 1194599
 9089362
 9084242
 1196740
 9096818
 9095357
 9099376
 9099703
 9099801
 9103664
 9103124
 9105707
 9096923
 9095258
 9058631
 9075666
 9094080
 9092850
 9097148
 9102450
 9100716
 9104988
 9103853
 9104602
 9104612
 9103822
 9103097
 1324680
 9104901
 9041818
 9045894
 9048314
 9069018
 9073674
 9071966
 9079695
 9079486
 1366942
 9092412
 9092563
 9092888
 9097131
 9095326
 9097316
 9097635
 9097892
 9098099
 9097118
 9097449
 9101682
 1354945
 9100445
 9101238
 9099510
 9100830
 9102528
 1366833
 1359414
 9100005
 9101030
 9099455
 1196918
 9103751
 9105237
 9104710
 9103228
 9089301
 9101109
 9100363
 9103190
 9104252
 9105334
 9103743
 1378027
 9103831
 9103140
 1312781
 1291963
 1291964
 9089202
 1324585
 9093119
 9092992
 9093206
 9094058
 9093476
 9094450
 1239933
 9098143
 9097835
 9096776
 9097988
 9094593
 1381732
 1381733
 9094882
 9102073
 9099300
 9099488
 9100664
 9101204
 9099154
 9099169
 9100972
 9101081
 9100963
 1362481
 1332350
 9103908
 9103373
 9103723
 9105717
 9106218
 9103944
 9104275
 9106137
 9106166
 9106173
 9106257
 1331426
 1014522
 9105211
 9103981
 9105382
 9105404
 9102936
 9104012
 9104842
 9105097
 9104063
 9104193
 9104211
 9105441
 9102801
 9104090
 1249815
 9104180
 1305313
 1163473
 1381796
 9082664
 9087882
 9088913
 1324478
 9094730
 9098381
 9096817
 9095230
 9096286
 9100397
 1387936
 9102358
 9102145
 9100795
 9099428
 9106171
 9104703
 9104380
 9106178
 1323590
 9105685
 9104664
 9103532
 9105275
 9106161
 1324678
 1324679
 1324684
 9105486
 9104014
 9104234
 8990201
 9053855
 9058203
 1387761
 1291956
 1323288
 9067333
 9071425
 9075476
 9075296
 9074967
 9079667
 9080733
 1359257
 9082211
 9081374
 9082095
 9081108
 9086888
 9089792
 1387995
 1387998
 9092996
 9098557
 1366813
 9096057
 9098883
 9102527
 9100519
 9100543
 9101337
 9102348
 9099480
 9099177
 9067586
 9075046
 9081867
 9082076
 9088134
 9086898
 9094293
 9093352
 9097197
 9098347
 9095860
 9095692
 9097248
 9101724
 9100343
 1239858
 9100443
 9101638
 9099609
 9099134
 9102489
 9102524
 9099778
 9102132
 9100175
 9104977
 9104837
 9103949
 9104135
 9104688
 9106000
 9106045
 9106121
 9103363
 9104777
 1239962
 9103393
 9103620
 9105473
 9104981
 9104238
 9104704
 1378007
 1378030
 9103189
 9104000
 9105397
 9105419
 9105905
 9105445
 9105345
 9105678
 9103752
 9104547
 9102695
 9104686
 9106071
 9104192
 9104218
 9088231
 9091497
 9093768
 9098166
 9097138
 9096644
 9095877
 9063293
 9061642
 9081540
 9081116
 9092516
 9098069
 9100981
 9099775
 9102679
 9102747
 9103087
 9103557
 9104505
 9104731
 9105142
 9104143
 9106244
 9103209
 9105708
 9106286
 9103498
 9104748
 9105215
 9102982
 9105945
 9083510
 9096516
 9105343
 9104956
 9104334
 9105164
 9104882
 9103823
 9103315
 9103543
 9105235
 9104859
 9044389
 9093683
 9101543
 9098914
 9101042
 9082382
 9089266
 1314737
 9095276
 9099050
 9099965
 9099976
 9101644
 9099942
 1324485
 9101288
 9101700
 9103788
 9104307
 9105595
 9105452
 9105823
 9106224
 9103214
 9104358
 9105141
 9106122
 9103128
 9104071
 9104886
 9104895
 9104915
 9102735
 9102805
 9104462
 9105022
 9105641
 9105815
 9102783
 9102968
 9105951
 9105956
 9106202
 9105736
 9105779
 1378029
 9102746
 9102796
 9103101
 9103242
 9103199
 9105257
 9106075
 9103204
 9103555
 9106057
 9106062
 9106126
 9105316
 9105580
 9103737
 9104637
 9103000
 1160410
 1160396
 9105335
 1011958
 9103104
 9105128
 9103027
 9103724
 9105430
 9102800
 9103259
 9103704
 9104352
 9104668
 9105174
 9105421
 9105631
 9078698
 9083899
 9085422
 9101115
 9099440
 9099968
 9099796
 9100382
 9104103
 9105795
 1239965
 9104625
 9103936
 9104491
 9103651
 9102960
 9102933
 9095934
 9101609
 9101705
 9096999
 9098455
 9100623
 9101239
 9106129
 1378016
 1378020
 1378021
 9105493
 9104535
 9103681
 9103814
 9080449
 9086507
 9096188
 9101296
 9101999
 9102201
 9102454
 1366805
 9094477
 1381320
 9097746
 1321740
 1381330
 1381512
 9097051
 9100228
 9101658
 9101955
 9102340
 9102463
 9101935
 9099707
 9100286
 1160790
 9101672
 9100383
 9103654
 9105392
 9105695
 9105926
 9105585
 9106183
 1249813
 1381743
 1381741
 9065626
 9072160
 1163311
 9085719
 9085928
 1390880
 9089534
 1128332
 9096092
 9096439
 9099051
 9102494
 9102501
 1341499
 1373527
 9100181
 9099268
 9102377
 9102440
 9101067
 9099697
 9106187
 9103735
 9103364
 9106067
 9106157
 9105995
 1194772
 9105880
 9105766
 1236988
 9102893
 9103198
 9105754
 9104201
 9098401
 9102927
 1390860
 9097884
 9096931
 9098181
 9095410
 9095689
 9095978
 9096707
 1236967
 1390871
 9097421
 1341279
 1341284
 9100380
 9102391
 9101449
 9099207
 1357755
 9099256
 9099933
 1332349
 9106020
 9104290
 9104872
 9104187
 9105548
 9105885
 9104061
 1291438
 9106145
 9105320
 9103425
 9106094
 9103740
 9104500
 9105616
 9103677
 9080160
 9103469
 9074028
 9087959
 9097375
 9097561
 9098597
 1252609
 9102730
 9105269
 9103549
 9103976
 9104355
 9105309
 9102845
 9105565
 9094741
 9102090
 9104393
 9103238
 9103851
 9105188
 9105928
 9103786
 9105704
 9104712
 1160420
 9104866
 9104630
 9060866
 9074494
 1381337
 9092984
 9096344
 9095039
 1387902
 1357751
 9097453
 9095404
 9094580
 9096393
 9096431
 9099922
 9100461
 9101171
 9102402
 9102376
 1160799
 9100269
 9100413
 9103185
 9103550
 9104130
 9104295
 9105172
 9103505
 9104436
 1240457
 9104926
 9103721
 1381745
 1381343
 9105279
 1253851
 9098180
 9094894
 9097498
 1239922
 9097317
 9099398
 9087377
 9088934
 9092063
 9095847
 9095216
 9101737
 9101708
 9099743
 9098936
 9098943
 9098946
 9099706
 1249804
 1196915
 9105478
 9104636
 9104461
 9106201
 9105618
 9102931
 9103637
 9104168
 9105112
 1341372
 9101095
 1239789
 9099802
 9105911
 1239949
 9103010
 9105267
 9104741
 9104877
 1239828
 9077796
 9078329
 1332268
 9085747
 9085959
 9091255
 9090582
 9095289
 9096023
 9100731
 9099736
 9104767
 1331428
 9103495
 9061302
 1354745
 9077285
 9081084
 9091450
 9093753
 9094500
 9094075
 9097169
 9098621
 9095215
 9095358
 9097537
 1324670
 9102561
 1332280
 9098899
 9101233
 9101268
 9100079
 9101976
 9099948
 9100464
 9102641
 9099043
 9099949
 9099917
 9099997
 9100544
 9101113
 9100434
 9102497
 9100471
 9100064
 9104161
 9105920
 9106118
 9106203
 9104386
 9105433
 1223823
 9104775
 9105274
 9106089
 9106148
 9106189
 9106192
 9103058
 9106095
 9105615
 9106220
 9102923
 9105189
 9105198
 9102784
 9103999
 9105516
 9105738
 9105967
 9103473
 9105045
 9105983
 1378003
 1378008
 9103102
 9105176
 9103112
 9105381
 9105488
 9105693
 9105845
 1359416
 1359423
 9103973
 1236994
 9104489
 9105663
 9104519
 9104836
 9102895
 9103984
 9102749
 9103617
 9102979
 9102986
 9105557
 9077741
 9082760
 9090658
 9090805
 9089651
 9091312
 1324409
 9094029
 9097348
 9094644
 9098670
 9095245
 9097916
 9099601
 9102311
 9099522
 9101940
 9101847
 9099136
 9102447
 9101010
 9102711
 9105861
 9104522
 9102904
 9102698
 9105451
 9103807
 9103167
 8889921
 9077779
 1359256
 9098384
 9098998
 9098979
 9103988
 9104172
 9095879
 9104074
 9103012
 9103165





