16-07-09
 1327064
 9058826
 9058832
 9039538
 9055402
 9055164
 9054773
 9052525
 9059306
 9062798
 9060412
 9063112
 9060103
 9060624
 9062802
 9063046
 9062031
 9064981
 9066274
 9066630
 9067106
 9063708
 9066850
 9063527
 9063823
 9064285
 9066650
 9066688
 9063831
 1161709
 9030876
 9036175
 9037597
 9055221
 9055481
 1379641
 9065986
 9066674
 9067000
 9065485
 9064363
 9064186
 9065611
 9065532
 9017242
 9017445
 9019306
 9033586
 9038100
 9040994
 9039960
 9045618
 1323794
 1359092
 9056537
 9058071
 9059578
 9062963
 9061100
 9060803
 9062229
 9060241
 9062686
 1359490
 9061591
 9060254
 9065726
 9066681
 9066507
 1323502
 1323534
 9066642
 9063991
 9066857
 9064194
 9064813
 9066270
 9066346
 9063568
 9064987
 9064535
 9064863
 9066626
 1323276
 9065509
 9064353
 9065653
 9065624
 1243224
 9063704
 9064277
 9065211
 9066373
 9063497
 9067078
 9065045
 9065300
 9063948
 9063564
 9064376
 9064400
 1010892
 9045509
 9049736
 9055497
 9057668
 9057527
 9062597
 9061535
 9061565
 9060057
 9060812
 1291954
 9058016
 9059678
 9066725
 9064035
 9063448
 9063944
 9064229
 9065549
 9063522
 9063700
 9064385
 1126925
 9051588
 1115655
 9055184
 9056080
 9056297
 9056718
 9058979
 9059303
 9056401
 9057312
 9058682
 9062991
 9061426
 9062116
 9062801
 9063192
 9061354
 9060030
 9061536
 9062049
 9062350
 1387702
 9004582
 8981357
 9005045
 9010905
 9016187
 9019949
 9018552
 9021192
 9017224
 9029962
 9036774
 9040656
 9056769
 9060470
 9067158
 9065068
 1240324
 9065818
 1323275
 9063491
 9067070
 9051283
 9053259
 9058795
 1381552
 9059673
 9065539
 9063641
 9065984
 1160320
 9063953
 9063619
 9044264
 9041429
 9048577
 9055200
 9056954
 9058306
 9059329
 9058490
 9056247
 9057613
 1010949
 9061819
 9060066
 1323512
 9060969
 1354685
 9040631
 9044754
 9043084
 9052836
 9053253
 9055953
 9056801
 1240748
 9058046
 9058702
 9059835
 9061865
 9060868
 9063224
 9063228
 9060091
 9060700
 9060697
 9062109
 9060027
 9063440
 9066131
 9063411
 9064995
 9065148
 9065633
 9066284
 9066715
 9066722
 9066761
 9066884
 9063867
 9065826
 9066605
 1323530
 9065152
 9066618
 9066433
 9064450
 9066948
 9067160
 9067168
 9064669
 9064705
 9065447
 9066866
 9063753
 9064964
 0775881
 9063514
 9066475
 1366986
 9066357
 1198839
 9066754
 9066972
 9064346
 9064919
 9066299
 9064575
 9064636
 9064072
 9066844
 1324344
 9046279
 9058640
 9059424
 1324378
 1324379
 9063403
 9028843
 9058275
 9059595
 9060638
 9062087
 9053020
 9053873
 9056524
 9066258
 9064867
 9063730
 9064258
 9017863
 9023026
 1011145
 9040338
 1323783
 9042489
 9041954
 9044607
 9045958
 9045612
 9047535
 9055425
 9053153
 9059216
 1240415
 9062077
 9061417
 9059683
 9064760
 9066184
 9065824
 9064183
 9064372
 9065981
 9066162
 9064439
 1390972
 1390974
 9035925
 9046658
 9049333
 9058059
 9062585
 9063961
 0978724
 9066562
 9056886
 9056585
 9057161
 9062083
 9063275
 9059943
 9060569
 9062505
 9065076
 9066318
 9066712
 9065750
 9066516
 9064276
 9065432
 9065165
 9065171
 9065729
 9065959
 1332526
 9050265
 9051711
 9051998
 1198921
 9052811
 9054246
 9055704
 9054360
 9058013
 9056549
 9061461
 9044853
 9054281
 9055751
 9054908
 1390833
 9056418
 1390789
 9018516
 9033567
 9052301
 9049783
 9050338
 9050829
 9051014
 9054048
 9056425
 9059036
 9058352
 1359488
 1323154
 9062329
 9064968
 9066505
 9066658
 9066886
 9066903
 9064268
 9064709
 9064002
 9065082
 9064297
 9064933
 9066171
 9067175
 9067159
 9066141
 1240329
 9064900
 9064737
 9064476
 9064029
 9065094
 9064050
 9063902
 9064054
 1240947
 9063489
 9065531
 9032470
 9053549
 9056062
 9062138
 9063324
 9060519
 0978726
 9065678
 9065320
 9064780
 9064977
 9064612
 9066085
 9065143
 9042541
 9052728
 9054593
 1368323
 1379634
 9060111
 9060770
 9065043
 9065107
 9065174
 1387762
 9064588
 9065701
 9063712
 9064951
 9063995
 9056301
 9060946
 9060120
 9061688
 9061635
 9065802
 9042267
 9048600
 9055742
 9054316
 9057039
 9059447
 9057221
 9057779
 9057114
 9058328
 9060971
 9061660
 9062763
 9062804
 9063090
 9059638
 9061217
 9060825
 9061484
 9062737
 9063176
 9061322
 9061396
 9063186
 9063005
 9062386
 9062380
 9061307
 9062532
 9061358
 9062435
 9017567
 9022852
 9025608
 9025143
 1175426
 9035820
 9038691
 1175587
 1010891
 9043603
 9044959
 9046806
 9051617
 9050882
 1323263
 1323264
 9059556
 9056434
 9058985
 9057093
 1336089
 1336090
 9056645
 9062700
 9060699
 9063181
 9061266
 9066659
 9066979
 9064204
 9064510
 1320018
 9066770
 9064462
 9066086
 9064684
 9063457
 9064967
 9063570
 9066544
 9064406
 9016284
 9016503
 9020882
 9018285
 9024197
 9029106
 1324329
 9026494
 9027155
 9031689
 9037989
 9042659
 9051067
 9049490
 9053569
 9052600
 9054085
 9057728
 9058037
 9062876
 9061904
 1387731
 1387734
 9062455
 9062884
 1368320
 9060732
 9062473
 1379214
 9060620
 9061863
 9065491
 9065616
 9066682
 9064779
 1387544
 1366029
 9051053
 9048909
 9056307
 9057149
 9058989
 9056929
 9057421
 9061027
 9063347
 1291925
 9061621
 9062189
 9061884
 9065800
 9065890
 9065866
 9065026
 1323518
 9066354
 9065120
 9063958
 9064118
 9064553
 1387754
 1387760
 1312657
 9064662
 9066991
 9064452
 9065101
 9065410
 9066841
 9065728
 9065133
 1339970
 9065965
 9063698
 9064201
 9064373
 9065180
 9065960
 9063665
 9063980
 9064774
 9065130
 9025256
 9039996
 9041388
 9041377
 9041379
 9048428
 9049316
 1387660
 9049312
 9053256
 9055487
 9053235
 9052630
 9053744
 9057566
 9056287
 9058481
 9057067
 9058611
 9063190
 9063209
 9060745
 9063330
 9061835
 9060661
 9063415
 9063956
 9066011
 9066063
 9066479
 9067107
 9064828
 9063446
 9064053
 9064466
 9066148
 9066319
 9067172
 9065003
 9066707
 9066113
 9067180
 9064562
 9065035
 9066158
 1387578
 9061752
 9031615
 1387711
 1387720
 9058036
 9060751
 9062243
 9060512
 9060640
 9066143
 9065822
 9065901
 9066935
 9066050
 9064411
 9063653
 9029938
 9032219
 9032469
 9034593
 9036201
 9033927
 9041599
 9044282
 9042051
 9042746
 9042771
 9041391
 9042596
 9045595
 9047257
 1359176
 1243214
 9061781
 9030576
 9040100
 1387719
 9063553
 9030837
 9055187
 9053784
 9056344
 9062818
 9059804
 9061511
 9061096
 9064563
 9066340
 9065006
 1191679
 1323559
 9047949
 9052362
 9054404
 9055659
 1341695
 1359091
 9052839
 9053739
 9059004
 9057466
 1323073
 9060553
 9062778
 9060564
 9060814
 1323155
 9061483
 9060572
 9060870
 9062014
 9060597
 9061479
 9061002
 9059821
 9063242
 9060155
 9062288
 9061052
 9060729
 9064552
 9065857
 9064710
 1323521
 1323527
 1323529
 1323533
 1323541
 9067059
 9064777
 9067183
 9064106
 9065925
 9065998
 1381497
 9063237
 9059997
 9059692
 9066255
 9065455
 9066411
 9066019
 9065368
 9065524
 9064994
 1339972
 9063812
 9064484
 1323377
 1323982
 1390809
 9046866
 9049287
 9055856
 9053740
 9055405
 9057417
 9057005
 9056604
 9062336
 9062576
 9062921
 9061164
 9061365
 9062568
 9061834
 9059670
 9062614
 9062825
 9063004
 9059617
 9061939
 9060090
 9063405
 9066668
 9064623
 9066676
 1323522
 9066628
 9064915
 9065019
 9065087
 9065503
 9065514
 9065521
 9066900
 9066984
 9066992
 9065520
 9065873
 9066157
 9066289
 9067131
 9063939
 9063602
 9066353
 9066967
 9064391
 1381492
 9030510
 9038222
 9040101
 9049243
 9049780
 9054438
 9054224
 1324360
 1324368
 9063195
 9060878
 9060894
 9060052
 9060068
 9060072
 9059824
 9062478
 1381852
 9010216
 9056856
 1339873
 9061478
 9061862
 1387765
 9066552
 9065425
 9055024
 9058620
 9061026
 9061954
 9061331
 9059942
 9062899
 9060656
 9061917
 9060251
 9062264
 9062281
 9064647
 9064153
 9065563
 9066667
 9065595
 9066174
 9064224
 9065905
 1387756
 9066071
 9066263
 9066974
 9064357
 1390973
 9064174
 1366993
 1390952
 9026283
 9041938
 9041700
 9046745
 9048913
 9051249
 1354786
 1239027
 9055594
 9055812
 9058045
 9057776
 9056365
 9056740
 9057050
 1324362
 9058634
 9061639
 9061128
 9063235
 9062594
 9063222
 9062742
 9063196
 9062366
 9061490
 9062948
 9063086
 9061114
 9062104
 9062239
 9062274
 9065308
 9064550
 9065648
 9066536
 9063988
 9066881
 9064227
 9064519
 9065155
 9065934
 9066848
 9066954
 9065554
 9067019
 9063978
 1323539
 9065831
 9066940
 9063897
 9063906
 9064250
 9064355
 9064975
 9066821
 9064817
 9064905
 9064912
 9064913
 9065187
 9066368
 9066828
 9066878
 9064405
 9064184
 9066692
 9066876
 9063804
 9065242
 9066394
 9065716
 9066551
 9066870
 9066428
 9066365
 1236780
 9066195
 9064892
 9063480
 1240946
 9063912
 9063488
 9048475
 9064059
 9064107
 9064222
 9064634
 9067017
 9066027
 9065048
 9066997
 9063828
 9065697
 9064843
 1339969
 9064691
 9065784
 9064104
 9065891
 1381647
 9047721
 9052326
 9063218
 1387763
 9066032
 9066049
 9064856
 9060319
 9061408
 9062497
 9060494
 9059636
 9060217
 9062691
 9061363
 9064509
 9065093
 9064653
 9063927
 9064180
 9066144
 9065147
 9065151
 9056521
 9064860
 9065936
 9066565
 1198171
 9003518
 1198745
 1336126
 9021085
 1236737
 9023101
 1196656
 9029901
 9035814
 1198825
 1175593
 9045736
 9048311
 9055464
 9061047
 9062547
 9061451
 1239444
 9061414
 9063273
 9061442
 9060802
 9062149
 9060708
 9060889
 9067189
 9064262
 9065844
 9067127
 9067065
 9065597
 9066783
 9066861
 9067112
 9064286
 9066575
 9066583
 9066586
 1323515
 1323537
 1323538
 9063437
 9065146
 1239050
 9063869
 9063874
 9065028
 9066066
 9066197
 9064361
 9064672
 9064057
 9064766
 9066864
 9064518
 9067041
 1387757
 9067010
 9065057
 9065919
 9066266
 9065033
 9066316
 9066047
 9066221
 9066308
 9067047
 9064197
 9066483
 1323271
 9064689
 9067185
 9063528
 9064802
 9065367
 9066511
 9064590
 9066966
 9063520
 9063586
 9065650
 9064507
 9066739
 9045086
 9048188
 9047326
 9048799
 9055348
 9055083
 9052859
 1390827
 1390835
 9059023
 9057038
 9056133
 1390788
 9060506
 9060255
 9060818
 9063056
 9060602
 9060089
 9061427
 1390773
 9063546
 9064458
 9066911
 9067114
 9063895
 9063809
 9066836
 9064769
 9065184
 9065742
 9065009
 9066800
 9060587
 9061480
 1381389
 1175495
 1323994
 1324363
 9058845
 9060897
 9059808
 9059815
 9062554
 9059725
 9059727
 1387752
 9064305
 9063432
 9065396
 9064489
 9060294
 9046624
 9062651
 9062722
 9063108
 9063155
 9062723
 9061194
 9060981
 9063261
 9066720
 9067178
 1381917
 9026210
 1381665
 9041961
 9042788
 9044072
 9051945
 9050926
 9051242
 9051466
 9050088
 9050097
 9058688
 9059165
 9059194
 9057930
 9059396
 1327067
 9058201
 9061530
 9062565
 9063183
 9062246
 9060289
 9060984
 9060995
 9064397
 9067067
 1393215
 9066796
 9064073
 9066037
 9065023
 1146259
 1390976
 9016143
 9016267
 9024509
 9026231
 9032254
 9031967
 9036833
 9040137
 9044010
 9042276
 9042210
 9048517
 9049676
 9050137
 9055462
 9055804
 9054654
 9053769
 9057322
 9058781
 9058777
 9061205
 1323038
 1323040
 1323158
 9062668
 9061921
 9062158
 9059798
 9064770
 9066909
 9064630
 1323520
 1323528
 9064909
 9064349
 9067068
 9067081
 9067084
 9066923
 9064768
 9065589
 9065059
 9053165
 9059386
 1387708
 9056762
 9011985
 9045010
 9050595
 9053668
 9053346
 1304270
 1323072
 9058411
 9059231
 9055961
 9061314
 9060872
 9061499
 9062739
 9062032
 9062960
 9059573
 9061723
 9064256
 9064374
 9063904
 1323506
 1323523
 9064232
 9063976
 9065159
 9064278
 9064060
 1366909
 9065790
 9063549
 9065564
 9065475
 9063760
 9063769
 9063999
 9065794
 9063736
 9064192
 1381856
 1381859
 9065370
 9066151
 9067018
 9018038
 9037753
 9055229
 9056628
 9056520
 9056271
 9059181
 9059299
 9060546
 9059972
 9061695
 9063319
 9062025
 9061286
 9061983
 9060106
 9060398
 9061235
 9063442
 9066891
 9063863
 9065806
 9066893
 9064810
 9065820
 9066313
 9067020
 9066781
 9063751
 9064980
 9063598
 9065620
 1198841
 9066463
 9029110
 9033664
 9053393
 9054357
 9054822
 9059063
 9056108
 9058407
 9057876
 9058141
 9060919
 9061334
 9065939
 9066589
 9066669
 9066610
 9065448
 9065646
 9065875
 9065528
 9066054
 9065254
 9064848
 9064864
 9065219
 9065480
 9066608
 9067098
 9065099
 9064142
 9064992
 9065458
 9017140
 9017142
 9023600
 9026291
 9058455
 9057916
 9056187
 9063315
 9061351
 9059612
 9062920
 9060421
 9060659
 1010758
 9062216
 9061189
 0978728
 9063639
 9064932
 9065287
 9041045
 9057317
 9062716
 9060084
 9062197
 9059689
 9054088
 9057552
 9059751
 9059849
 9061892
 9060080
 9061383
 9059848
 9060716
 9067053
 9064371
 9066786
 1327072
 9067050
 9051078
 9052594
 9055994
 9056441
 9059950
 9059707
 9023846
 9039071
 9047650
 9047870
 9049795
 9051312
 9050844
 9048766
 9050136
 9055413
 1354815
 9052589
 9052903
 9057357
 9059100
 1240315
 9056888
 9056093
 1359483
 9057333
 9060043
 9060758
 9060851
 9062642
 9062673
 9060110
 1323012
 1323013
 9063239
 9062344
 9059737
 9061144
 9061486
 9063098
 9063117
 9063011
 9060710
 9060212
 9060827
 9062672
 9060419
 9059761
 9060491
 9061430
 9065105
 9065262
 9064259
 9065170
 9065489
 9066332
 9064143
 9066969
 1323501
 1323513
 1323531
 9064572
 9065012
 9065013
 9066538
 9063609
 9063903
 9064069
 9065490
 9066306
 9066938
 9067167
 9067170
 9064755
 9063611
 9065553
 9063523
 9064275
 9066737
 9064238
 9065038
 9066222
 9063810
 9064433
 1327071
 9066376
 9064955
 9065203
 9063423
 9064130
 9064499
 9064861
 9063725
 9064090
 9065255
 9063495
 9064793
 9064921
 9065078
 9066125
 9067063
 9063627
 9048957
 9048960
 9052145
 9057579
 9058788
 9058032
 9060593
 9060011
 9063316
 9061339
 9060568
 9062139
 9059733
 9060096
 9061873
 9066039
 9064517
 9063838
 9063914
 9066285
 9065053
 1188056
 9063519
 9039545
 9059158
 9061929
 9061122
 9063722
 9066301
 9066950
 9066885
 9063560
 9065828
 9066176





