16-07-13
 9035517
 9052087
 9051241
 9057873
 9058414
 9066856
 9070558
 1387771
 9070845
 9072214
 9074694
 9073600
 9072202
 9073616
 9075842
 9076435
 9075479
 9076396
 9076487
 9076612
 9075661
 9080138
 9080500
 9080537
 9077252
 9079368
 9080333
 9079743
 9079836
 9040870
 9074450
 1328275
 9076659
 9076016
 9076495
 9076569
 9076433
 9080306
 9080337
 9080511
 9077121
 9080145
 9076830
 9079899
 1163475
 9045505
 9050362
 9052911
 9058431
 1304314
 9059753
 9063154
 9065074
 9071210
 9072266
 9072808
 9071724
 9073497
 9071908
 9076064
 9075771
 9075332
 9077182
 9076689
 9079931
 9077243
 9078373
 9078709
 9079234
 9079712
 9077060
 9078615
 9079392
 9080669
 9077343
 9076888
 9076749
 9079211
 9079223
 1323420
 9079910
 1243668
 9077046
 9078857
 9080060
 9077637
 9077258
 9057318
 9060529
 9061901
 9066439
 9064818
 1323535
 9067072
 9064663
 9065958
 9065144
 9067773
 9054921
 9074732
 9076692
 9080001
 9077237
 9078632
 9077593
 9080118
 1323425
 9076801
 9078364
 9077489
 9078965
 9054025
 9072083
 9073637
 9072390
 1312778
 1312782
 9076565
 9075009
 9075709
 1322295
 1240526
 9059666
 9059676
 9059679
 9059681
 9064917
 1381081
 9076834
 9079354
 9052864
 1381779
 9080455
 9076807
 9076929
 9079550
 9077308
 1305339
 9080248
 9076825
 9076840
 9076845
 9078875
 9079238
 1339986
 9077821
 9079004
 9003855
 9004480
 9004903
 9006341
 1243607
 9004711
 1381466
 1254240
 9070134
 9067666
 9068335
 9072644
 0978709
 9048707
 9055159
 9065252
 9070174
 9067540
 9073586
 9074668
 9073042
 9073061
 9073265
 9072694
 9071621
 9072177
 9076450
 9076218
 9075418
 9076313
 9075033
 9075991
 9075959
 9080438
 9079152
 9080590
 9080591
 9076684
 9079006
 9079812
 9080064
 9080246
 9080435
 9079799
 9078873
 9078185
 9079337
 9077331
 9078807
 9080207
 9080395
 9080506
 9080555
 9080560
 9080568
 9080606
 9077035
 9077903
 9079599
 9077283
 9076962
 9080368
 1240442
 9077880
 9080044
 9079451
 9078508
 9078760
 9076793
 9078867
 9077339
 9079292
 9079959
 9076884
 9077453
 9077656
 9076886
 1163458
 9074446
 9076632
 9052680
 9064099
 9067491
 9073196
 9075624
 9075501
 9048744
 9072742
 1341566
 1341576
 1387822
 9077830
 1387576
 9046181
 1387653
 9054787
 9058517
 9058751
 9057298
 9058093
 9061425
 9062687
 9065347
 9064190
 9065835
 9065926
 9065908
 9066292
 9070865
 9067274
 9070192
 9070408
 9069000
 9070431
 9068163
 9073267
 9071044
 9073680
 9071290
 9072991
 9072822
 9072372
 9072520
 9075993
 9076294
 1304508
 9075567
 9075313
 9080612
 9080641
 9077233
 9080149
 9077422
 9076887
 9079556
 9078027
 9077191
 9079103
 9077143
 9077327
 9078626
 9080202
 9079182
 1339988
 9077957
 9078208
 9078323
 1390984
 9078533
 9079946
 9074650
 9074689
 9061876
 9073612
 9074447
 9076603
 0978750
 9078870
 9078844
 9033775
 9045827
 9054447
 9061672
 9067689
 9068483
 9072340
 1366923
 9075565
 9076200
 9075818
 9077766
 9079629
 9080484
 9078695
 9077994
 9077819
 9079465
 9080026
 1010770
 9078978
 9077329
 1381766
 9056846
 9067680
 9070966
 9067287
 9073119
 9076559
 9060316
 9061224
 9064695
 9070849
 9070033
 9045220
 9054890
 9070653
 9071020
 9074227
 9074237
 9071745
 9075375
 9075870
 9077851
 9078068
 9080230
 9080544
 9080566
 9076701
 9079564
 9078489
 9080325
 9079651
 9076939
 9078899
 9077291
 9079040
 9077646
 9078914
 9080022
 9078353
 9078445
 9077535
 1366951
 9047342
 9046984
 9046356
 1243212
 1243213
 1390766
 1390767
 9047146
 1390783
 9049709
 9049721
 9052434
 9071307
 9080110
 9078822
 1382774
 9056066
 9062248
 9067267
 9071406
 1382766
 9071344
 1341618
 9076601
 9076489
 1387817
 9074910
 9078900
 1272845
 9076957
 9077092
 9077782
 1354852
 9058821
 1327066
 9064822
 9064656
 9067323
 1371466
 9067980
 9068391
 9071753
 9073480
 9073981
 9074260
 9076213
 9080639
 9079153
 9080053
 9077069
 9080152
 9079535
 9079253
 1010811
 1010823
 9077668
 9078654
 1163459
 9075299
 9075833
 9076255
 9079727
 9080355
 9079626
 1387839
 9035061
 9048706
 9058028
 1327063
 9061607
 9066395
 9063814
 9065190
 9069046
 1297677
 9070483
 9067444
 9074226
 9073338
 9072573
 9074621
 9072935
 9074359
 9071493
 9074838
 9079527
 9077459
 9079336
 9078685
 9077173
 9078906
 9079151
 9080545
 9076996
 9080504
 9077058
 9079562
 9077923
 9077255
 9078497
 9076907
 9077157
 9077221
 9040788
 9044825
 1382654
 1382653
 1382652
 9053831
 9054384
 9053333
 9057560
 9058205
 9056785
 9062067
 9062688
 9061276
 9060448
 9064674
 9065615
 9064492
 9063720
 9066042
 9070695
 9070944
 9072369
 9074265
 9074119
 9074146
 9073748
 1362224
 9075967
 9075493
 1381760
 9077028
 9077417
 9077670
 9078522
 9079787
 9079490
 9079494
 9079499
 9079509
 9078125
 9078287
 9078251
 1323431
 1323432
 1323433
 1010816
 9077874
 9080107
 9078513
 9078647
 9079659
 9079568
 9077229
 9006761
 9044147
 9053754
 9066377
 9064426
 9067257
 9070295
 9069651
 9069853
 9074756
 9073475
 9073865
 9073197
 9072263
 1324396
 9071261
 9071378
 9073482
 9073165
 9075082
 9075903
 1160955
 9075690
 9078365
 9078903
 9077891
 9078537
 9077261
 9078206
 9078213
 1010815
 9079338
 9077634
 9077827
 9060754
 9060973
 9059732
 9064239
 9074122
 9071843
 9071952
 9073679
 9072828
 0964873
 9076207
 9076468
 9080632
 9076924
 9080048
 9077870
 9077980
 9079720
 9080275
 9078401
 9077027
 9078192
 9079328
 1387841
 9076966
 9077805
 9078778
 9078141
 1291404
 9078539
 9076980
 9078376
 9078648
 9078961
 9079905
 9077663
 9078222
 9077775
 9077844
 9078672
 9077557
 9078577
 9077458
 9006730
 9029418
 9032162
 9036607
 9049951
 9052850
 9054853
 9056696
 9059212
 9057354
 9059854
 9062425
 9060441
 9060504
 9066360
 9063428
 9069683
 9069159
 9069372
 9070890
 9070288
 9074585
 9073701
 9073879
 9072426
 9074750
 9072363
 9071228
 9072248
 9071082
 9072342
 9075891
 1239851
 9076602
 9075555
 9076458
 9075175
 9075049
 9076096
 9080385
 9079087
 9076811
 9079209
 9079859
 9080546
 9078091
 9077033
 9079677
 9077202
 1312472
 9055707
 9065247
 9065160
 9073466
 9071685
 9076279
 9075274
 9075557
 9075363
 9075773
 9076708
 1387847
 9077724
 9079477
 9067560
 9073146
 1312706
 8996372
 9050496
 9053512
 9069109
 1387808
 9063758
 9072745
 9071238
 9073091
 9074357
 9074406
 9073322
 9076501
 9076683
 9078187
 9078989
 9079752
 9080602
 9077804
 9078038
 9077111
 9065863
 9061436
 9063253
 9060423
 9066048
 9066267
 9068516
 9069762
 1341451
 9067435
 1284458
 1191693
 1332957
 9073397
 1323165
 9071250
 9074041
 9071782
 9072498
 9074163
 9074869
 9075282
 9075323
 1341567
 9076025
 9076118
 9075812
 9075133
 9080078
 9077549
 9078400
 9078144
 9078955
 1236852
 9078485
 9078227
 9062300
 9066481
 9070081
 9075930
 9078528
 9079277
 9078384
 9079658
 9076705
 9076710
 9078490
 9077902
 1010820
 9050239
 9057882
 9061267
 9069443
 9070844
 9070892
 9070969
 1312687
 9072250
 9071659
 9071954
 9073095
 9071478
 9075509
 9075849
 9076041
 9075888
 9075691
 9076201
 9076308
 9076363
 9074850
 9076391
 9076567
 9076599
 9076625
 9076629
 9076634
 9076191
 9076034
 9075233
 9075470
 9075884
 9076079
 9075169
 9075367
 9075398
 1249066
 1249067
 9076488
 9075289
 9079415
 9076688
 9079945
 9078766
 9078635
 9079521
 9080228
 9080496
 9080514
 9080567
 9080572
 9076998
 9077338
 1332474
 9077932
 9076713
 9079893
 1323421
 9076719
 9076821
 9078779
 9078825
 9079502
 9079510
 9079573
 9078150
 9079472
 9079882
 9062073
 9068398
 9074435
 9071221
 1387833
 9076068
 9075372
 9078214
 9079576
 1272844
 9077734
 9077751
 9080254
 9079666
 9078939
 9079613
 9079714
 9077192
 9077053
 9079286
 9077559
 9079051
 9078133
 1163312
 1163457
 9079808
 1188777
 9046510
 1194553
 1194557
 9055523
 9074873
 9075381
 1381757
 9078714
 9078701
 9078540
 1327087
 9079143
 1010810
 9076874
 1305343
 1381792
 9050801
 9071395
 9072415
 1387834
 9080472
 9078749
 9079428
 9077632
 9077690
 9080056
 1387848
 9079074
 1293211
 9076722
 9077520
 9079148
 1010813
 9077312
 9050111
 9061710
 9066757
 9064832
 9069191
 9067854
 9068947
 9067291
 9070087
 9073430
 9072008
 1354744
 9071578
 9074583
 9071664
 9072859
 9073369
 9074437
 9072579
 9073132
 9073435
 9073043
 9073503
 9073516
 9076582
 9075629
 9075953
 9076094
 9076283
 9076584
 9076021
 1341574
 9076195
 9076534
 9075852
 9076586
 9075337
 9076514
 9076506
 9076570
 9075349
 9075020
 1324452
 9075757
 9075765
 9080040
 9079033
 9079632
 9077477
 9079972
 1354830
 9080109
 9080406
 9080429
 9079237
 9079841
 9077531
 9078118
 9079175
 9079819
 9077071
 9078425
 9077260
 9077620
 9077740
 9078092
 9078177
 9080050
 9080375
 9080390
 9080459
 9080550
 1387855
 9080063
 9078706
 9080310
 9078729
 9079424
 9079437
 9080176
 9077201
 9077671
 9078583
 9079110
 9078418
 9077361
 9077170
 9079459
 9067442
 9074718
 9074264
 9071464
 1371468
 9074780
 9074969
 9077050
 9077101
 9078116
 9076810
 9077746
 9079657
 9079378
 9079748
 9079767
 1368339
 9077315
 9077565
 9077907
 9078378
 1010808
 9077476
 9079194
 9079901
 9076950
 9077524
 9071426
 9071291
 1196783
 9074960
 9074965
 9079189
 9076829
 9076851
 1323426
 9078649
 1010817
 9079070
 9079186
 9074091
 9077755
 9077299
 9078722
 9079358
 9077311
 9078248
 9078512
 9026532
 9079043
 1323919
 9004500
 9013565
 1175442
 9036621
 9041359
 1126928
 9048163
 1236847
 9049489
 9072131
 9073006
 9071967
 9074074
 9072906
 1359048
 1236788
 9074021
 9071527
 9071730
 9076470
 9076413
 9075285
 9074901
 9075354
 9075194
 9075929
 9075099
 9075750
 1324397
 9079058
 9080384
 9078172
 9079342
 9079704
 9077249
 9079048
 9079371
 9076700
 9078129
 9078775
 9077158
 9077761
 9078205
 9076969
 9077073
 9080503
 9077836
 1358652
 1387840
 9078912
 9078102
 9077911
 9078054
 9078363
 9078730
 9078839
 9079323
 1236853
 1236866
 9077374
 9079390
 9080657
 9076885
 9076917
 9076944
 9076949
 9078369
 9079582
 9077139
 9079261
 9077971
 9078155
 9077241
 9077837
 1163474
 9076682
 9054838
 9056244
 9067116
 9065380
 9069172
 9067347
 9070435
 9068671
 9069508
 9072727
 9072321
 9074106
 9074056
 9071465
 1323300
 9071978
 9076668
 9075979
 1339878
 9079007
 9077810
 9076686
 9077588
 9076795
 9078269
 1284461
 9079385
 9080175
 9080419
 9076732
 9076744
 9078460
 9077407
 1196812
 9075345
 9080624
 1010804
 1010826
 9040465
 1194595
 9067614
 9076588
 9076591
 9080533
 9077687
 9079840
 9080486
 9080494
 9077375
 9077628
 9080281
 9078797
 9078130
 9077346
 9078890
 9076983
 9076984
 9078519
 9079432
 1330220
 1324128
 1324124
 1324352
 9042901
 9042911
 9048672
 9045823
 9046196
 9052371
 9053561
 1322294
 9053702
 9052982
 1203197
 9056826
 9056961
 1324361
 1324359
 9059598
 9060725
 9062701
 9063426
 9064840
 9068852
 9068190
 9070709
 9067589
 9074011
 9047701
 9047574
 9048853
 1381634
 1381635
 9055064
 9057429
 1381853
 1312693
 9008354
 9028311
 9052580
 9067120
 9073659
 9071701
 9072138
 9072787
 9073340
 9071147
 1381060
 1381594
 9073641
 9076222
 9076500
 9076284
 9075336
 9078189
 9078887
 9080080
 9080296
 9079834
 9080278
 9080405
 9078433
 9079762
 9078211
 9078660
 1163304
 9047215
 9051208
 1382678
 9049924
 1327054
 9053622
 9053748
 9055375
 9059519
 1323069
 1323096
 9056757
 9059232
 9056358
 9058651
 9056200
 9061508
 9062976
 9060194
 1323030
 9062402
 9061024
 9062195
 9065422
 1323510
 9063785
 9066943
 1376607
 9064521
 9065201
 9068539
 9068609
 9069269
 9070153
 9070740
 9069463
 9068577
 9070915
 9067952
 9069459
 9070952
 9071006
 9068470
 9067818
 9069358
 9069882
 9073189
 0964867
 9074295
 9074053
 9072956
 9072050
 9071317
 9073882
 9073893
 9073172
 9073649
 9074685
 9072041
 9075153
 9076310
 9075756
 9076452
 9076157
 9076910
 9078044
 9078264
 9080457
 9078909
 9077554
 9078188
 9076968
 9079435
 9078569
 1382679
 1387811
 9073783
 9029145
 9028456
 9043277
 9045309
 9054214
 9063543
 9070232
 9073152
 9074599
 9072785
 9072221
 9073082
 1390846
 9076049
 9074880
 9074964
 9075319
 9076783
 9077056
 9077354
 9079721
 9078680
 9077515
 9079717
 9077115
 9076814
 9078010
 9076987
 9078134
 9079313
 9077464
 9077807
 9076992
 9077032
 9076813
 9077951
 1381797
 1381763
 9066469
 9064102
 9071448
 9074776
 9076010
 9076414
 9076139
 9078981
 9080485
 9079438
 9080552
 9080338
 9079766
 9077938
 9079224
 1354784
 9054117
 1354854
 1354345
 9074007
 0964865
 9072257
 1354743
 9076116
 9079105
 9076728
 9078532
 9077240
 9078298
 9077521
 9077997
 9078354
 9078410
 9078550
 9077736
 9077662
 9080394
 9079192
 9080025
 9077140
 9077649
 9078529
 9080583
 9078670
 9078220
 9079025
 9079680
 9077429
 1387686
 9059324
 9057497
 1387743
 9064493
 9065069
 9066934
 9067005
 9063827
 1381494
 9070714
 9070455
 1387777
 9068926
 9069859
 9069555
 9072021
 9074610
 9073011
 9073437
 1387747
 9071557
 9071871
 9073492
 9074139
 1381055
 9073508
 9074152
 9074896
 9076747
 9077877
 9079732
 9080367
 9080262
 9077770
 9078132
 9079904
 9079397
 9080255
 9076685
 1163476
 9077466
 9062511
 9062627
 9061777
 9075646
 9076190
 9076345
 9011592
 9059210
 9067702
 1366855
 9074410
 9071466
 9074024
 9075889
 9075521
 9063343
 9070683
 9073342
 9071548
 9074305
 1198965
 9071190
 9076278
 9076227
 9077452
 9077456
 9078770
 9079031
 9078678
 9078964
 9078424
 9078721
 9080066
 1236855
 9077534
 9076723
 9078340
 9052593
 9057447
 9060650
 9060277
 9060935
 1240322
 9068669
 9070002
 9072205
 9072978
 9074168
 9079300
 9077749
 9077358
 1253914
 9053996
 9066918
 9074736
 9077334
 9079623
 9079938
 9032378
 9036229
 9054004
 9057218
 9062842
 9070675
 9068557
 9067529
 9068287
 9068356
 9074247
 9073054
 9074052
 9073945
 9073660
 9073226
 9071761
 9075067
 9074854
 9075711
 9075796
 9076621
 9076626
 9076159
 1387815
 9075302
 9075559
 9074957
 9080646
 9077070
 9078089
 9078270
 9078405
 9078421
 1354831
 9079508
 9079844
 9078487
 9077801
 9078547
 9079102
 9079759
 9080372
 9080554
 9080557
 9078020
 9079142
 9080194
 9080290
 0807098
 9078879
 1327094
 9078594
 9078725
 1305349
 9078713
 1323427
 9078161
 9076822
 9077335
 9077829
 9078175
 9077594
 9080068
 9079104
 9078414
 1163463
 1163469
 1253916
 9077175
 9048929
 9073156
 9072011
 9076336
 9075192
 9076736
 9077256
 9078623
 9080224
 9079874
 9079881
 1381764
 9049937
 9054844
 9054580
 9058354
 9062620
 1236758
 9066363
 9065172
 9064829
 9070525
 9069918
 9074020
 1381755
 1387849
 9078034
 9078916
 9077633





