16-07-12
 1381964
 9045013
 9055314
 9063654
 9070894
 9069540
 1387783
 9069190
 9068374
 9070722
 9073968
 1387809
 9067009
 9068531
 9068859
 9068918
 9068846
 9068887
 9072615
 9073795
 9073723
 9072719
 9071435
 9073531
 9056716
 9066201
 1366991
 9068945
 1341468
 9067359
 9067265
 9073731
 9073781
 9071294
 9072060
 9072830
 9074241
 9074344
 9073877
 9073477
 9074008
 9071196
 9071245
 9071316
 9074177
 9074656
 9074677
 9074751
 0994510
 9072243
 9072904
 1323407
 9072328
 9073321
 9074766
 9072736
 9073284
 1243231
 1243240
 1243244
 9071314
 9071736
 9072048
 9074438
 1163983
 9071071
 1359478
 9073096
 9072814
 9073632
 9073582
 9074529
 9072548
 9073603
 1243242
 9071985
 9073835
 1196784
 9071485
 1126846
 1284415
 9049305
 9049397
 9049497
 9051035
 9049755
 9053213
 9053497
 9056829
 1339973
 9070266
 9068662
 9063512
 9063513
 9068893
 9070962
 9068530
 9070443
 9068433
 9069471
 9070872
 9070876
 9070939
 9070940
 9070983
 9068768
 9069504
 9069948
 9068892
 9068903
 9061011
 9061394
 9062251
 9064644
 9065764
 9065776
 1320015
 9070522
 9073422
 9074093
 9072171
 9072013
 1243236
 9074097
 9071311
 9071752
 1381070
 9071415
 9070347
 9068697
 9067244
 9045936
 9051637
 9056531
 9064188
 9067171
 9064750
 9068997
 9069966
 9070688
 9070631
 9070832
 9070847
 9070783
 9067394
 9068821
 9070681
 9068905
 9071163
 9073498
 9074197
 9074711
 9072554
 9072125
 9072740
 9073380
 9073511
 9074436
 9074439
 9074672
 9073007
 9071178
 1323181
 9073815
 9074596
 9074652
 9074670
 9074712
 9073615
 9073249
 9073560
 9073623
 9071338
 9072483
 9072497
 9072907
 9073023
 9072058
 9073343
 9071820
 9071919
 9071815
 9073771
 9071721
 9072898
 9072914
 9061215
 9061578
 9063875
 9067073
 9034446
 1387583
 9055982
 9063272
 9066178
 9067014
 9068964
 1341462
 9053225
 9056486
 9057293
 9062269
 9062601
 9067048
 9066179
 1322360
 9072757
 9073820
 9074166
 9073169
 9072445
 9074082
 9072353
 9072651
 9072334
 1390955
 9056463
 9059476
 9061837
 9064522
 9046360
 0978744
 9019097
 9052868
 1291923
 9070445
 9070655
 9070537
 9068380
 9071355
 9071199
 1323168
 9073287
 9074734
 9072754
 9074671
 9071840
 9072703
 9073792
 9071543
 9073170
 9074428
 9052432
 9064320
 9069931
 9068910
 9061668
 9062838
 9056810
 9063699
 9065829
 9065832
 9064773
 9064979
 9067487
 9068125
 9070839
 9068758
 9067535
 9069367
 1284457
 9067343
 9070748
 9070811
 9070982
 9070989
 9069598
 9068249
 9070322
 9068251
 9067808
 9069839
 9067448
 9071912
 9071110
 9074282
 9074622
 9072824
 1323171
 1323172
 9071532
 9072427
 9071374
 9072269
 9072026
 9072038
 9071837
 9071606
 9074142
 1379226
 9072741
 9071224
 9073300
 9074413
 9055444
 9058356
 9066335
 9064042
 9063865
 9070775
 9068212
 9068781
 9073620
 9074455
 9072750
 9073298
 9074062
 9072665
 9073282
 9073645
 9064556
 9070230
 9069252
 9067906
 9068020
 9074051
 9071814
 9073140
 1387798
 9073390
 9071770
 9072772
 9071562
 9071223
 9071856
 9074340
 9068558
 9067485
 9072279
 9073961
 9072550
 9073288
 9074537
 9060670
 9060859
 9061303
 9066129
 9066727
 9064125
 1188058
 1297673
 9065298
 9063868
 9064945
 1354741
 9068222
 9070012
 9070107
 9070727
 9069481
 9068261
 9068691
 9067732
 9067332
 9068867
 1322363
 9071060
 9072751
 9072264
 1312728
 9073433
 9072826
 9074009
 9071236
 9072418
 9071963
 9073155
 9073279
 1390954
 9071074
 9071428
 9071158
 9072835
 1323296
 9071350
 9072092
 9073268
 1126926
 9045037
 9049770
 9049695
 1381601
 9054079
 9053519
 9054819
 9052637
 9056765
 9061503
 9062394
 1368326
 9060379
 9060610
 9066931
 9064348
 9063466
 9064559
 9069901
 9068014
 9070759
 9069461
 9069976
 9068132
 9069736
 9070274
 9070949
 9071862
 9073015
 9051937
 9069077
 9068806
 9069271
 9067329
 9071938
 9071982
 1164396
 9071304
 1382629
 9044955
 9068264
 1341471
 9069638
 9069928
 1291939
 9069507
 9071458
 9072459
 9073179
 9074096
 9074170
 9072544
 9049618
 9051132
 9049422
 9052487
 9052756
 9057540
 9061440
 9062589
 9060989
 9068701
 1387789
 9051876
 9052116
 9056004
 9065194
 9065273
 9064403
 9074208
 9071384
 9074735
 9074467
 9041525
 9047130
 9051103
 9049186
 9056660
 9057901
 9058064
 9056496
 1196758
 9059876
 9062398
 1284362
 9061534
 9060606
 9060720
 9067004
 9064735
 9063483
 9066825
 9066067
 9063834
 9064124
 9065795
 9066146
 9068101
 9070219
 9070285
 9068823
 9068946
 9071443
 1341616
 1323182
 9074256
 9072628
 9042273
 9055209
 9057426
 9059283
 9062592
 9066402
 9063552
 9065989
 9068315
 9069151
 9069456
 9068886
 9070073
 9070078
 1243225
 9067731
 9074720
 9073974
 9073296
 9072272
 9072278
 9073423
 9074164
 9074657
 9071411
 9074627
 9073740
 9071429
 9071319
 9071609
 9060934
 9065783
 9063682
 9066350
 9066075
 9065843
 9066519
 9064110
 1198840
 9070027
 9067488
 9067538
 9067975
 1312674
 9067583
 9071496
 9073928
 9074582
 9074634
 9074693
 9071693
 9073318
 9072439
 9074113
 1312716
 9072494
 9071513
 9073107
 9073116
 9071430
 9074721
 9068952
 9057294
 9064473
 9066641
 9073443
 9074396
 9074401
 1366920
 1240333
 9071418
 9073302
 9073005
 1387805
 9072438
 9073661
 9072718
 9045416
 9055640
 9058657
 9059698
 9062193
 9061745
 9062809
 9064613
 9064368
 9064582
 9063905
 9064178
 9066236
 9067164
 9066504
 9065183
 9068402
 9068429
 9070808
 9070616
 9068313
 9068215
 9068158
 1291750
 9069366
 9068256
 9069230
 9070836
 9068703
 9069460
 9069025
 9072583
 9072891
 9071943
 9074088
 9074307
 9074334
 9073537
 9071150
 1341551
 1341559
 9073325
 9073068
 9073589
 9074709
 1387750
 9074728
 9071367
 9072663
 9073075
 9074125
 9071583
 9071776
 9072796
 9073290
 9073392
 9073044
 9072708
 9073780
 9074040
 9074132
 1249063
 9073553
 9048524
 9060276
 9065378
 9065621
 9066853
 1366981
 9064111
 9067344
 9074076
 9074084
 9074333
 1323403
 9071779
 9072406
 9072437
 1381595
 1381091
 9067640
 1291957
 9070025
 9071141
 9071524
 9072045
 9072456
 9071206
 9071069
 9063555
 9069637
 9067912
 9074085
 9072002
 9073335
 1339904
 9073016
 9074017
 1323159
 9063451
 9063629
 9063534
 9070181
 9070186
 9068696
 9070742
 1341481
 9059389
 9059836
 9064339
 9067367
 9067456
 9070015
 1161711
 9070163
 9073619
 9071950
 9071092
 9071332
 9072075
 9072234
 9072588
 9073135
 9073311
 9073944
 9073676
 9071235
 9072091
 9072552
 9073785
 9073309
 9071272
 9073808
 9074257
 9072133
 9073994
 9074607
 9074708
 9071516
 9074393
 1387804
 9073621
 9073807
 9072095
 9071491
 9071607
 9071614
 1236789
 9071656
 9073129
 9071207
 9071723
 9073579
 1284414
 9067219
 9067684
 9070682
 9074719
 9071454
 9072127
 9074630
 9074612
 9071836
 9074569
 9073275
 9071732
 9071698
 9074686
 1291928
 9065689
 9073319
 1164398
 9068280
 9067406
 9069898
 9073389
 9073086
 9074563
 9074609
 9074640
 9073726
 9071876
 9072217
 9073363
 9073796
 1382758
 9044595
 9051549
 9058642
 9062621
 9064789
 9066056
 9066502
 9069250
 9069750
 9068865
 9070264
 1381597
 9058792
 9065630
 9065313
 9067750
 9069059
 9070891
 9069497
 9068123
 9073591
 9074474
 9074681
 1366918
 9072786
 9072400
 1381068
 9071520
 9043226
 9058768
 9057599
 9060315
 9060888
 9063971
 9064136
 9064641
 1236787
 9066142
 9067263
 1341455
 9067945
 9069796
 9069418
 9068007
 9068072
 9067855
 9069946
 9071340
 9072657
 9071872
 9072627
 9073051
 9074625
 9071149
 9072046
 9073441
 9072975
 9072690
 9072470
 9043749
 9056094
 9055975
 9063162
 9065421
 9066091
 9067364
 9068939
 9067903
 1341480
 9070576
 9067807
 9069073
 9068181
 9071144
 9071945
 9071501
 9072901
 1341560
 9072352
 9072998
 9073910
 9072167
 9073929
 9071212
 9071521
 9071164
 9072838
 9071733
 9072845
 9074217
 1381075
 1381857
 1354903
 9059251
 9065112
 9067016
 9069203
 1354738
 9069984
 9070136
 9067474
 9070860
 9071024
 9073426
 9072452
 9074383
 9074476
 1305320
 9064138
 9065110
 9067054
 9065686
 9069311
 9069058
 9068207
 9069549
 9072908
 9073350
 9073271
 9074055
 1198953
 9073695
 9074324
 9072082
 9071747
 9042860
 9059057
 9059723
 9060726
 9065545
 9064851
 9067095
 9066663
 1381648
 9070460
 9069506
 9074038
 9067169
 9067301
 9068476
 9071003
 9068712
 9054476
 9063038
 9065518
 0978731
 9063872
 9066216
 1240945
 9071031
 9068962
 9068747
 9068162
 9067837
 9071115
 9073797
 9074617
 1341552
 1239449
 9074586
 9074669
 9074763
 9073939
 9072603
 9073763
 9073344
 9072108
 1324318
 9056402
 9061600
 9066443
 9063467
 9064803
 9063656
 9063737
 9065286
 9070854
 9068723
 9067821
 9046298
 9046165
 9051255
 9055297
 1160316
 9057965
 9072760
 1381585
 9052743
 9069432
 9069319
 9047122
 9047484
 9049885
 1359195
 9057626
 9057074
 9062529
 9060000
 9061157
 9060149
 1324062
 9066492
 1323516
 9066798
 9065823
 9066420
 9063842
 9066936
 9066210
 1390971
 9067883
 9069189
 0964813
 9070560
 9067484
 9067858
 9069546
 9070660
 9070666
 9068475
 9068549
 9069669
 9070615
 9070992
 9070998
 9071001
 9070778
 9070929
 9067399
 9068046
 9073026
 9071904
 9074644
 9072218
 9072358
 9072802
 9074426
 9071471
 1341558
 9071456
 9072357
 9072774
 9073884
 9073993
 9073931
 9074161
 9074660
 9074757
 9074759
 9072521
 9073010
 9073588
 9073245
 9072139
 9072068
 1305314
 9073014
 9073277
 9074243
 9072555
 9071258
 9071855
 9071528
 9073034
 9073364
 9072505
 9072592
 9072696
 9073087
 9073595
 9071787
 9074050
 9074165
 1243245
 9071175
 9072289
 9073219
 9073634
 9050565
 9056296
 9068622
 9069196
 9069198
 9068916
 9073787
 9074325
 9073958
 9071104
 9073112
 9073946
 9074060
 9074638
 9074646
 9074485
 1390848
 9073996
 9071762
 9038568
 9050059
 1240436
 9071273
 1243246
 1390956
 9048261
 1291918
 9048987
 9054485
 9054012
 9064567
 9070376
 9070825
 9071970
 9072241
 1371471
 1362225
 9074246
 1390953
 9063946
 9064870
 9059887
 9072801
 9074715
 9072539
 9074682
 9074730
 9071297
 9074121
 9074169
 9072132
 1387698
 9073258
 9073418
 9072481
 1387827
 9065408
 9066901
 9064093
 9074475
 9074645
 9074725
 9071360
 9071618
 9075950
 9076553
 9047735
 9051597
 9058661
 9058678
 9058873
 9058886
 9058903
 9063163
 9059971
 9061352
 9072641
 9073682
 1323177
 9074594
 9073581
 9071324
 9073008
 9071248
 9074580
 1366851
 9071729
 0978746
 9075774
 9075978
 9076616
 9075186
 9076259
 1323414
 9074914
 9075032
 9074954
 9075122
 9075430
 9073636
 9074929
 9060808
 1323290
 9067325
 9067426
 9071197
 9074871
 9069388
 9076051
 9075021
 9074962
 9058343
 9062774
 9072432
 9073700
 9074309
 9074673
 9072572
 9049841
 1387774
 9031741
 9043295
 1240597
 9050174
 9057504
 1390792
 9059581
 1379623
 9061481
 9061150
 9066012
 1240326
 1240321
 9064811
 9064075
 9069030
 9069808
 1240334
 9069310
 9067368
 9069880
 9067457
 9069094
 9071112
 9071588
 9073230
 9072225
 9074316
 9071999
 9073578
 9071469
 9071474
 1240336
 9075234
 9069526
 9073329
 9073881
 9075694
 1323410
 9075807
 9042728
 9046475
 1393561
 1393562
 9065945
 9065374
 9066671
 9067125
 9065718
 9068934
 9063733
 1381650
 9068448
 9053787
 9059437
 9059407
 9060879
 9064199
 9065114
 9069218
 9068663
 9067557
 9069365
 9070678
 9070690
 9067782
 9070452
 9068089
 9073399
 9073696
 9073714
 9074221
 9074271
 0964823
 1312783
 9071552
 9071253
 9072410
 9073669
 9072567
 9071217
 9074483
 9074487
 1196774
 9073540
 9075962
 9074856
 9075504
 9076069
 9076205
 9076237
 9076268
 9076381
 9076492
 9076521
 9076598
 1341586
 9076133
 9075489
 9076546
 9076615
 9076618
 9075481
 9076144
 9076551
 9075007
 9075010
 1160762
 9075114
 9075407
 9076148
 9076163
 9042098
 9057279
 9058082
 9061549
 9067032
 9067079
 9068307
 9069225
 9070249
 9068687
 9073036
 9073417
 9071200
 9071376
 9071436
 9072764
 9074623
 1387797
 9071388
 9071677
 9074697
 9071153
 1390957
 9076637
 9075960
 9075642
 9075995
 9075612
 9075403
 9076330
 1387818
 9074937
 9074982
 9059946
 9064483
 9070094
 9074289
 9074484
 9074716
 9073811
 9071202
 9071626
 9071637
 9071671
 9072607
 9071390
 1249064
 9073215
 9073114
 9072864
 9075695
 9057602
 9072563
 9075497
 9076311
 1393448
 9075946
 9076185
 9075189
 1339875
 9067471
 9070247
 9065599
 9073444
 9072391
 9076531
 9042064
 9054675
 9053687
 9057171
 9063026
 9061135
 9063390
 9066324
 9063727
 9067959
 9072687
 9072833
 9072564
 9073805
 1324392
 9072473
 9073912
 1332960
 9075219
 1239820
 1239824
 1291971
 9075163
 9076063
 9063410
 9063644
 9064597
 9067288
 9068875
 1341553
 9071765
 1240325
 1240332
 9071140
 9071174
 9071342
 9072534
 9048214
 9060480
 9063526
 9065938
 9064070
 1390975
 1243228
 9065257
 9068848
 9068603
 9070390
 9070835
 9070871
 9074109
 9074486
 9074661
 9074687
 9074752
 9071644
 9073848
 1323295
 9071847
 9076198
 9074919
 9075380
 9075682
 9076423
 9076645
 9074890
 1323409
 9074997
 9075527
 9057935
 9061324
 9061261
 9064161
 9069330
 9073806
 1341557
 9074706
 9073145
 9073932
 9072645
 9071192
 1194780
 9046816
 1194581
 9050906
 1390777
 1390781
 9059586
 1390795
 1126958
 9064040
 9064317
 9069501
 9070026
 9073922
 9072424
 9072574
 1291947
 9071362
 9074840
 9074842
 9074851
 9076377
 9075235
 9073577
 9055181
 9057913
 9060485
 9062249
 9061061
 9063888
 9064826
 9064187
 9065007
 9069107
 9068972
 9072233
 9073711
 9072134
 9072647
 9071462
 9074189
 9072683
 9073800
 9073041
 9073050
 9074647
 9074727
 9072016
 9071246
 9071744
 9072275
 9072528
 1163982
 9071073
 9071410
 9073580
 9076465
 9075834
 9075047
 9075452
 9076623
 9076635
 9076097
 1387821
 9075139
 9075050
 9075416
 9040251
 1382651
 9049966
 9057030
 9060881
 9062546
 9064172
 0964822
 9068148
 9069268
 1379224
 9068263
 9069284
 9074347
 9074039
 9072072
 9071186
 9073990
 9071941
 9072678
 9072970
 9071284
 9074360
 9072213
 9075013
 9075300
 9075132
 1354662
 9060548
 1249958
 9066456
 9064380
 9063711
 9066393
 9070463
 1387779
 9067601
 9069022
 9067793
 9071870
 9072413
 9074081
 9074349
 9074365
 9073943
 9074098
 9071585
 9073658
 1323404
 1371469
 9073184
 9071208
 9071704
 9071422
 9072135
 9074175
 1328377
 1381802
 9076246
 9076091
 9075412
 1304550
 1160753
 9075644
 9075885
 9034194
 9053901
 9058271
 9057478
 9061458
 9060923
 9065860
 9070671
 9069318
 9068626
 9070543
 9072159
 9072923
 9072288
 9071857
 1387699
 1387807
 9072227
 9072088
 9073788
 9071439
 9072596
 1387832
 9075554
 1381756
 9053146
 9063381
 9063817
 9067057
 9069166
 9070065
 9068884
 9067844
 9068782
 9073706
 9074228
 9072061
 9073936
 9074489
 9074717
 9074764
 9074765
 9071553
 9072983
 9074678
 9017126
 9017449
 9017134
 9020314
 9021250
 1194769
 9018693
 9033689
 1379934
 1249128
 9049350
 9049901
 9065511
 9072317
 9071219
 9052385
 9059553
 9057733
 9064756
 9067337
 9070889
 9074362
 9074684
 9072300
 9073844
 9076288
 9076644
 9075650
 9056003
 9061722
 9064643
 9064543
 9063502
 9063882
 9068591
 1291960
 9068218
 9067564
 9067874
 9069325
 9067356
 9068546
 9069985
 9071353
 9072635
 9074654
 9072444
 9071586
 9074280
 9071220
 1243241
 1163980
 9071731
 9071080
 9074722
 9075864
 9075443
 1341585
 1341587
 9075820
 9064614
 9069819
 9072035
 9071748
 9074127
 9072335
 9073687
 9074069
 9071461
 9032549
 9043933
 9066647
 9064217
 9063592
 9068561
 9070348
 9067664
 9069352
 9067360
 9067633
 9067926
 9072602
 9073326
 9071882
 9072972
 9073978
 9073163
 9071321
 9072547
 9071449
 1354827
 9076613
 9054910
 1198938
 9067177
 9065288
 9069202
 9069539
 9069850
 9067335
 9074688
 9072455
 9072258
 9072733
 9073914
 9074245
 1164393
 9073201
 1324387
 9073520
 9076104
 9076362
 9075945
 9076156
 1387819
 9075701
 9030103
 9030265
 9038094
 9041392
 9044539
 9047786
 9049803
 9058467
 9062872
 9061493
 9061791
 9060698
 0964816
 9073379
 9074252
 9072984
 9072316
 9073972
 9073605
 9073639
 9071750
 9072748
 9072458
 9076594
 9076004
 9076077
 9075551
 9055907
 9059530
 9066202
 9067035
 9064924
 9063581
 9070754
 9069576
 9067580
 9067824
 9068817
 9068834
 9072789
 9071404
 9071187
 1387651
 9067784
 9069849
 1291949
 1164397
 1126871
 9052376
 9065402
 9067213
 9068021
 9070104
 9070506
 9067778
 9071010
 9071011
 9067746
 9069069
 1191694
 9070324
 9070469
 9072531
 1291966
 1366861
 9071564
 9072064
 9071214
 9071482
 9074400
 9071124
 9075631
 1341581
 9074848
 9075030
 9075156
 9075447
 9043727
 9057670
 9056956
 9059731
 9070187
 9070164
 9073314
 1382643
 1382645
 9071167
 9071349
 9072815
 9075579
 9075176
 9075179
 9074603
 9049061
 9050248
 9070833
 9071279
 9072079
 9074878
 9076316
 9075536
 9075663
 9071500
 9071998
 9072482
 9052693
 1160313
 9059667
 9066636
 9068584
 1341470
 9073434
 9074037
 9074477
 1387796
 1128577
 9071821
 9035551
 9058408
 9062766
 9070527
 9070885
 9067741
 9070237
 9067573
 1312669
 9070518
 9067997
 9072219
 9072087
 9074590
 9072966
 9073141
 9073530
 9074002
 9073045
 9071914
 9073895
 1312723
 9071232
 9071498
 9071497
 9071505
 9071794
 1243239
 9073633
 9073260
 9071561
 9072189
 9072779
 9073223
 9073933
 9075844
 9075887
 9076285
 9076371
 9076375
 9074887
 9074911
 9076538
 9075641
 9075838
 1188070
 9074923
 9075486
 9075648
 9075703
 9075499
 9076338
 9074893
 9074925
 9075382
 9075746
 9076526
 9076110
 9076131
 9051528
 1354804
 9057751
 9060911
 9063893
 9064609
 1341465
 1387778
 9072126
 9071128
 9076425
 9075785
 9075787
 9075653
 9075775
 9076544
 9076600
 9075769
 1365761
 9075697
 1387770
 9067404
 9074774
 1387749
 1387801
 9073708
 9074422
 1324391
 9071806
 9073672
 9076550
 1387816
 1379643
 9076216
 9075355
 9075705
 1339880
 9075250
 9068079
 9070602
 9067917
 9070054
 9074101
 9074230
 1390847
 9055920
 9061521
 9067033
 9070973
 9070199
 9070258
 9070796
 1291961
 1291962
 1253806
 9070947
 9072380
 9074154
 9074592
 1387810
 1381066
 9075892
 9075275
 9075404
 9075157
 9059583
 9062785
 9063853
 9069810
 1341483
 9067624
 9070082
 9070269
 9069522
 9070180
 9073353
 9072962
 9074390
 9072401
 9071305
 1328280
 9074141
 9074148
 9076512
 9076272
 9075854
 1341594
 9075095
 9075737
 9076078
 9075664
 1362230
 1387678
 9053473
 9057461
 9064530
 9065881
 9063571
 9068774
 9070225
 9070402
 9070893
 9067411
 9071277
 9073964
 9072262
 9074336
 1387803
 9073614
 9073539
 9072169
 9075933
 9076636
 9074837
 9075121
 9075626
 1341570
 1341582
 1341588
 1341592
 9076005
 9074868
 9075549
 9075902
 1390693
 9076367
 1381855
 1381858
 1381801
 1381073
 1381773
 1381774
 1381776
 9067815
 9071825
 9076250
 9067151
 9066953
 9067495
 9070802
 9073458
 9072299
 9071463
 9073101
 9072318
 1312709
 9073561
 9073089
 9074779
 9076660
 9075968
 9075582
 9076619
 9075387
 9050694
 9061614
 9066386
 1387768
 9067281
 9072004
 9073542
 9071853
 9075016
 9075638
 9076107
 9075615
 9075205
 9075698
 9075745
 9075620
 9056216
 9062152
 9062903
 9066045
 1322351
 9068292
 9069293
 9067369
 9072704
 9073059
 9072944
 9071264
 9072920
 1240455
 9073925
 9072954
 9075938
 9076442
 9076611
 9044680
 9059416
 9072712
 9053978
 9053234
 9059989
 9061539
 9062048
 9060673
 9066140
 9066612
 9070303
 9073911
 9072435
 9074628
 9074235
 9074651
 9072349
 9072051
 9072302
 9076554
 9075768
 9075344
 9075286
 9075625
 9070856
 9070677
 9069272
 9074771
 9074102
 9071683
 9072485
 9073951
 9073370
 9073779
 1198967
 9072561
 9073791
 9075177
 9013152
 9052423
 9062503
 9061012
 9066609
 1387758
 9063765
 9064673
 9069213
 9070741
 9069811
 9068289
 9069121
 9067490
 9073918
 9072396
 9073124
 9074402
 9074591
 9074700
 9074755
 9071863
 9074619
 9072488
 9073202
 9073224
 9073559
 9071298
 9073606
 9073930
 9076202
 9076664
 9076666
 9075964
 9075716
 9076192
 9076347
 9076557
 9075776
 9075779
 9075216
 1341617
 1341568
 1341569
 9075472
 9076304
 9074843
 9075926
 9076627
 9076647
 9076648
 9076357
 1387826
 9074847
 9076266
 9075136
 9075401
 9075898
 9075131
 9076183
 9074968
 9060651
 9072286
 9074675
 9073920
 9073233
 9076325
 9076333
 9075012
 1304512
 9075445
 9070668
 9068154
 9075330
 9075377
 9071202










