16-07-02
 1010975
 8988183
 8995188
 1381009
 9024723
 9024742
 9024754
 9028851
 9008826
 9021396
 9025053
 9025724
 9022188
 9025669
 9029522
 9029735
 9026570
 9027065
 9027473
 9027969
 9028769
 9028840
 9029585
 9029693
 9031298
 9032487
 9031789
 9032610
 9030325
 1366418
 9023824
 9023303
 9029355
 9027977
 9027893
 9031463
 9031330
 9032697
 9030949
 1387481
 1387493
 9031621
 9031422
 8992497
 9004863
 9006819
 9006830
 9005588
 9006913
 1239749
 1379460
 9011216
 9019284
 9024933
 9023669
 9022654
 9022288
 9024326
 9022746
 9021845
 9026162
 1239507
 9026317
 9028963
 9029524
 1175499
 9029570
 9025957
 9028065
 9029154
 9031018
 9031367
 9031388
 9032142
 9031203
 9031613
 9030934
 9032692
 9032820
 9033548
 1323764
 9032356
 9032912
 9033035
 9031426
 9031772
 9032577
 9032689
 9032821
 9030564
 9033249
 9032698
 9030343
 9031370
 9033201
 9033211
 9030001
 9030511
 9030296
 9029995
 9030007
 9030665
 9031636
 9030942
 9031067
 9030263
 9022901
 9027020
 9023593
 9026114
 9004358
 9009664
 1336119
 9015174
 9018964
 9021570
 9025298
 9009016
 9022698
 9017059
 9024858
 9026824
 9027662
 9027837
 9032035
 9032677
 9033009
 9031081
 9033084
 9031239
 9031046
 9030718
 9032137
 9030223
 8990155
 1305119
 9000321
 9001701
 9006862
 9004090
 9008953
 9007473
 1379471
 9012079
 9012601
 9011217
 9012375
 9023398
 1188255
 9024944
 9025027
 9025390
 9028634
 9029056
 9027946
 9028007
 9030399
 8978314
 8977898
 1366416
 8993741
 9010395
 9024284
 9021821
 9024005
 9023435
 9028761
 9028701
 9025982
 9026937
 9028855
 9030251
 9031802
 9031704
 9031712
 9031838
 9030210
 9030230
 9002780
 1364196
 9005649
 9006874
 9008234
 9009272
 9010178
 1361101
 9008947
 9008835
 9014072
 1332353
 9018306
 9032303
 9030638
 9031427
 9030699
 9030751
 9030735
 9032115
 9032246
 9030628
 9031166
 9031490
 1254269
 9030227
 9030273
 9030827
 9009398
 9024473
 9027856
 9026600
 1332039
 9025083
 1217731
 9022452
 9025173
 9028396
 1188257
 9028173
 9028006
 9025927
 9001154
 9006789
 9012536
 9016760
 9015650
 9018845
 9020855
 9017662
 9023768
 9025650
 9025837
 9024687
 9025366
 9023956
 9026911
 9028331
 9028407
 9029649
 9028093
 9026033
 9026671
 1239696
 9026308
 9027648
 9029345
 9029024
 9028923
 9026727
 9030160
 9031552
 9031860
 9032154
 9032413
 9032548
 9030915
 9031459
 9033255
 9033259
 9033647
 9031576
 9031761
 9032051
 9033390
 9030261
 9031320
 9031820
 9033250
 9033446
 9030992
 1323762
 9030784
 9031705
 9032675
 9032693
 9033024
 9033194
 9033607
 9030173
 9030559
 9031364
 9031673
 9032773
 9033083
 9033544
 9031093
 9031451
 9032397
 9030527
 9031592
 9031102
 9030593
 1339810
 9030696
 9009683
 9009339
 9010399
 9016241
 9021019
 9020654
 9018698
 9024120
 1336146
 1336149
 9026544
 8988816
 9009437
 9013006
 9020848
 9024837
 9024026
 9023925
 9014330
 9016535
 9018089
 9019726
 9023454
 9025356
 9029542
 0977080
 9027175
 9011881
 9023488
 9026786
 9027141
 9030426
 9033441
 8995193
 8995211
 1387087
 8999132
 9001182
 9012077
 9011790
 9013623
 1339852
 9015765
 9016222
 9018082
 1387426
 9020441
 9017890
 9017499
 9018855
 9020014
 9022734
 1387450
 9024706
 9024950
 9022348
 9024011
 9025056
 1336171
 1390934
 9028710
 9029264
 9029161
 9029532
 9026801
 9026573
 9028154
 9029299
 1304241
 9026917
 9028611
 9027299
 9033293
 9032850
 9032228
 9032957
 9030754
 9033325
 9031702
 9030571
 9031196
 9032889
 9032906
 1390804
 9025328
 9024827
 9025379
 9025327
 9008139
 9024255
 9028600
 9029393
 9033727
 9029979
 1291897
 9020845
 9020953
 1324268
 9017270
 9022927
 9023561
 9024613
 9028608
 9026374
 9029286
 9029541
 9027709
 9026382
 9030196
 9031019
 9031966
 9019630
 9022523
 9028289
 9026090
 9028017
 9026685
 9002940
 9004981
 9021573
 9021371
 1390920
 1390924
 9023822
 1390926
 8998000
 9010480
 9016912
 1323323
 9020794
 9020334
 9025016
 9024049
 9028282
 9026634
 9029740
 9026444
 9030391
 9031506
 9032166
 9030579
 9031152
 9031601
 1323972
 9030369
 9032097
 9033345
 9033438
 9032919
 9033242
 9031566
 9031273
 9033277
 1198822
 9030433
 9032366
 9032696
 9030243
 9030324
 9030586
 9032901
 1163955
 9017652
 9018677
 9023174
 9029033
 9027060
 9027695
 9026826
 9028948
 9030075
 9031409
 9032972
 9033176
 9033525
 9031935
 9032442
 9001464
 9005971
 1387312
 9020672
 9024162
 9024314
 9024765
 9027995
 1332393
 9029202
 1354509
 1354543
 9029109
 9027706
 9027841
 9028364
 9026800
 9028599
 9027073
 9028013
 1126855
 9033091
 1223645
 9031302
 9032411
 9030642
 9032458
 9030147
 9032449
 1387465
 1387466
 1387500
 9031923
 9031765
 9030471
 9033710
 9030462
 9031214
 9031454
 9032448
 9033005
 1390801
 1381666
 9024722
 9025294
 9025623
 9028487
 9031806
 9031893
 9014896
 1304152
 1188369
 9017554
 9018120
 9018072
 1175460
 9023812
 9029224
 9029534
 9026674
 9032311
 9030621
 9030943
 9033383
 1165425
 9030356
 9033261
 9031730
 9030484
 9030944
 9033349
 1175409
 9033654
 9031000
 9030745
 9031218
 8989169
 1339746
 9012979
 9017410
 9024564
 9021936
 9024224
 9029086
 9029417
 9027798
 9033736
 9031417
 9032660
 9032832
 9033337
 9031428
 9033258
 9031086
 9033447
 9030146
 1175423
 1175425
 1175428
 9033522
 9030864
 9031473
 9031949
 9032833
 1381682
 9031614
 9032432
 9006893
 9014187
 9028086
 9031213
 9031197
 9033071
 9030099
 9033180
 1175410
 1339658
 8991442
 9003106
 1368667
 9007067
 9004774
 9004145
 1387301
 9014129
 9012524
 9015337
 9016570
 9017678
 9018176
 9017714
 9023528
 9025839
 9024865
 9024863
 9024890
 1234225
 9022657
 9025076
 9022681
 9024634
 9022710
 9022736
 9024102
 9028876
 9027872
 9028706
 9028771
 9028780
 9029018
 9028157
 9027416
 9026542
 9027699
 9030449
 9030100
 9030078
 9031104
 9030335
 9033086
 1387470
 1387478
 1387484
 1387503
 1387504
 9030734
 1304156
 9031449
 9032180
 9030899
 9030663
 9017383
 9018153
 9017191
 1126322
 9022689
 9025725
 1223635
 9028962
 9029666
 9028363
 9026469
 1390940
 1381268
 1202843
 9033738
 9032068
 9032921
 9030780
 9031122
 9031493
 9030819
 9030881
 9031589
 1387471
 1387475
 9031514
 1366130
 9033122
 9033130
 9033184
 9030034
 9030740
 9031039
 9032079
 1381685
 9031132
 9031263
 8998152
 9007833
 9011941
 9016244
 9018835
 9017726
 9019442
 9020261
 9020542
 9025413
 9022678
 9021915
 9028653
 9029409
 9027177
 0775878
 9029014
 9032643
 9033620
 9030675
 9033333
 9030897
 9031001
 9031695
 9032220
 9032878
 9031964
 9030497
 9030131
 9013571
 9021185
 9023879
 9027954
 9028454
 9027556
 9026761
 9031523
 9033711
 9030319
 1243573
 9013696
 9023673
 9027351
 9003868
 9005422
 9007820
 9011022
 9021575
 9025281
 9022500
 9026875
 9029384
 9029419
 9027881
 9029761
 9029773
 9026426
 9027658
 9029762
 9027690
 9032924
 9030126
 9020434
 9032649
 1324208
 9010201
 1323817
 1323310
 1323330
 9020163
 9020172
 9019867
 1126631
 1323368
 1323366
 1323387
 1239682
 9023264
 9021825
 9022481
 9025098
 9026475
 9029051
 9029493
 9026496
 9027929
 9028852
 9029550
 9027549
 9027021
 9028587
 9028287
 9026215
 9028201
 9026025
 9029880
 9030509
 9031210
 9031235
 9032704
 9032993
 1323988
 1323210
 1323212
 1323213
 9031861
 1336200
 9030184
 9030512
 9018639
 9026731
 9027621
 9032772
 9033002
 1323214
 1323218
 9031266
 9031003
 9031535
 9030275
 9015666
 9015573
 1323338
 1332376
 9024581
 9025568
 9025799
 9025827
 9024951
 9024159
 9026602
 9027241
 9028776
 9026551
 9028323
 9029473
 9029688
 9029380
 9025967
 9028969
 9028343
 9028883
 9028892
 9032163
 9033251
 9031369
 9031202
 9031227
 9031228
 9032594
 9033243
 9031764
 9031796
 9031948
 9033279
 9029889
 9030092
 9032781
 9032793
 9030618
 9031472
 9032023
 1328254
 8997819
 9001697
 1381196
 9012023
 9013024
 9012109
 1324253
 9015293
 9016333
 9017125
 9017275
 9019663
 9025004
 9024137
 1304236
 9027173
 9027890
 9028448
 9028163
 9030406
 9033311
 9031284
 9032193
 1323766
 1323980
 1323219
 9031565
 9032786
 9033148
 9033576
 9031600
 9033483
 1387467
 9032978
 9031496
 9032694
 1379202
 9031901
 9031341
 9033484
 9013610
 9020796
 9020805
 1387452
 9024305
 9025758
 9027508
 9014812
 1387328
 9013016
 9016441
 9015588
 9016542
 9017247
 9019464
 9018638
 9018759
 9020493
 9024609
 9025602
 9024395
 9023296
 9022013
 9024981
 9023286
 9025500
 9029628
 9033599
 9029946
 9033344
 9033435
 9033473
 9033639
 9031629
 9033453
 9033107
 9031848
 9031711
 9032203
 8998968
 9013590
 9017335
 9020126
 9020006
 9019240
 9020589
 9024184
 9025406
 9022854
 9025190
 1387438
 9024792
 9024806
 9029769
 9029185
 9029529
 9026558
 9028682
 9028918
 9027571
 9028951
 9027109
 9026679
 9029287
 9026294
 9027675
 9030896
 9033726
 9030424
 9032941
 9030960
 1126853
 9031382
 9031954
 9033288
 9033495
 9033498
 9033545
 9030687
 9030311
 9031990
 9033013
 9033260
 9033543
 9033565
 9031371
 9032640
 1323772
 9032390
 9030640
 9031425
 9031699
 9032108
 9032113
 9032283
 9032829
 9032834
 9031528
 9032159
 9032174
 1387462
 9032798
 9032792
 9033328
 9033399
 9033417
 9032345
 9032899
 9033481
 9030448
 9031016
 9032706
 9033079
 9031630
 9032518
 9032935
 9030750
 9031066
 9031129
 9030566
 9030648
 9032036
 9032024
 9016290
 9021974
 9022792
 9023195
 9024202
 9024900
 9023953
 9022506
 1390930
 9024974
 9026686
 9032536
 9030598
 9012110
 1379486
 1359085
 9029207
 9030360
 9033270
 9032070
 9032506
 1366120
 1175407
 9032492
 9033031
 9033712
 1339857
 9030730
 9031002
 9031380
 9032509
 8997459
 9024492
 1126335
 9032508
 1387486
 9029893
 9030494
 9030554
 9030357
 9031144
 9032255
 9032022
 9031697
 9011680
 9025525
 9033220
 9030778
 9031912
 9030873
 8957198
 1198429
 1336541
 1336543
 1198666
 1196512
 8983745
 8982335
 8989104
 8988886
 8990295
 8994600
 1387063
 1240571
 8993629
 9016361
 9019041
 9020405
 9023498
 9022047
 9029610
 1223632
 9028208
 9026245
 9029017
 9029382
 9026930
 9026313
 9026392
 9027997
 9029338
 9027101
 9027243
 9026618
 9027184
 9027445
 9027096
 9029132
 9028408
 9026833
 9027283
 9028475
 9033658
 9030443
 9032472
 9032523
 9031907
 9033214
 9033516
 9031264
 9033132
 1323974
 1323216
 9030558
 9031049
 9031443
 9031646
 9032507
 9032767
 9033154
 9032297
 9032325
 9033215
 9033388
 9029960
 9031975
 9033563
 9030337
 9032895
 1387469
 1387487
 9030461
 9033101
 9031185
 9033510
 9033577
 9030250
 9032531
 9033143
 9030363
 9031550
 9031676
 9031468
 1324332
 9030810
 9030091
 9031611
 9032194
 1390803
 9032396
 9032409
 9032710
 9030385
 1365097
 9007871
 1365702
 9011026
 9012410
 9012418
 9013552
 9011125
 9012090
 9019644
 9020134
 9020044
 9017323
 9023966
 9022090
 9025581
 9023782
 9029873
 9028485
 9026010
 9026014
 1312352
 9033499
 9032475
 9032491
 9030775
 9031410
 9031722
 9032532
 1366134
 1336050
 9031800
 1381683
 1341312
 1175650
 9020109
 9023060
 9026168
 9029006
 9027207
 9033591
 9033100
 1387459
 9031507
 9032406
 9031127
 9031011
 9032391
 9032482
 1011138
 1011140
 1339450
 9030113
 9030116
 1324331
 9030938
 9030591
 9030682
 9030695
 9030701
 9029953
 1330168
 8956080
 8966555
 8988012
 1324229
 1324230
 9007516
 9002204
 9002192
 9001717
 9013314
 9024755
 9025649
 9025769
 9023597
 9024177
 9023882
 9026481
 9027206
 1381279
 9010961
 9026889
 9011249
 9015569
 9015651
 9016366
 9018899
 9020541
 9025084
 9023618
 0994491
 9025085
 9025727
 9024990
 9029404
 9028056
 9026784
 9026874
 1243571
 9030052
 9031150
 9031519
 9033372
 9033549
 9033557
 9032374
 9032732
 9032800
 9031285
 9032651
 1381667
 9006969
 9004669
 9007804
 9015011
 9015933
 9018999
 9017735
 9018008
 9019980
 9023860
 9025855
 9024144
 9029776
 9027397
 9027908
 9026769
 9026779
 9029248
 9026106
 9027823
 9029452
 9027884
 9030072
 9033624
 9031247
 9032652
 1323981
 1323997
 1387494
 9029945
 9030863
 9029932
 9031013
 1362101
 1196661
 9015927
 9005123
 9010593
 9012054
 9018756
 9022880
 9027854
 9026026
 9026918
 9028787
 1196659
 9031248
 9031710
 9032858
 1126885
 9030806
 9033110
 9030847
 9031976
 9032117
 9032650
 9032270
 1387496
 9032853
 9030006
 9032672
 9031568
 9031703
 9029916
 9031549
 9031138
 9032153
 1381930
 1352364
 1352360
 9030572
 1381672
 9027140
 9032760
 9031146
 9032267
 9033063
 9033114
 9020352
 9019408
 9023972
 9023468
 9032824
 9032014
 9033219
 9033635
 9032991
 9031461
 9031442
 9017340
 9021075
 9025222
 1387455
 9023351
 9028240
 9029527
 9029763
 9027033
 9029037
 9029213
 9033665
 9030212
 9031934
 9032202
 1387468
 9032915
 9031233
 8856206
 1387194
 9006220
 9004217
 9005063
 9021305
 9025782
 9024325
 9028377
 9027212
 9026077
 9026074
 9026072
 1381295
 1381270
 9031548
 9031526
 9032617
 9030496
 9030969
 9032183
 9032334
 9030193
 9006825
 9021374
 9019924
 9025185
 9029313
 9026032
 1198783
 1365750
 9020524
 9025851
 9022509
 9022580
 9024352
 9024038
 1239694
 9026516
 9028591
 9026004
 9029631
 9028294
 9026662
 9025990
 1323769
 1239641
 9030415
 9031157
 9032189
 9033140
 9033582
 9031322
 9032790
 9031478
 9032810
 9030089
 9030590
 9030594
 1324251
 9020330
 9024069
 9022300
 9024872
 9029567
 9028680
 9029199
 9028828
 9027569
 9030526
 9032592
 9033621
 9030141
 9030143
 9031339
 1198817
 1198818
 9007649
 9007861
 9013173
 9023278
 9009721
 9015023
 9021732
 9018127
 9018916
 9017435
 9020267
 0979084
 9022182
 9024282
 9021812
 9023159
 9025214
 9024826
 9024734
 9029742
 9027249
 9027915
 9029155
 9029233
 9029526
 9029684
 9029738
 1379974
 9028443
 9027066
 9027593
 1175493
 1175491
 9028394
 9026511
 9028322
 9029082
 9027107
 9029119
 9027047
 9026176
 9033729
 9030611
 9031162
 9033506
 9033648
 9031323
 9032341
 9032664
 9033361
 9030379
 9030446
 9031313
 1323976
 1323979
 1323989
 1323205
 9032347
 9030054
 9030939
 9030985
 9031858
 9032176
 9032198
 9033052
 9031520
 9031573
 9031713
 9032340
 9032741
 1387483
 1387497
 9030908
 9032567
 9032840
 9031554
 9032574
 1175432
 9030043
 9032561
 9031814
 9032111
 9032802
 9032626
 9031190
 9031685
 9031854
 9032634
 9032817
 9031471
 9005029
 1361198
 9018184
 9024720
 9022840
 9022491
 1175466
 9021816
 9026505
 9028992
 9028781
 9026268
 9027657
 9026105
 9028384
 9030952
 9031418
 9032329
 8971364
 8991737
 9006948
 9007170
 9007997
 9014590
 9018506
 9018834
 9022729
 9026154
 9007880
 9010238
 9016054
 9018954
 9020344
 9020453
 9023623
 9024678
 9023745
 9022548
 9027602
 9029753
 1296250
 1240580
 9027510
 9028827
 9026807
 1336187
 1381299
 9003503
 9003873
 9016969
 9015315
 9019019
 9021175
 1232115
 9024845
 9025307
 9025527
 9025824
 9023030
 9024659
 1387441
 9024530
 9029301
 9026166
 9026263
 9027937
 9029070
 9029426
 9026041
 9026972
 9026170
 8993141
 9019902
 9022016
 9023364
 9025610
 9024626
 9028624
 9029405
 1175497
 9027968
 8994617
 9003700
 9003147
 9012145
 9013717
 9012972
 9014182
 9018100
 9020299
 9025474
 9023057
 9021880
 9023747
 9023553
 9025844
 9025756
 9024703
 9025291
 1324316
 1324315
 9024114
 9027398
 9028549
 9028848
 1126344
 9029083
 1223630
 9027634
 9025942
 9026641
 9027380
 9027741
 9029031
 9026273
 9027019
 9027979
 9028329
 9028675
 9029063
 9029162
 9029540
 9029638
 9029679
 9026920
 9028685
 9029399
 9028362
 9027886
 9027622
 9026905
 9027176
 9027459
 9026596
 9026471
 1243660
 9027148
 9027401
 9026717
 9028866
 9028044
 9026180
 9025928
 9028105
 9029252
 9021951
 9027757
 9026642
 9010212
 9016448
 1240965
 9024783
 9027130
 9029197
 9028950
 9027572
 1304242
 9027120
 9026478
 9027205
 9027579
 9029654
 8998183
 8996707
 8998761
 9000064
 9006725
 9008270
 9008455
 9010098
 9009413
 9018785
 9020905
 9018028
 9024631
 9024938
 9009060
 8984114
 8966022
 8977930
 8977845
 8981340
 8992461
 9008432
 9008418
 0647192
 1240529
 9020550
 1390917
 9022994
 9025549
 1336183
 9027161
 1381280
 9005957
 1359077
 1194764
 9021744
 9021745
 9021746
 9021747
 0979085
 9027754
 9028226
 9029748
 9027273
 9027199
 9029718
 9028486
 1381296
 9026107
 9001162
 9013649
 9020166
 9018103
 9018631
 9022633
 9025155
 9019544
 8996756
 9003143
 9016082
 9015852
 9011718
 9017040
 9019044
 9018991
 9017729
 9017391
 9019569
 9018396
 9025543
 8999232
 9003749
 9010594
 9008793
 9014424
 9016236
 9018896
 9021045
 9024929
 9025528
 9025822
 9025854
 9025862
 9023482
 9023855
 9022403
 9024301
 9024646
 9024213
 9024629
 9024277
 9022371
 9023779
 9024770
 9022780
 9024217
 9024642
 9026860
 9026924
 9027370
 9027807
 9029091
 9029104
 9029435
 9029535
 9029778
 9027502
 9029088
 9029590
 9029669
 9029244
 9029251
 9026646
 9027562
 9029342
 9027989
 9028585
 9029351
 9029488
 9029562
 9029627
 9029699
 9026038
 9026036
 9026384
 9026871
 9028176
 9026076
 9026758
 9027010
 9026393
 9027902
 9027501
 9029053
 9026808
 9027046
 9028627
 9029760
 9028338
 9026225
 9028140
 9027774
 9001269
 9010284
 9014034
 9012045
 1390923
 1390825
 9022545
 9023580
 9024978
 9025823
 9024789
 9025604
 9022505
 9025104
 9025156
 9022515
 9022738
 9025183
 9024888
 9024708
 9029794
 9027925
 9029670
 9029362
 9027448
 1198788
 9026605
 9026159
 9006273
 1332323
 9021033
 9021272
 9021922
 9012016
 9020065
 9026195
 8979528
 8989535
 8988834
 8990977
 8993282
 8992371
 8994615
 8994432
 8997587
 8996517
 8999704
 9000994
 9006164
 9004512
 9005664
 9007182
 9004442
 1379383
 1379424
 1291589
 1379468
 9013593
 9012072
 9016409
 9018242
 1165407
 1387404
 9020747
 9019119
 9020076
 9020899
 9021025
 9018814
 9019003
 9019035
 9019132
 9019185
 9018823
 9018908
 9019199
 9019047
 9018988
 9018971
 9018001
 9017796
 9022588
 9022902
 9024472
 9022185
 9025054
 9023870
 9024291
 9024401
 9022906
 1390927
 9026407
 9026365
 9027277
 9026733
 9026383
 9028292
 9015772
 9019030
 1165680
 1165682
 9017261
 9019914
 9025889
 9026027
 9026029
 9027068
 9029487
 9003454
 9008544
 9013060
 9013491
 9018985
 1284540
 9018096
 9025387
 9024167
 9022643
 9022770
 9025037
 9023728
 9022206
 9023797
 9024341
 9025776
 9028043
 9029046
 9029537
 9027009
 9013468
 9014735
 9013296
 9015780
 9016695
 9017603
 9019414
 9019031
 9024152
 9024065
 9023939
 9029373
 8995994
 1126697
 9019730
 1239746
 9013365
 9021672
 9018523
 9018914
 9020649
 9021628
 9020786
 9019113
 9017792
 9025018
 9025146
 9025736
 9025355
 9024333
 9022539
 9026153
 9027423
 9028467
 1354532
 9029294
 9026870
 9026660
 9027646
 9026304
 9028298
 9028305
 9029641
 9029720
 9028862
 9026990
 9028232
 9028881
 9026034
 9029496
 1390941
 9026555
 9004878
 9007141
 9004058
 9004063
 9004116
 1145941
 9009834
 9008587
 9008343
 9010921
 9024214
 9015394
 9024106
 9024201
 9023917
 9024012
 9021889
 9024215
 9023828
 9029858
 9029859
 9027669
 9027733
 9026068
 9027620
 9028894
 9029261
 9027333
 9026773
 9014277
 9016635
 9016218
 9023500
 9023404
 9025262
 1387451
 1175471
 9023220
 9027719
 9027463
 1126347
 9027451
 9026486
 9027563
 9026355
 9025963
 9028094
 9027359
 9015593
 9023974
 9025106
 9025320
 9027505
 9026614
 9027627
 9029516
 9026726
 9029183
 9006958
 1324245
 1324246
 1324247
 9012234
 1332308
 1284511
 9018462
 9020636
 9021023
 9020895
 9017419
 9017212
 9025716
 9023957
 9024466
 9024477
 9025479
 9024306
 9022374
 9022988
 9025145
 9029792
 9026399
 9028109
 9026673
 9028205
 9028826
 1239699
 9027251
 9026049
 9026265
 9026346
 9027604
 9027305
 9026293
 9029300
 9029483
 9026079
 9027092
 9027271
 9028057
 9028801
 1328251
 9026585
 9025929
 8990375
 1128079
 9003033
 9007231
 9006429
 9016423
 9019131
 1332369
 1126320
 9023508
 9022893
 9024922
 9022743
 9022687
 9024916
 1175474
 9022451
 9023986
 9027239
 9029634
 9027613
 9028405
 9028998
 1342398
 9028257
 9028626
 9029297
 9026657
 9028928
 9027731
 9027388
 9026988
 9029523
 9026701
 1175486
 1175487
 1175488
 9027821
 9029238
 9027114
 9028887
 9028464
 9027516
 9029234
 9023961
 9022923
 9022727
 9023008
 9026134
 9026418
 9026234
 9027693
 9029521
 9028993
 9028853
 8988915
 8998758
 1390654
 8996406
 8999185
 9002800
 9006841
 9007232
 1188302
 9012994
 9011617
 9013090
 9013073
 9011233
 9014648
 9019057
 1387419
 9020138
 9021631
 9017935
 9018399
 9019200
 9019964
 9024744
 1387437
 1175479
 9022610
 9025683
 9023360
 9023900
 9022713
 9023299
 9022301
 9023627
 9026003
 9028471
 9026844
 9028939
 9028991
 9027643
 9029689
 9027145
 9026331
 9026441
 9027652
 1328041
 1327186
 1327216
 8975334
 1366317
 8996632
 8997961
 1376068
 9009851
 9008099
 9009053
 9013483
 9018135
 9019129
 9018050
 1232127
 9017685
 9022857
 9022953
 9024399
 9023452
 1387436
 9025309
 9023926
 9025415
 9022294
 9023050
 9023766
 9029539
 1223615
 9026337
 9027150
 9027389
 9029395
 9026459
 9028453
 9029766
 9026515
 9028001
 9028031
 9026723
 9028210
 9028216
 9028224
 9026271
 9027425
 9029597
 9027574
 9029681
 9028526
 9028943
 9026433
 9026776
 9026910
 9026380
 9026592
 9027857
 9027956
 1387238
 1234899
 9012390
 9015757
 9021664
 9018097
 9017164
 1239664
 9017622
 9019602
 9020614
 9023703
 9025640
 9022862
 9024147
 9025412
 1387448
 9022787
 9026085
 9029450
 1223629
 9026606
 9027487
 9029385
 9026007
 9027526
 9026224
 9002131
 9027279
 9027355
 9027661
 1387406
 1198770
 9027282
 8991869
 9001859
 9006395
 1198719
 9004163
 9009712
 9013438
 9013596
 9013606
 1387339
 9021388
 9019272
 9024549
 1324323
 9011900
 9017610
 9025695
 9024501
 9025852
 9025869
 9026082
 9025993
 9026270
 8997357
 9001018
 9005443
 1332184
 9014159
 9011518
 1390904
 9016359
 9015782
 9018831
 1332314
 9017615
 9017493
 9020061
 9018950
 9018960
 9020578
 9018170
 9018188
 9019806
 9020808
 9019884
 9018981
 9023446
 9023090
 9023105
 9021934
 9022682
 9022207
 9022879
 9022835
 9022355
 9022377
 9022822
 9023647
 9025382
 9028695
 9026954
 9027384
 9027406
 9027086
 9029730
 9026834
 9026011
 9029378
 9021213
 1236738
 9025687
 9026371
 9026626
 9026965
 9028890
 9026483
 9028517
 8999125
 9007857
 9008512
 9014461
 9013317
 9017915
 9021011
 9021440
 9021603
 1165519
 9018667
 9019313
 9017078
 9019775
 9017753
 9018724
 9020918
 9018535
 1332379
 9023282
 9023850
 9025487
 9021772
 9024959
 9025292
 9025455
 9025464
 9025559
 9023742
 9023152
 1324304
 9022429
 9029528
 9027372
 9027392
 9027555
 9027229
 9027744
 9028995
 9028693
 9028850
 9029307
 9029692
 9029726
 9026021
 9027697
 9029678
 9026739
 9027853
 9027040
 8991392
 9008172
 9009312
 9010967
 1126311
 9020753
 1341332
 9021610
 9020471
 9018489
 1332373
 9025123
 9024986
 9022843
 9024559
 9021803
 9025147
 9023809
 9024658
 9022752
 9023305
 9026946
 9027346
 9027724
 9028885
 9026084
 9026358
 9027234
 9027899
 9028014
 9028145
 9027302
 1240583
 9029000
 9027011
 9028896
 9028484
 9027328
 9027361
 9027339
 9028217
 8950055
 8950245
 8951614
 8951630
 8953329
 8974845
 8978101
 1364040
 1364084
 8982362
 1201726
 8988293
 8986041
 8992264
 8989019
 8990328
 8997173
 9002962
 9002903
 9003203
 9002855
 9003468
 9004886
 9006314
 9004909
 9005168
 9005445
 9004479
 9008189
 1379452
 9008199
 9011908
 9011867
 1202442
 9015557
 1381482
 1254394
 1165681
 1239632
 1387434
 9018746
 9018564
 9019767
 9021460
 9021469
 9021474
 9021478
 1390670
 1217724
 9017438
 1284544
 9022830
 9024604
 9024774
 9024040
 9026520
 9027377
 9028621
 1381269
 9010435
 9016782
 9016605
 9019364
 9021296
 9020874
 9025126
 9025400
 9025826
 9025093
 9025427
 1240577
 9023713
 9027365
 9029477
 9028629
 1240582
 1240586
 9029548
 1175403
 1381293
 0647186
 9003533
 1324220
 1324209
 9010546
 9011414
 9011044
 9014908
 9019898
 1323346
 9021458
 9017099
 9017178
 9018957
 9020568
 9018385
 9019299
 9025819
 9024360
 9025073
 9025139
 9021924
 9022837
 9024393
 9025198
 9021887
 9025125
 9024797
 9022198
 9024991
 9029013
 9026110
 9027031
 9027834
 9029390
 9028297
 9029346
 9029370
 9029657
 9029682
 9027079
 9029019
 9026172
 9027240
 9028745
 9028764
 9027455
 9028045
 9028203
 9028609
 9028915
 9028967
 9029272
 9028691
 9026048
 9028269
 9029057
 9029728
 1240585
 9028574
 9026791
 9028631
 9026862
 9029406
 9028665
 9028073
 9028126
 9027983
 9026230
 9028742
 9029080
 9026947
 9026922
 9029383
 9029647
 1381271
 9027762
 9026435
 9027923
 9012068
 9012900
 9016527
 9016522
 9019107
 9023459
 1126343
 9028838
 1223620
 9028392
 9029077
 9027156
 9026704
 9028391
 9028960
 9028740
 9029451
 9027518
 9028040
 9028058
 1381138
 1381013
 9009459
 9017354
 9019458
 9018138
 1381263
 9024855
 9028615
 9028860
 9028864
 9027855
 9027759
 9028268
 9029427
 9027906
 9027133
 9027588
 9028901
 1381298
 9027344
 9017727
 9024947
 9019127
 9025157
 9022504
 9026189
 9028985
 9028595
 9029182
 9028234
 9027847
 9026521
 8997329
 9014455
 9012127
 1323801
 1323303
 9021191
 9022809
 9023234
 9022961
 9010198
 9016937
 1323306
 9020259
 9021132
 9017767
 9021597
 9021511
 9025666
 9021906
 9023396
 9021820
 9025596
 9025845
 1323378
 9021962
 9025043
 9023330
 1387447
 9025064
 9023190
 9023375
 9023428
 9025211
 9024535
 9022303
 9024095
 9023350
 9024319
 9027244
 9029797
 9025959
 1332392
 9026968
 9028463
 9029048
 9026344
 9027373
 9029454
 9029661
 9029687
 9027172
 9027187
 1342396
 9026387
 9026629
 9026713
 9027891
 9028368
 9026538
 9026748
 9029041
 9026115
 9026306
 9026787
 9026953
 9027596
 9029747
 9026877
 9027191
 9027585
 9028399
 9028610
 9027017
 9027137
 9026575
 9026584
 9028832
 9029160
 9029412
 9029022
 9029043
 1175484
 9026338
 9026715
 9028550
 1198784
 9026214
 9026506
 9028327
 9028440
 9027673
 9026465
 9026561
 9029438
 9028473
 9028529
 9029546
 1390739
 1390742
 8992806
 9004539
 9006092
 9010138
 1145950
 9014747
 9017760
 9019455
 9017497
 9023927
 9025344
 9021939
 9029425
 1354531
 1354535
 9027645
 9026221
 9027654
 9027665
 9029665
 9029250
 9028419
 9027354
 9026888
 1324240
 9019230
 9017888
 9025696
 9025762
 9024727
 9023284
 1324319
 1324314
 1324311
 9028020
 9028304
 9028326
 9026619
 9027252
 9028722
 9029413
 9029695
 9029538
 9029221
 9026277
 9027644
 9026636
 9027213
 9027201
 9026688
 9027396
 9026022
 8902180
 1330170
 8991985
 8991859
 8993969
 8992554
 8999177
 8999291
 9001505
 9000471
 9000430
 1393019
 1366434
 1366438
 1010535
 9009789
 9009741
 1393202
 1366210
 1393021
 9011854
 1366195
 9015937
 1010538
 9019477
 9018247
 1324261
 9024268
 9017074
 9019741
 9021983
 9006361
 9008976
 9008276
 9008917
 9008930
 9010918
 9013824
 9012783
 9015934
 9021528
 9021607
 9019549
 9023511
 9003474
 9004676
 1364188
 9001786
 9008799
 9009434
 9016799
 9016698
 1381042
 9021537
 1198771
 9018197
 9019818
 9025385
 9025461
 9025709
 9023083
 1366237
 9024848
 9024901
 9022436
 9022438
 9024698
 9028096
 9029169
 9029074
 9029134
 9029491
 9027727
 9029602
 9026276
 9026278
 9028092
 9029156
 9026621
 9027713
 9027981
 9027478
 9028356
 1352371
 8976735
 8992403
 1324110
 8998797
 8997424
 8996715
 9000093
 9005820
 1341847
 9004130
 9004610
 9006087
 9006228
 1365586
 9005415
 1332180
 9010635
 9008649
 9009676
 1361122
 9008034
 9008268
 9010044
 9009750
 9012012
 9013706
 9014309
 9013088
 9013701
 9011496
 9011405
 9013622
 9012967
 9016705
 9016092
 9015679
 9016122
 9016897
 9016938
 9016672
 9016101
 9016134
 9016529
 9016573
 9016768
 9017593
 9018587
 9018200
 9020020
 9021062
 9020115
 9020517
 1323337
 1323847
 9017667
 9018352
 1284531
 1284541
 9018239
 9018507
 9020688
 9021376
 9019083
 9021086
 9018551
 9021167
 9020852
 9019249
 9019263
 9020686
 9020698
 9018801
 9017033
 1324264
 1202147
 9022014
 9023509
 9024623
 9024409
 9022512
 9024648
 9024158
 9025796
 9025800
 9022118
 9025706
 9022112
 9022594
 9024835
 9025594
 1366233
 9023794
 9024464
 9023692
 9025359
 9023788
 9023800
 9023427
 9023313
 9027474
 9026581
 9028182
 9028316
 9028639
 9026434
 9029555
 9026682
 1175405
 9026334
 9029421
 9027860
 9027870
 9027636
 9019126
 9023210
 8988739
 8996410
 1366394
 9005493
 1379403
 9008125
 9009699
 9014997
 9011420
 9014181
 1381944
 9019703
 9022341
 9023581
 9024027
 9024046
 9023207
 9025622
 9025127
 9023205
 9023656
 9022675
 9023464
 9023365
 9024056
 9026489
 9027952
 9027628
 9028725
 9027242
 9028197
 9029093
 9027540
 9028349
 9028968
 9028340
 9025954
 9026248
 9026809
 1366299
 9026101
 9027041
 9028307
 9028505
 9026790
 9028613
 9027617
 9027318
 1390938
 9027858
 1352363
 9028385
 1352362
 9020485
 9028050
 9027454
 9011455
 9016293
 9016835
 9015760
 9019782
 9021581
 9019201
 9021508
 9020229
 9019011
 1175455
 9025408
 9022806
 9025651
 9023552
 9026934
 9028674
 9026173
 9027612
 9029401
 9027941
 9027950
 9027577
 8999179
 9000579
 1339475
 9002868
 9001975
 9012944
 9012829
 9019683
 9021500
 9020165
 9018725
 9019061
 9019135
 1196651
 9021566
 9023503
 9024236
 9025167
 9025024
 9025161
 9022762
 9024921
 9024923
 9023160
 9022073
 9023231
 9024736
 9025259
 9022511
 9022693
 9024796
 9025358
 9028053
 9027482
 9026797
 9028175
 9027495
 9029060
 9026002
 9027609
 9029749
 9027607
 9027705
 9028805
 1304249
 9027265
 9026281
 9028299
 9028592
 9028858
 9029490
 9027103
 9026802
 9027491
 9027395
 9026362
 9012714
 9015587
 9021616
 9021092
 9019753
 9021359
 9018438
 9021226
 9019852
 9019528
 9019279
 9020652
 9017805
 9020668
 9022975
 9023169
 9024234
 9024622
 9025517
 9025693
 9025255
 9023789
 9024107
 9025555
 9025637
 9025722
 9022115
 9025442
 9023753
 9023830
 9022683
 9026179
 9027190
 9026047
 9026424
 9027348
 9028223
 9029544
 9027513
 9027748
 9028254
 9028983
 9029428
 9029759
 9026950
 9027386
 9025417
 9016756
 9017200
 9018986
 9020457
 9021421
 9023421
 9023856
 9025478
 9025481
 9025857
 9023914
 9022865
 9023617
 9024496
 9022258
 9024828
 9025731
 9024405
 9026637
 9028703
 9029677
 9026130
 9027557
 9028645
 9029227
 9027308
 9028919
 1198785
 9026757
 9027269
 9026880
 9000600
 9016141
 9017194
 9017911
 9023825
 9022644
 9023664
 9023571
 9026243
 9028064
 9029706
 9026541
 9028446
 9027057
 9028435
 9029096
 9028656
 9027134
 9026035
 9027043
 9003750
 9001760
 9004011
 9007475
 9007784
 9013435
 9012306
 9011045
 9012959
 9016292
 9019303
 9017394
 9023300
 9027712
 9027801
 9028638
 1175492
 9027018
 8966558
 8989232
 8992465
 8992444
 9002049
 9009313
 9013318
 9011268
 9011238
 9014217
 9016953
 1332358
 9020940
 9018706
 9020104
 9020202
 9018629
 9017548
 9021497
 9020563
 9018323
 9019323
 9023888
 9023898
 9024123
 1323369
 1323391
 9024057
 9024682
 9021993
 9024495
 9025383
 9025760
 9023932
 9025265
 9024874
 9022956
 9024410
 1243651
 9021874
 9022248
 9026649
 9026843
 9028220
 9028241
 9026929
 9028306
 9028791
 9029181
 9029237
 9029397
 9029745
 9029855
 1322281
 1354533
 1354544
 9026559
 9028941
 9029253
 9026386
 9027558
 9027738
 9027918
 9026560
 9028987
 9027028
 9027898
 9028082
 9028280
 9028777
 9029377
 9029633
 9029739
 9026030
 9027751
 9027218
 9029604
 9028735
 9029549
 9028462
 9027390
 1236745
 1198782
 9026061
 9027403
 9027991
 9028259
 9028542
 9027312
 9026279
 9027165
 9028766
 9026944
 9027816
 9028813
 9028844
 9029503
 9028696
 9027966
 8996381
 9007916
 9011342
 9013530
 9016972
 9018064
 9020555
 9020147
 9020224
 9017724
 1239685
 1239686
 9022845
 9024289
 9022925
 9027072
 9027534
 9028945
 1175530
 8993280
 8997122
 8998922
 8997332
 8998137
 8996857
 9007051
 9007003
 9011038
 9016207
 1387417
 9020355
 9028795
 9027180
 9028242
 9029764




