16-07-04
 9024597
 9003226
 9005693
 9011878
 9018493
 9021774
 9029566
 1387463
 1387506
 9034027
 9037446
 1354578
 9034090
 9037331
 9037059
 9036294
 9034433
 9035723
 9035075
 9019840
 9023277
 9027178
 9027715
 9027842
 9030247
 9033123
 9036185
 9035096
 9035937
 9035941
 9035955
 1339498
 8967008
 8984084
 8991709
 9006856
 9010787
 9009792
 9015175
 9025506
 9029779
 9028975
 9031177
 9033616
 9032565
 9033526
 9031830
 9032318
 9030154
 9034353
 1332457
 9037389
 9037463
 1354592
 9034388
 9035769
 1239520
 9034393
 9035656
 9036696
 9036887
 9037126
 9035708
 9036417
 9036783
 9035932
 9034087
 9036245
 1175449
 9034649
 9036923
 9036937
 1198830
 1198861
 9035961
 9033820
 9034601
 9034063
 9034650
 9036757
 9036836
 9037015
 9034587
 9034508
 9036096
 9033772
 9034682
 9007463
 1175478
 9037352
 9034147
 1368178
 9036072
 9034085
 9034073
 0976403
 9018561
 9019177
 9021190
 9017463
 9021838
 9025010
 9034677
 9035781
 9016193
 9029308
 9029303
 9032167
 9030211
 9032430
 9033560
 9033593
 1175431
 9030918
 9031650
 9008735
 9010765
 9010582
 9008296
 9012619
 8919240
 8996639
 9003766
 9010320
 1390663
 9011689
 9016169
 9016173
 9017359
 9023164
 9024896
 9025279
 9022408
 9032081
 9033432
 9030195
 9031274
 9032628
 1381681
 9036187
 1240590
 9036196
 1243581
 9034068
 9034106
 9034664
 9009020
 9011952
 9013419
 9014412
 9011959
 9012918
 9030930
 9037350
 9034485
 9034029
 9036945
 1217740
 9033834
 9034036
 9035835
 1254271
 1254272
 8994002
 1387212
 9007823
 9028577
 9029686
 9028979
 9026684
 8958506
 1365231
 9003312
 9013690
 9023607
 9025466
 1332395
 9028601
 9026289
 9028748
 9029171
 9028023
 9032360
 9033265
 9033272
 9033644
 9031446
 9032428
 9033355
 9033559
 9031508
 9033426
 0775879
 9031868
 9031288
 9031391
 9033792
 9035397
 9035602
 9035192
 9035235
 9036004
 9037098
 9037378
 9037392
 9037396
 9037460
 1354575
 9034722
 9035197
 9035288
 9036062
 9036531
 9037096
 9037381
 9034199
 9034794
 9035869
 1323608
 9034647
 9034338
 9037080
 9037255
 9037234
 9036939
 9035098
 9035477
 9036554
 9037010
 9037359
 9034256
 9034342
 9035732
 9036139
 9033922
 9036369
 9035388
 9035445
 9036873
 9035052
 9035194
 9033779
 1339500
 9035166
 1254270
 9034196
 9034304
 9026078
 9007344
 1387405
 9021955
 9024078
 9025699
 9026055
 9032016
 9032392
 9035900
 9036566
 8960439
 8993497
 8996331
 9008571
 9008063
 9012659
 9018219
 1232123
 9022035
 9022041
 9023006
 9023041
 9029461
 1359084
 9032806
 1322282
 9032556
 9032619
 9033440
 1368309
 9030292
 9035779
 9033968
 9034055
 9036321
 9036183
 1368193
 9036519
 1328314
 9035971
 9000141
 9020204
 9002816
 9016644
 9025888
 9028127
 9037448
 8997375
 1254134
 9011437
 9011628
 9011289
 9010883
 9018966
 1332329
 9017909
 1239679
 9022053
 9029369
 9027045
 9026859
 9033551
 9031042
 1323978
 1323983
 9032928
 1284451
 9032277
 9031392
 9033007
 9029949
 9031915
 1328044
 9032229
 9034518
 9036076
 9036191
 9036639
 9037102
 9034959
 9036636
 9035216
 9034208
 9035721
 9014583
 9022146
 9029073
 9029187
 9029613
 9028372
 9033244
 9033276
 9037301
 1126883
 9037366
 9037391
 9037393
 1354582
 9037012
 9034990
 9034506
 9036540
 9035089
 9034331
 1379420
 9012088
 9012482
 9011926
 9011975
 9011215
 9012351
 9015819
 9015831
 9015312
 9015392
 9020900
 9017633
 9019257
 9019986
 9019827
 9020489
 9019954
 9017119
 1390925
 9017475
 9021994
 9026759
 9028721
 9028222
 9028965
 1387461
 9030894
 9037441
 9034646
 9035886
 9036910
 1387514
 9033810
 9035289
 9035326
 9036888
 9034070
 9035396
 9004207
 9021694
 9017986
 9021224
 9024126
 9025108
 9027932
 9031012
 9031529
 9036560
 9033790
 1239524
 1387525
 9036317
 9036942
 9030470
 9026428
 9032713
 9032761
 9033347
 9036363
 9034893
 1387522
 8993636
 9005529
 1332337
 9024544
 9023933
 1188446
 1382382
 9027144
 9025985
 9029137
 1188259
 9027861
 9033374
 9033015
 9033062
 9030936
 9032847
 9033159
 9033671
 9032852
 9033439
 9031106
 9030637
 9033076
 9030256
 9030260
 9031416
 9034392
 9036521
 9035563
 9036485
 9037028
 9034562
 9034357
 9036799
 9033897
 9036264
 9037217
 9035642
 1175450
 9037219
 9033842
 9035787
 9034674
 9035733
 9035772
 9002891
 9010778
 1191147
 1191148
 1175475
 9028622
 9028623
 1175489
 9029028
 9029746
 9029821
 9033004
 9033017
 9030142
 9030779
 9033133
 9033147
 9033309
 9030523
 9037464
 9034326
 9034557
 9034790
 9036166
 9037140
 9036393
 9035485
 1175440
 9036001
 9034930
 9034089
 9036487
 9034008
 9037016
 9035510
 9036414
 1332456
 1332398
 9035198
 9033768
 9002027
 9004427
 9009919
 1354427
 9011610
 9018278
 9025374
 9023905
 9029511
 9026193
 1390943
 9033099
 9032324
 9033069
 1387489
 9031973
 9031358
 1328310
 9033045
 9035427
 9037178
 9035370
 9036637
 9036971
 1368183
 1368185
 9033800
 1365647
 1293391
 9001040
 9013171
 9017655
 9023009
 9029475
 9032321
 9032007
 9031562
 1387491
 9031208
 9033672
 9033673
 1366137
 9030389
 9030797
 1354607
 9034343
 9035794
 9034505
 9034280
 9034046
 9036301
 9035994
 9036618
 9037237
 1339862
 9034509
 9035997
 9034415
 9034751
 9035232
 9036285
 1198593
 9000813
 9012277
 9013341
 9011866
 9013542
 9014985
 9016968
 1387422
 9024714
 9025801
 9022157
 9023092
 9024153
 9026525
 9031289
 9031709
 9031084
 9032521
 9031119
 9030307
 9031377
 9034802
 9036502
 9036749
 9037208
 9037232
 9035676
 9035829
 9036678
 9037365
 9034424
 9034086
 9034026
 9034780
 8965759
 8971736
 8972229
 8975399
 8976419
 8975839
 8993556
 9000152
 9010806
 9026261
 9033227
 1354604
 1387528
 9035800
 9004498
 9010180
 9007478
 9011502
 0775859
 9017403
 9026091
 9027631
 9032498
 9033532
 9029982
 9031513
 9035469
 9036233
 9037363
 9037459
 9034954
 9035467
 9036086
 9035330
 8985076
 8990701
 8995084
 8997643
 9008019
 9009086
 1359078
 9011363
 9013078
 9013551
 9011294
 9019731
 1194758
 9020005
 9020536
 9022148
 9023709
 9024499
 9024427
 9026548
 9028726
 9026803
 9027547
 9028426
 1323975
 1323209
 1323215
 1175418
 9030186
 9030968
 9031379
 9033112
 9030262
 9030374
 9034148
 9034964
 1354702
 9034754
 9034778
 9036385
 1323230
 9034628
 1272724
 9035060
 9034391
 9037116
 9030087
 9034255
 1332452
 9034701
 9035417
 9036163
 9033793
 9034094
 9035571
 9036194
 8989404
 9006840
 9013187
 1324260
 1323382
 9022834
 9024424
 9022578
 1324313
 9022422
 9024956
 9027852
 9028244
 1165521
 1165522
 9026311
 9029216
 9029443
 9028354
 9031352
 1126860
 9033646
 9031279
 9032061
 9032072
 9032181
 9031403
 9033638
 9030912
 9030910
 9033173
 1381679
 9031399
 9035816
 9036404
 9036498
 9037354
 9037372
 9034750
 9034771
 9036126
 9034209
 9036296
 9036875
 9033954
 9035712
 9036601
 9036859
 9035774
 9036020
 9008166
 9018687
 1286501
 9022310
 9022264
 9025179
 9026267
 9033295
 9032603
 1339859
 9036788
 9035817
 9034891
 9035926
 9034698
 9037060
 9034743
 1323605
 9034741
 9035662
 9036744
 1272681
 9034171
 9036314
 9036427
 9034266
 9036552
 1175436
 9034792
 9035354
 9035378
 9034381
 9036409
 8933835
 8993756
 8996789
 9001938
 9000188
 1379470
 9011871
 9015493
 9020189
 9020726
 9020908
 9017104
 9019250
 1126321
 9021921
 9022526
 9024510
 9023955
 9025386
 9027917
 9028308
 9027721
 9028878
 9032100
 9030401
 1387501
 1387502
 9032272
 9030190
 8989285
 1240554
 9008580
 9010675
 9013206
 9017430
 9028604
 9028300
 9029430
 9029480
 9028411
 9029144
 9030568
 9032429
 9037003
 9036242
 9037179
 9034708
 9034621
 9037222
 9036683
 9036647
 9034543
 9035988
 8994075
 9002529
 9005437
 9010617
 9019207
 9017895
 8992817
 8996640
 9000706
 1379453
 9018754
 9029479
 9026092
 9027843
 9033171
 9031913
 9031407
 9033564
 9033631
 9030010
 9033097
 9033064
 9029940
 9032690
 9031307
 9031853
 9031366
 9037113
 9037458
 9034825
 9035653
 9036410
 9037469
 9034539
 9036752
 9037071
 9034633
 9035498
 1323245
 9036202
 1239435
 9034504
 9037213
 9036218
 9036225
 9036232
 9037121
 9035412
 9035868
 9036231
 1387521
 9036267
 9036475
 9037307
 9037367
 9036671
 9034238
 9036628
 9036820
 9036874
 9036400
 9034922
 1293383
 9034135
 1243594
 9034051
 9034359
 9035494
 9034710
 9035757
 9020349
 9021513
 9021515
 1381259
 9029592
 9030836
 9032588
 9036092
 9034434
 9036543
 9035611
 9034077
 1291705
 9033150
 9031735
 9030177
 9032711
 9034877
 9035302
 9036059
 9037009
 8990620
 9034293
 9015016
 9016789
 9019409
 9020030
 9018191
 9023411
 1126318
 9022585
 9021800
 9022241
 9023857
 9029786
 9029410
 9027922
 9027650
 9028249
 9028671
 9026928
 1128313
 9016853
 1284513
 9023534
 9023371
 9021937
 9027442
 9026543
 9027026
 9027152
 9028345
 9032067
 9031753
 9029956
 9033144
 9030870
 9030176
 9033111
 9033366
 1312421
 9030991
 9032342
 9033151
 9031028
 9032678
 9035874
 9035531
 9035717
 9035222
 9036193
 9037400
 9037462
 1354565
 9035850
 9037229
 9035178
 1323451
 1323222
 1323240
 1323606
 1239521
 9034553
 9034986
 9037199
 1272725
 9036474
 9036481
 9036620
 9037021
 9034048
 9035392
 9036523
 9036740
 9036878
 1387512
 9033804
 9033865
 9034524
 9035585
 9036184
 9035346
 1175435
 9034120
 9034451
 9036372
 1198863
 9034325
 9037431
 9035316
 1339482
 9036548
 9034594
 9034846
 9035420
 9035789
 9036142
 9036452
 1390810
 9034335
 9029899
 8964356
 9016753
 9016045
 9027004
 9033108
 9033167
 9032819
 1354608
 9036514
 9034837
 9034541
 9034781
 9036324
 9035413
 9036241
 1365602
 9032056
 1339449
 9030884
 9032284
 9036238
 9036563
 9037330
 9037340
 9035637
 9037184
 1387520
 1387523
 9034019
 9035924
 1324345
 9033906
 9034966
 9035048
 9035057
 9036099
 9036150
 9036508
 9034654
 9035677
 9036288
 9006551
 9005801
 9022796
 8997366
 8997549
 8996888
 9001572
 9001945
 9007807
 1202132
 9012605
 9011141
 9019678
 9023007
 9023013
 9027564
 9028155
 9026351
 9026643
 9031436
 1390807
 9030237
 9037052
 9036771
 9035444
 9037223
 9035371
 9036352
 9036633
 9037249
 9034430
 9034181
 9036657
 8992401
 9000870
 9000480
 9007639
 9013724
 9011275
 9015733
 9024889
 1236734
 1336138
 9029870
 9029482
 9031628
 9033118
 9032629
 9031419
 9032201
 1387474
 9032173
 9033210
 9032597
 9035036
 9037254
 9034788
 9036977
 1323227
 9036863
 1175448
 9034591
 9034642
 9034024
 9034193
 1223027
 8997486
 9001768
 9009111
 9018303
 9022361
 9028130
 9026461
 9026256
 9026695
 9027930
 9033667
 9030222
 9034113
 9033947
 1332459
 1126884
 9035740
 9036398
 1323609
 9035901
 9037325
 9036043
 1387510
 9034572
 9036098
 9035419
 9036025
 9036040
 9036362
 9033812
 9033836
 9035223
 1352347
 1381674
 9037180
 9014999
 9021613
 9019664
 9024220
 9023153
 9021978
 9022364
 9025202
 9029795
 9028290
 9029569
 9026108
 9027707
 9026239
 9032782
 9033472
 9032445
 9031926
 9032187
 9033463
 9033594
 9036513
 9037466
 9035939
 9037216
 9034002
 9036689
 1175434
 9034694
 9035605
 9035650
 1324337
 9002339
 9009204
 9011082
 9021918
 9026623
 9027889
 9028104
 9032427
 9033135
 9030888
 9031580
 9032083
 1387482
 9033294
 9033505
 9031414
 9030820
 9033348
 9030543
 9032994
 9033271
 9031571
 9031584
 9031707
 9032262
 9030821
 9031645
 9032057
 9036226
 9034884
 9035590
 9035945
 9034257
 9034297
 9035696
 9035300
 9035716
 9036048
 9036503
 9036709
 9035711
 9036486
 9034183
 8970780
 1240519
 1381907
 9021031
 9018732
 9017300
 1381264
 9024475
 1381297
 9031300
 9030365
 1366136
 9029963
 1381668
 9033026
 1254268
 1126802
 9036994
 9036870
 9034745
 9036152
 9035522
 9036216
 9036936
 9037277
 1387509
 9034242
 9035985
 9037031
 9034876
 9036690
 9037212
 9031660
 9021480
 9021715
 9025498
 9022255
 9029097
 9027608
 9029225
 9033163
 9035134
 9034854
 9037394
 1323604
 9033825
 1239429
 1239431
 9037073
 9037078
 9036804
 9034014
 9035595
 9036650
 1198859
 9036747
 9036718
 9035796
 9019559
 9018173
 9017512
 9020035
 1236714
 9024518
 9031406
 9032317
 9032338
 9032165
 9032206
 9036581
 1198860
 8997020
 1254396
 1332360
 9018941
 9021696
 9019927
 9028964
 9028091
 9027320
 1354423
 9031927
 9033042
 8988865
 8993539
 8993383
 8997498
 9002839
 9007379
 9014438
 1341897
 9015964
 9017406
 9021236
 1387413
 9021239
 9020483
 9020777
 9022704
 9025520
 9025539
 9025541
 1387442
 9023288
 9023920
 9022072
 9022870
 9029874
 9029168
 9026218
 9027001
 9028434
 9028825
 9027090
 9027166
 9027394
 9032551
 1126862
 9032152
 9030479
 9032932
 9030981
 9031666
 9032680
 9031803
 9030412
 9033115
 9032127
 9033486
 9032256
 9033116
 9033535
 1387492
 9031581
 9032011
 9033275
 9030874
 9033341
 9030208
 1243574
 9030825
 9033264
 9031521
 9032756
 9033944
 9034431
 9037386
 9033871
 9037115
 9037395
 9037465
 9037467
 9034427
 9034912
 1354552
 9036011
 9036127
 9037106
 9037068
 9037270
 9035291
 9035421
 9036562
 1323244
 1323247
 1323249
 9035405
 9035530
 9036849
 9035014
 9036108
 9036467
 9036489
 9037327
 9037351
 9037017
 9037064
 9036884
 9034428
 9036951
 9034340
 9034346
 1293382
 9034088
 9034184
 9018118
 9019063
 9018500
 9025154
 9023542
 1354526
 9028839
 9029142
 9027909
 9031968
 9032352
 9031355
 9034826
 9035433
 9036283
 1243597
 9026839
 9028261
 1240581
 9032969
 9030326
 9032139
 9033974
 1198573
 9012274
 9021437
 9030110
 9033512
 9030329
 9030984
 9032215
 9003651
 0775868
 9022419
 9027008
 9029039
 9029698
 9026285
 9029186
 9032528
 1387473
 1387485
 1387490
 9035233
 9037231
 1387513
 9034093
 9034195
 9034875
 9038194
 9039620
 9038996
 9039489
 9041177
 9040823
 1387540
 1387541
 9021755
 9029219
 9033828
 9035410
 9035927
 9035948
 1302647
 9035784
 9039817
 9040174
 9037566
 9039695
 8992596
 1387201
 9000112
 9011199
 9020173
 9024365
 9022565
 9026890
 9031189
 9032478
 9037445
 9036510
 9037013
 9034218
 9035743
 9037342
 9039784
 1332508
 9041186
 1354964
 9039147
 9039342
 9039938
 1323642
 9038649
 9039001
 9039403
 9040576
 9040837
 9039432
 9041103
 9037673
 9041199
 9037789
 9037791
 9038093
 9039377
 9040749
 9041043
 1175585
 9038845
 1160562
 1160567
 9038944
 9039152
 9039903
 9038043
 9038767
 9039479
 9039854
 9039963
 9037761
 9039898
 9037755
 9037606
 9037747
 9037797
 9037767
 1382376
 9025472
 9023001
 1291899
 9027078
 9027278
 9033413
 9030919
 9030835
 9019800
 9029246
 1175417
 1272682
 1272739
 9036715
 9039584
 9040094
 9040921
 9038978
 9037849
 9012425
 9040126
 1305117
 1390746
 8992524
 8997377
 8997598
 8996111
 8996113
 8996114
 8996115
 8996117
 9000041
 9002056
 9009588
 9014612
 9017434
 9017744
 9017331
 9023954
 9025820
 9030561
 9031326
 9034332
 9034858
 9039324
 9038343
 9040709
 1366068
 9039307
 9039320
 9038474
 1390820
 1381957
 1332318
 9019463
 9020761
 9038177
 9037640
 1254275
 9037772
 8981771
 9006539
 9005674
 9008070
 9012756
 9021287
 9029788
 9026864
 9027350
 9027725
 9031029
 9030041
 9032120
 9035908
 9036137
 9036972
 9035499
 9034004
 8886253
 1390659
 9020683
 9020116
 9024667
 9031597
 9032527
 1387464
 9030878
 9036365
 9028750
 1390806
 9032727
 9030903
 9002023
 9006131
 9006080
 9006321
 9008499
 9021445
 9026845
 9027935
 9029108
 1352361
 9029891
 9029976
 9032774
 9033496
 9030756
 9037479
 9034462
 9035608
 9033951
 9034749
 9037111
 9037334
 9035965
 9034558
 9034820
 9034344
 9036559
 9036619
 9036259
 9036425
 9034176
 9035162
 9038324
 9039064
 9038191
 9038793
 9038834
 9039163
 9041042
 9040384
 9041011
 9041015
 9041176
 9041184
 9041220
 9038554
 9040660
 9040842
 9040876
 9037994
 9040353
 1323625
 9040246
 9040272
 9038991
 9039436
 9040291
 9040337
 9040426
 9041135
 9041160
 9039616
 9039948
 9040387
 9041149
 9038107
 9037659
 9037851
 9037859
 9039408
 9040572
 1014341
 1014342
 1014344
 1014347
 9039901
 9040903
 9041194
 9037538
 9037632
 9037784
 9038931
 9039902
 9040136
 9037895
 9039339
 9039931
 9039262
 9010433
 9018452
 9023191
 1382385
 1336172
 9030811
 9030139
 9031187
 9031448
 9031547
 9032898
 9035949
 9034399
 9034470
 9033933
 9035163
 9036297
 9036807
 9036564
 1198864
 9035298
 9039575
 9039632
 9039766
 9041251
 9038847
 9038948
 9038957
 1390817
 9041009
 9009702
 1323759
 9031050
 1387505
 9032598
 9032225
 9036883
 1354553
 1323603
 9035356
 9037968
 9039157
 9039110
 9040141
 8995486
 9003701
 9007062
 1324144
 1324214
 9008830
 9013224
 9013327
 9013091
 9013978
 9011747
 9012580
 9018337
 9018699
 9020904
 9018159
 9017778
 9019308
 9022304
 9024712
 9023333
 1175463
 9022733
 9023250
 9024887
 9028283
 1223622
 9028903
 9028214
 9026125
 9027582
 9028067
 9027641
 9032266
 9030794
 9031970
 9030948
 9031188
 9032684
 9030417
 9036845
 9034290
 9035114
 9035137
 9035537
 9036101
 9036275
 9040357
 1387554
 9040577
 9040454
 1160171
 1160187
 9038915
 9038428
 9038422
 9038701
 1390819
 9038011
 9039040
 9013424
 9023042
 9027409
 9026164
 9031557
 9028571
 9028170
 9033289
 9037455
 9037236
 9034083
 0979095
 9038464
 9041040
 8991456
 9008948
 9009831
 9011284
 9015895
 9015925
 9017244
 9023880
 9028620
 9028940
 9028499
 1376109
 9029959
 9030902
 9034755
 9037291
 9036221
 9036905
 9036074
 9040627
 9039385
 9039845
 9039892
 1328050
 9026536
 9028004
 9028911
 9031784
 9022415
 9034407
 9036329
 9034458
 9035867
 9012987
 9021416
 9021211
 9024759
 9027414
 9028103
 9029583
 9029600
 1390937
 9033168
 9033668
 8988823
 8993073
 9031510
 9030376
 9030955
 9031537
 9031064
 9036958
 9036802
 9037218
 9035735
 9040427
 9040493
 9038998
 9039515
 9040551
 9037569
 9038000
 9038327
 9038553
 9038517
 1304168
 1304170
 9040142
 9038929
 9039570
 9040764
 9035128
 9039402
 9001525
 9024194
 1293166
 1323756
 9031116
 9030257
 9031638
 9034789
 9036002
 9038482
 9040610
 9040621
 1222485
 9039999
 1323613
 9039030
 1387534
 9039415
 1223046
 9011640
 1390914
 9025102
 1390933
 9028741
 9030719
 9031365
 9035386
 9037014
 9034705
 9037604
 9039712
 9039937
 9039609
 9039746
 9040368
 1175589
 9040186
 9040407
 1381956
 9030997
 9036598
 9036965
 9034998
 9036249
 9040819
 9038047
 9037568
 9039024
 9040327
 9041030
 9039978
 9022552
 9023325
 9028888
 9030235
 9030003
 9031729
 9033539
 9030681
 9031750
 9030850
 9032241
 9034721
 1175439
 9035019
 9034141
 1332503
 9037641
 9040276
 1354643
 9039812
 9037808
 9039555
 9040729
 9037653
 1014346
 1175592
 1175597
 9038190
 9038213
 9038146
 9039827
 9009677
 9010020
 9011945
 9019350
 9018258
 9019780
 9022098
 9027256
 9031890
 9033081
 9033479
 9037374
 9037377
 9034757
 9035719
 9039826
 9039956
 9038809
 9039899
 9040507
 1387552
 9039492
 9040156
 9040220
 9037827
 9040023
 1163960
 9038521
 1175456
 9020282
 9036093
 9039481
 9039422
 9038126
 9038802
 9039722
 9040395
 8990973
 8989341
 1390750
 8997593
 8996649
 9003341
 9006409
 9007191
 9004440
 9007648
 9007810
 9010735
 9008163
 9012047
 9014017
 1312333
 9011138
 9011542
 1336134
 9020572
 9021278
 9018215
 9017161
 9019297
 9021407
 9019277
 9024508
 9021856
 9023258
 9022027
 1390932
 9029771
 9028869
 9028775
 9029123
 9027996
 9026915
 9029575
 9028375
 1243663
 9026846
 9029664
 9029674
 9029680
 9030347
 1387472
 1387479
 9031258
 9032473
 1368308
 9032236
 9030692
 9032094
 9035006
 9035698
 1354556
 9034289
 9034253
 9035100
 9035589
 1387519
 9033796
 1368179
 9036919
 9034375
 9034413
 9034620
 9034806
 9035777
 9036207
 9034188
 9037715
 9041162
 1175579
 9038961
 1160199
 9038790
 1362122
 9037733
 9019270
 1354510
 9034292
 1354581
 1354583
 9036124
 1291904
 9036821
 9035225
 9036832
 1126888
 1354706
 9040588
 9040746
 9040063
 9040816
 9039986
 9038389
 9040736
 9039370
 1387547
 9039652
 9040657
 9041235
 9037993
 9038286
 9039366
 9038404
 9038476
 1160568
 9039455
 9039838
 9040080
 9038975
 9038537
 9040613
 9038588
 9038035
 9039289
 1253904
 8967773
 1324309
 9029520
 9026429
 9029736
 9027053
 9026620
 9027951
 9032452
 9032564
 9031404
 9033156
 9033610
 1387488
 9031268
 9034838
 9036479
 9037089
 9036672
 9037153
 9034038
 9035930
 9034857
 9037572
 9040433
 9041020
 9039115
 9039518
 9039966
 9040482
 9040234
 9038850
 9029507
 9031822
 9032033
 9034380
 1368171
 1293388
 9039663
 9039291
 9040470
 9038171
 9038369
 9040354
 9038515
 9038900
 9002534
 9019271
 9019874
 9022744
 9033669
 9031607
 9037397
 9035980
 9036704
 9038811
 9037807
 9040799
 9040902
 9039212
 9038154
 9020519
 9021145
 9018310
 1323850
 9025996
 9026411
 9032938
 1323778
 9030525
 9031437
 9032307
 9033358
 9032110
 9036035
 1323239
 1239430
 9034098
 9036762
 9036674
 9034946
 1324339
 9034516
 9036725
 9036338
 9038602
 1323623
 1323640
 9041195
 9041082
 9038264
 9038942
 9039169
 9039974
 1328048
 9011281
 9018649
 9022985
 9029594
 9027404
 9034967
 9036545
 9039622
 9038881
 9039180
 9038727
 9039225
 9040358
 8988762
 9000648
 9007667
 9007669
 9025550
 9023443
 9022387
 9027743
 9029789
 9026856
 9030666
 9032639
 9030122
 1175406
 9031918
 9031430
 1362103
 1362105
 9032604
 9035672
 1354554
 1354579
 9034229
 9033977
 9036087
 9037099
 1198855
 9035990
 9034627
 9036556
 1324342
 9035856
 9040769
 9040201
 9040348
 9038598
 9039962
 1323636
 9038274
 9038347
 9037806
 9039190
 9040192
 9040674
 1160564
 9037573
 9038884
 9040140
 9038423
 9038616
 9037651
 9011898
 9020547
 9023721
 1324308
 1324322
 9029441
 9032814
 9035065
 9033831
 9034645
 9034667
 9036921
 9036558
 9036723
 9041222
 9038692
 1126893
 9040499
 9040900
 9038601
 9039677
 9040717
 9040989
 9040450
 9040268
 9041130
 8961110
 1201689
 8991845
 9001470
 9002786
 9001429
 9007099
 9005355
 9018193
 9017785
 9026438
 9026694
 9031351
 1387477
 9030926
 9030945
 9030978
 1354573
 1387526
 9034284
 1366148
 9037039
 9040527
 9038922
 9038728
 9038619
 9025753
 9024413
 9029964
 9029966
 9037075
 9036822
 1240589
 1339480
 9037870
 9038114
 9038892
 1240601
 9039763
 9040687
 9038411
 1381959
 9029683
 9029751
 9033574
 9031502
 9032494
 9031898
 1243578
 9032263
 9031051
 9035535
 9037190
 9037361
 9035615
 9035951
 9036580
 9037077
 9036168
 9035713
 9035975
 9035957
 9037211
 9037243
 1293392
 9035504
 1324338
 9035191
 9035764
 9038880
 9038902
 9039350
 9038023
 9040404
 9040708
 9041229
 9038394
 9038654
 9039846
 9039852
 9040457
 9040488
 9040851
 9041023
 9041098
 9038697
 9040636
 9040884
 9038913
 9039987
 1323615
 1323647
 9039585
 9038350
 9038356
 9038639
 9039347
 9039778
 9039783
 9040490
 9039359
 9039354
 9041127
 9041219
 9037599
 9039888
 9039503
 9040305
 9040931
 1240624
 9040067
 9040544
 9040904
 9039910
 9039936
 1160194
 9039711
 9039909
 9039287
 9037776
 9039644
 9041039
 9038168
 9041072
 9040686
 9041077
 9022472
 9025240
 9028762
 9026631
 9031540
 9032477
 1254903
 9035808
 9037065
 9036478
 1323639
 1291909
 1291910
 9041055
 1366316
 9004385
 9019181
 9020693
 1126336
 9029632
 9031241
 1010877
 1339447
 9032316
 9035365
 9034836
 9034833
 9036408
 9036817
 9035811
 9036536
 9037027
 9035331
 9036963
 1368181
 1175446
 9036924
 9036281
 9033746
 9036493
 1243585
 9034261
 9035616
 9034405
 1196664
 9040690
 9040703
 9041112
 1387551
 9039214
 9038437
 9039263
 9039885
 9039529
 9038147
 9040671
 9037879
 9038207
 9038483
 9039250
 9041048
 9028373
 9031024
 9037380
 9034080
 9037676
 9038977
 1387543
 9038959
 1175581
 9040154
 9040705
 9039890
 9035295
 9037207
 9014797
 9031440
 9032348
 9036148
 9036941
 9034455
 9038176
 9038976
 1160185
 9038837
 9040714
 9040861
 9038115
 9038737
 9039323
 9038341
 1339481
 9040740
 9036037
 8968015
 1341219
 8981652
 8993525
 8999726
 1387208
 9012661
 9019068
 9025523
 9024269
 9025584
 9024079
 9026793
 9029040
 1240584
 9026916
 9027131
 9031633
 9032744
 9030528
 9031500
 9033546
 1126887
 1126890
 9035588
 9035918
 9036394
 9037032
 9035636
 9036915
 9034993
 9036130
 9037283
 9036421
 9036577
 9034220
 9035725
 9034132
 9036712
 9039580
 9039856
 9040232
 9040244
 9038005
 9039228
 9040189
 9041017
 9041152
 9039729
 9039993
 9037665
 9037934
 9038861
 9038056
 9039688
 9038156
 9037687
 9039420
 1379915
 9038068
 9038964
 9040751
 9040815
 9038101
 9038102
 9037556
 9037635
 9038611
 9038711
 9039700
 9040917
 9040925
 1014557
 1175596
 9039914
 1160557
 1160183
 9038383
 9037959
 9039425
 9040010
 9040424
 9038307
 9039564
 9038794
 9038798
 9038841
 9039685
 9039500
 9040392
 9038228
 9038232
 9038870
 9039216
 9040512
 9040554
 9038260
 9015804
 9015900
 9021294
 9022369
 9022898
 9026118
 9026447
 9027546
 9028830
 9030519
 9032001
 9031588
 0775880
 9031121
 9036060
 1332458
 9037167
 9037053
 9037338
 9035307
 9035374
 9036082
 9037642
 9038752
 9038653
 9040413
 1387533
 9040097
 9038579
 9039466
 9039828
 9038835
 9038945
 1381958
 9025336
 9021790
 9022088
 9029278
 9031201
 9036345
 1354613
 9037343
 9033943
 9035107
 9041052
 9041104
 9041158
 9038247
 9038123
 1387553
 9038917
 9040886
 9041085
 9037598
 9039881
 1305106
 1324131
 1324126
 1324243
 1324244
 9014717
 9016530
 9018716
 9020950
 9024039
 1324320
 9027119
 9026909
 9026820
 9027159
 9030130
 9037370
 9010365
 9019491
 9018795
 9028971
 9029434
 9028889
 9029564
 9026577
 9029322
 9027838
 9029267
 9032733
 9031727
 9033657
 1323770
 9029934
 9031794
 1249018
 9036438
 9007253
 9004578
 1387325
 9010969
 9024936
 9024859
 9031176
 9033124
 9032933
 9032944
 9035745
 9037251
 9037262
 9034523
 9036005
 9036415
 9040888
 9039077
 9040542
 9041049
 9041101
 9040497
 9040919
 9040973
 9037831
 9038013
 8936629
 8990464
 8994443
 0978679
 8997940
 8998626
 9001096
 9002077
 9002630
 9000676
 9005774
 9005609
 9007500
 9009486
 9007562
 9009570
 9012841
 9012943
 9014126
 9011113
 9011116
 9016020
 1323336
 9017127
 9018394
 9020634
 9024989
 9025044
 9024444
 9025798
 9024735
 9025003
 9025540
 9023058
 9023731
 9024784
 9023559
 9023458
 9027740
 9028483
 9028616
 9027824
 9029660
 9029790
 9029793
 9026100
 9027688
 9027998
 9027512
 9027978
 9028284
 9030252
 9030157
 9031788
 9032309
 9032510
 9033604
 9032874
 1323987
 9030789
 9030889
 9033016
 9033357
 9033575
 9033643
 9029933
 9030457
 0977328
 1198823
 9031491
 9031668
 9031117
 9030807
 9030327
 1381684
 9030711
 9035361
 9035363
 9035758
 1354570
 1354580
 9036114
 9035989
 1323607
 9035727
 9037200
 9037202
 9034944
 9035635
 9036932
 9036381
 9034306
 9036450
 9034926
 9038693
 9038615
 1323637
 1323641
 9038054
 9038212
 9039083
 9039308
 9038012
 9038377
 9037820
 9040284
 9038272
 9038851
 8989290
 1387204
 9013304
 9025563
 9022715
 9024842
 9029909
 1387515
 1387517
 1387518
 1175438
 9034123
 8997689
 9006139
 9021822
 9026016
 9026711
 1352366
 9031825
 9031225
 9034631
 9035933
 9036010
 1354577
 9037083
 9035741
 9037049
 9041201
 9038203
 9037981
 9039586
 1332509
 9038025
 9038109
 9039145
 9038502
 9040390
 9038019
 9039833
 9038319
 9038322
 9040812
 9040722
 9038824
 9039400
 9038637
 9039017
 9039091
 9039508
 9039099
 1390823
 1381686
 9041073
 9033503
 1339487
 9038747
 9039747
 9041129
 9039382
 9002969
 9002705
 9006001
 1322285
 9036549
 9037579
 9037972
 9038116
 9038901
 9039310
 9037622
 9038486
 9040361
 9040742
 9038165
 1014331
 1160566
 9038496
 9039907
 9038143
 9039490
 9040034
 9038943
 9002500
 1366443
 9013403
 9024115
 9024924
 1381294
 9031533
 1379882
 9030972
 9033336
 9037450
 9035136
 9035333
 9035638
 9035674
 9036717
 9034609
 9038357
 9037988
 9037991
 9040762
 9041121
 9041076
 9038705
 9039629
 9040899
 9040905
 9040911
 9038279
 9040914
 9039334
 9040183
 9041086
 9041134
 9041144
 9039189
 9040692
 9040908
 9040922
 9040966
 9040378
 9039720
 9025471
 9022101
 9022995
 9033322
 9037418
 9036998
 9035671
 1365630
 1365645
 9035756
 1366276
 9023246
 9023130
 9028503
 9033515
 9031026
 1198793
 9035958
 9035325
 9038887
 9037848
 1198877
 1198797
 9038254
 9038294
 9040840
 8982461
 9012517
 1387439
 9028071
 1381300
 9030284
 9033841
 9036792
 9039539
 9039237
 1160189
 9040451
 1366264
 9009777
 9014881
 9015204
 9015890
 9017490
 9023820
 9024285
 9024815
 9027752
 9028802
 9026329
 9027189
 9033688
 9030849
 9032354
 9031567
 1323985
 9029957
 9030055
 9031790
 9032439
 9031669
 9037093
 9037376
 9034923
 9034165
 9034607
 9037209
 9035538
 1272728
 9035768
 9035239
 9034676
 9035009
 9036339
 9034075
 9034460
 9035873
 9041155
 1332506
 9037639
 9038489
 9040148
 1354966
 1354998
 9038490
 9040466
 9040650
 9040676
 9040750
 9038031
 9039111
 9038271
 9038580
 9039100
 9039646
 9038182
 9039319
 9038009
 9038532
 9039374
 9039504
 9040271
 9040505
 9040915
 9041053
 9041109
 9038914
 9038072
 9040548
 9040867
 9041058
 9041071
 9041172
 9037723
 9037734
 9039416
 1014337
 1175595
 9037575
 9037909
 9037917
 9041196
 9039013
 9040993
 9039532
 9038843
 1126325
 9024983
 9022245
 9025577
 9023004
 9029344
 9032205
 9032408
 9032071
 9036318
 9037444
 9033760
 9035664
 9036116
 9036964
 9034440
 0979094
 0979097
 9038418
 9039444
 9037574
 9037845
 9040060
 9039181
 9037868
 9037764
 9031683
 9031688
 9032371
 9036659
 9035649
 9035659
 9039599
 9038217
 9012653
 9036592
 1175445
 1339485
 9039469
 9039581
 1362120
 1362121
