16-07-07
 9046878
 9055687
 9026040
 9031644
 9044809
 9048477
 9045370
 9045712
 9046926
 9052141
 9049539
 9054365
 9052790
 9052795
 9055493
 1240670
 9053467
 9054806
 9057035
 9056942
 9058516
 9059175
 9057558
 9059245
 1387714
 9056057
 9056368
 9058778
 9024138
 9045236
 9052312
 1249057
 9055404
 9055715
 9052919
 1254915
 9058548
 9059033
 9056675
 9056707
 9056840
 9059037
 9057989
 9058068
 9058248
 9059041
 9028101
 9031732
 9039487
 9044441
 9044480
 9042499
 9051594
 9049151
 9051148
 1126948
 9055512
 9053799
 9053451
 9055183
 9054261
 9055018
 9052664
 9058957
 9057774
 9059123
 9056572
 9057263
 9057458
 1323079
 9055960
 9059019
 9056730
 9058103
 9057938
 9058320
 9056702
 9056741
 9056811
 9059271
 9059470
 9059504
 9058894
 9058000
 9057545
 1198944
 9059260
 1324366
 9059173
 9056894
 9057612
 9056177
 9058780
 9041314
 9056085
 9031095
 9032308
 9037095
 1366015
 9042016
 9048731
 9053871
 9058722
 9058760
 1240722
 1240703
 1240741
 9058225
 9056608
 9036852
 9038277
 1163957
 1297651
 9050468
 9049693
 9049698
 9051021
 9031599
 1240524
 1291843
 9027795
 9029754
 9047322
 9050946
 9050589
 9054952
 9053355
 9052988
 9057306
 9057664
 9058165
 1379212
 9055969
 9056082
 9055991
 9056111
 9057281
 9058231
 1359471
 9053416
 9053457
 9053341
 9056012
 9059116
 9055945
 9057297
 9057304
 9056339
 9056587
 9057482
 9058185
 9058211
 9057374
 9059141
 9056701
 9053773
 9042090
 9048735
 9051229
 9049200
 1126941
 9053574
 9055563
 9020294
 9024812
 9024823
 9023585
 9028581
 9027659
 9026775
 1323236
 9037067
 9036469
 9039718
 9044838
 9043536
 9044994
 9047283
 9048471
 9045029
 9050035
 9051976
 9050480
 9050576
 9048807
 1196715
 9052564
 9055354
 9055391
 9055799
 9055447
 9052725
 9053449
 9054273
 9054552
 9055461
 9055529
 9054969
 9053247
 1240758
 9055541
 9053107
 9053079
 9054092
 9055494
 9055222
 1254917
 9057523
 9059330
 9056025
 9057980
 9055939
 9056073
 9056705
 9056043
 1115658
 9057623
 9057416
 9059135
 9059169
 9059400
 9056679
 9058293
 9058595
 9058597
 9058605
 9059397
 9059409
 9056835
 9057723
 9058376
 9058936
 9059198
 9059367
 1387718
 9057501
 9057407
 9056712
 9057971
 1359487
 9057363
 9057473
 9058908
 1249951
 9057667
 9022443
 9040841
 1393500
 9050752
 9052295
 9047230
 9051178
 9051336
 9055590
 9053399
 9055584
 9013191
 9026675
 9026879
 9031433
 1160558
 9041829
 9048596
 9046946
 1304187
 1387663
 9051887
 9053183
 9053186
 9054396
 9054699
 9052567
 9054606
 9053801
 9055885
 9053751
 9053664
 9057386
 9059179
 9056101
 9059300
 9058155
 9059395
 9058055
 9056490
 9056331
 1390790
 1390791
 9056928
 9028699
 9032787
 9047044
 9051953
 9050852
 9052122
 9050657
 9033685
 9037449
 9048233
 9053766
 9017375
 1332371
 9035910
 9038295
 9042925
 9042743
 9041855
 9051319
 9051886
 9050444
 9055546
 9053487
 9054688
 9052979
 9053841
 9054013
 1323051
 9057006
 9059221
 9057922
 9059046
 9058010
 9058043
 9048041
 9047343
 9045904
 9050109
 1312468
 9049177
 9049945
 9055643
 9052572
 9052575
 9046954
 9049162
 9034554
 9041056
 1387580
 9045963
 9047202
 9047416
 9052241
 9050691
 1249053
 9054997
 9054885
 9055017
 9055026
 9052818
 9054259
 9054470
 9054984
 9055269
 9055684
 9055790
 9055761
 9052991
 1128319
 9055326
 9055698
 9053795
 9054884
 9057745
 9056786
 9057197
 9056277
 9056746
 9058567
 9059127
 9057234
 9058056
 9059448
 9056311
 9057062
 9056758
 9056905
 9057013
 9059185
 1328264
 9057372
 9053174
 9056479
 9046136
 9046406
 9048765
 9050560
 1381636
 9052723
 9053200
 9052748
 9054229
 9052940
 9052945
 9052816
 9057580
 9058469
 9059089
 9058204
 9058227
 9058438
 1293378
 1312442
 9052980
 9054730
 9056064
 9056603
 9057957
 9057822
 9058440
 9056672
 9057714
 9058127
 9056877
 9058649
 1240402
 9057424
 9057945
 9056728
 9058901
 9058086
 9053011
 1239546
 9056768
 9058602
 9059206
 9059301
 1387712
 9039657
 1126912
 9049523
 9048985
 9052331
 1297653
 9049808
 9053790
 9054703
 9054864
 9055022
 9055791
 9054851
 9052532
 9052714
 1304294
 1359454
 9053321
 9054297
 9052633
 9052636
 9057542
 9059270
 9059393
 9056316
 9059265
 9058061
 9056580
 9056051
 9058223
 9057912
 9058575
 9057337
 9057620
 9058250
 9059140
 9059381
 1387701
 9058062
 9055948
 1304301
 9056795
 9057181
 9057292
 9059387
 9056713
 9056693
 9057640
 9057695
 9018673
 9023472
 9027509
 9027331
 9027462
 9039917
 9042955
 9046309
 9051904
 9050419
 9050856
 9051141
 9051450
 9050172
 9055581
 9055366
 9055374
 9053614
 9053048
 9055277
 9053593
 9055020
 9055141
 9055385
 9055030
 1323262
 9053705
 1390834
 9057028
 9058170
 1323070
 9056070
 9056184
 9058833
 9056157
 9057539
 9057609
 9058244
 1240406
 1368199
 9058689
 9058388
 1336091
 9059323
 9040689
 9042044
 1160314
 9016769
 9016560
 9031998
 9036565
 9036254
 9043991
 9042131
 9043638
 9048189
 9050135
 9055805
 9053141
 9053743
 9057638
 9056024
 9058535
 1368312
 9056667
 9057404
 9058932
 9056302
 9058729
 9058919
 9059053
 9031133
 1381680
 9047293
 9049223
 9053675
 1387687
 9053295
 9058755
 9058521
 9058946
 1387705
 1387709
 9056691
 9057019
 9057034
 9059236
 9059081
 9057963
 9059254
 9057082
 9057092
 9059048
 9057597
 9056249
 9057359
 1381551
 9058773
 9018554
 9021777
 9036273
 9040777
 1366016
 9043216
 9043389
 9043550
 9043874
 9045091
 9048449
 9045003
 9047301
 9047145
 9046538
 9046776
 9046787
 1191685
 9048738
 9051775
 9052265
 9051520
 9051290
 9048704
 9050616
 1177905
 9051089
 9055106
 9053498
 9055389
 9054325
 9055074
 9053800
 9057204
 9057982
 9059094
 9057266
 9058015
 9059029
 9059132
 9059403
 9059452
 9056446
 9058791
 9055946
 9057130
 9057717
 9057819
 9059269
 9056940
 9057361
 9056530
 8986082
 8998707
 8996898
 1239728
 8999053
 8998513
 8996336
 9002172
 9002716
 9001455
 9000504
 1339444
 9022152
 9049717
 8984960
 1239528
 9052833
 9057059
 9058175
 9057441
 9057472
 9057058
 1368321
 9056722
 9051104
 9050228
 9018266
 9026377
 9032500
 9034883
 9037595
 9037623
 9046913
 9053642
 9052483
 9052570
 9054346
 9059546
 9059085
 9057392
 9055919
 9057758
 1126910
 9017698
 9026973
 9033080
 9031657
 9037108
 9034534
 9040616
 9039964
 1323481
 9042506
 9045088
 9047216
 9048181
 1240608
 9047179
 9047357
 9047532
 9046341
 9051075
 9051796
 9051815
 9053044
 9053589
 9055203
 9055012
 9053721
 9055027
 1163970
 1390828
 9058381
 1323005
 1240401
 1240305
 1304315
 9056321
 1381637
 9037751
 9049617
 9056327
 1387710
 9057577
 9057137
 9058145
 9056209
 9058484
 9056726
 9023383
 9040441
 9042697
 9047310
 9047740
 9048494
 9052053
 1194655
 9049219
 9048947
 9050414
 9048893
 9050692
 9053635
 9053913
 9053202
 1341697
 9053539
 9052683
 9052854
 9054430
 1304295
 9054726
 9053307
 9054556
 9054084
 9055755
 9056483
 9058139
 9058715
 9057962
 9056293
 9059018
 9056045
 9056724
 9057191
 9058283
 9058498
 9059006
 9059014
 9059167
 9056284
 9057803
 9058005
 9056019
 9056912
 9057767
 9058471
 1324377
 1381604
 9056731
 9028008
 9030129
 9038283
 9043238
 9043571
 9042731
 9045328
 9045983
 9047411
 9045495
 9051289
 9051395
 9052102
 1194597
 9050765
 9049917
 9053925
 9054683
 9053714
 9054903
 9055011
 9052892
 9052773
 9054564
 9055196
 9054217
 9054610
 1323083
 1323090
 9058731
 9059391
 1387707
 1240746
 9057319
 9056945
 9058848
 9057993
 9058123
 9059477
 1324369
 9056140
 9056443
 9033937
 9042467
 9041333
 9050031
 9054143
 9054490
 9052586
 9055973
 1010950
 9056606
 1217726
 9039533
 9047383
 9046051
 9050415
 9049684
 9050623
 9053877
 9053294
 9055301
 9052800
 9054698
 9054415
 9054068
 9055483
 9058014
 9057048
 9058243
 9058186
 9056682
 9057153
 9057219
 9057656
 9058105
 9058222
 9058344
 9058377
 9059118
 1368322
 9056470
 9058884
 9053432
 9053944
 9052993
 1387721
 1362157
 1354442
 9017086
 9032260
 9042010
 1236830
 9049733
 9051715
 9052163
 1379612
 9050161
 9051883
 9051137
 9050334
 9053601
 9053728
 9055344
 9052890
 1239025
 9054160
 9055278
 9052685
 9055031
 9053564
 9055406
 9053957
 9054809
 9053274
 9053331
 9055650
 1254918
 9059554
 9058405
 9058563
 9056373
 9057075
 9059189
 9056242
 9057434
 9058643
 9059312
 1010542
 9056482
 9056574
 9058263
 9058849
 1323085
 9056806
 9058587
 9059235
 9056292
 9056404
 9056816
 9059313
 9059316
 9059319
 9059392
 9059421
 9059445
 1387704
 1387717
 9057924
 9056683
 9056871
 9056875
 9058053
 1240713
 1240413
 9058116
 9058515
 9058902
 9058967
 9058357
 9056777
 9057710
 9058434
 9058805
 9057418
 9057510
 9057490
 9057883
 9058167
 9058827
 1354718
 9043872
 9044290
 9047990
 9047998
 9051806
 9054629
 9059526
 1115661
 9055964
 9058373
 9053288
 9053296
 1359089
 9054420
 9058956
 9056681
 9058041
 1323793
 9057369
 9059007
 9056921
 9058830
 1240306
 9056541
 1291953
 9057199
 9058322
 1368196
 9056196
 1160318
 9058579
 1359479
 9059527
 9059153
 9056743
 9057037
 9057203
 9058486
 9058787
 9056128
 9059159
 9029939
 9044123
 9046255
 9047020
 9051539
 9059120
 9058385
 9058430
 9057950
 9058097
 9059223
 9057450
 9058489
 1368200
 9057898
 9059375
 9057896
 1160315
 9057931
 9057055
 9058609
 9056124
 9059155
 9044768
 9046855
 9049582
 9057052
 9058049
 9056975
 1387716
 9057529
 9056114
 1240724
 9057914
 9059238
 9059277
 9056412
 9056922
 9057899
 1341758
 8990923
 8990422
 9002549
 9017581
 9029098
 9046614
 9050379
 9050299
 9053864
 1128317
 9054776
 9052629
 1254285
 9058864
 9058899
 9056429
 9056982
 9005101
 9044075
 9050878
 9049870
 9055468
 9055414
 9058279
 9058159
 9056338
 9057143
 9057154
 9057826
 9058193
 9057519
 9058659
 9058947
 9059022
 9059070
 9059077
 9059249
 9058342
 9058779
 1323065
 1323086
 1323094
 9056033
 9056380
 9057124
 9059237
 9056711
 9059412
 9056991
 9059294
 9059121
 1189030
 9056273
 9056827
 9056861
 9056748
 1240407
 1240707
 9057216
 9058031
 9058705
 9057594
 9058608
 9057210
 9057582
 9058021
 9057085
 1198937
 9059056
 9056421
 9056996
 9055941
 9056614
 9056633
 9057799
 9058124
 9056135
 9056473
 9056737
 9057213
 9058819
 9057346
 9057531
 9022441
 9044879
 9042884
 9046898
 9045774
 9047414
 9051653
 9050195
 9050703
 9055409
 9052437
 9053222
 9056641
 9057633
 9059388
 1354792
 9057608
 9059438
 9048608
 9059493
 1010947
 1381558
 1323906
 9041842
 9048606
 9058696
 9058562
 9059333
 9059450
 9058636
 1393445
 9057725
 9057923
 9059382
 9056583
 1390838
 9056206
 1324365
 1324364
 9056924
 9056844
 9056913
 9059043
 9059243
 9027475
 9032865
 9051857
 1381633
 9055548
 9054020
 9052546
 1254283
 9054600
 9058156
 9058181
 9058910
 9057273
 9057486
 9058672
 9059066
 9059275
 9059426
 1387715
 9057173
 9058733
 9056947
 1381605
 9021839
 9025586
 9026119
 9029931
 9034477
 9037631
 9037812
 9042056
 9043217
 9046057
 9047895
 9048257
 9051145
 9052266
 1312467
 9051128
 9051566
 9053966
 9054370
 1128318
 9054719
 9054666
 9053468
 9052978
 9053972
 9052535
 9052806
 9052821
 9053619
 9054899
 9054712
 9059083
 9059552
 9059441
 9058813
 9057296
 9057762
 1323064
 1323006
 9058197
 9056044
 9059184
 9056360
 9056631
 9057684
 9058121
 9058613
 9056167
 9058210
 1382687
 1163972
 9046404
 9053940
 1381005
 9021008
 1198903
 9034842
 1354677
 9041192
 9046769
 9049182
 9049801
 1232147
 9053092
 9054355
 9054167
 9053241
 1128320
 9052495
 9057562
 9056970
 1323057
 1323087
 1323093
 1341690
 1341692
 9058319
 9057494
 9056721
 9058348
 9058954
 9058153
 9058171
 9059213
 9058386
 9059535
 9056023
 9058190
 9056980
 9056359
 9057120
 1381274
 9047523
 1381638
 9050079
 9059112
 9037982
 9039108
 9044139
 9042201
 9045557
 9050550
 9052135
 9050497
 9050319
 9050607
 9050370
 9052030
 9059087
 9057275
 9056141
 9059230
 9059096
 9059187
 9057570
 9057874
 9056448
 9056436
 9056589
 9029904
 9041908
 9047255
 9049550
 9051136
 9054135
 9055260
 9055066
 9053303
 9056637
 9057003
 9057741
 9057459
 9058212
 9058798
 1198931
 9056933
 9057026
 9057032
 9057411
 9057509
 9058384
 9014391
 9014885
 1328035
 9018902
 9024467
 9024058
 9026961
 9027775
 9029416
 1332397
 9032811
 9035108
 9055073
 9054045
 9052759
 9059550
 9059068
 9059361
 9058918
 9059307
 9057188
 9057095
 9058508
 9059060
 9059253
 9059352
 9056387
 9057952
 1381553
 9058621
 1254923
 9028984
 9040377
 9040951
 9042658
 9051895
 9049887
 1341663
 9052168
 9050331
 9050151
 9049109
 9052711
 9055226
 9054906
 9052990
 9053899
 9053907
 9059378
 9056678
 9058988
 9057390
 9059501
 9059115
 9058366
 9056751
 9058547
 1379213
 9057970
 9019461
 9027994
 9036695
 9052381
 9050443
 9051268
 9055536
 9053337
 9055621
 9054507
 9055049
 1366098
 1324356
 9055201
 9053499
 9054339
 9058966
 9058922
 9057848
 9056971
 9056771
 9059109
 9057685
 9058566
 1198945
 9047527
 1189565
 9051163
 9050249
 1390763
 9053844
 1240759
 9053329
 8993926
 9003427
 9004690
 1379461
 9013789
 9011457
 9015928
 9025210
 9024498
 9032581
 9030120
 9036336
 1272694
 9038396
 9038600
 9044766
 9044449
 9043553
 9046260
 9047978
 9046881
 9045812
 9051066
 9050985
 9048966
 9050296
 9050513
 9050923
 9049804
 9051108
 9049798
 9053647
 9052568
 9054171
 9054630
 9054646
 9055540
 9054804
 9054094
 1387669
 9054468
 9053245
 9052574
 9053250
 9054545
 9055043
 9054400
 9053785
 9054896
 9053478
 9054909
 9056579
 9059274
 9057671
 9058260
 9058786
 9059318
 9059373
 9056203
 9058789
 9059008
 9056981
 1323053
 1323063
 1323066
 1323074
 1323095
 9057972
 9057528
 9057631
 9059107
 9059315
 9057974
 9059320
 9059496
 9058626
 9058192
 9057953
 9058258
 9057208
 9058474
 9058491
 9058984
 9059544
 9059545
 9055986
 9057961
 9057044
 9056130
 9057241
 9058202
 9058511
 1196699
 9042266
 9047781
 9047772
 1366954
 9045985
 9050619
 9052246
 9051834
 9051410
 9052418
 9053869
 9054582
 9056440
 9057237
 9038408
 9044952
 9051575
 9058022
 8985931
 8999452
 1362050





