16-07-23
 9085193
 9086241
 9090235
 9101286
 9105394
 9103181
 9106146
 9103224
 9106953
 9109014
 9107332
 9110620
 1322394
 9110487
 9110991
 9112700
 9113924
 9111062
 9111909
 1393563
 9113969
 9109725
 9109711
 9108292
 9069376
 9080251
 9084133
 1163319
 9088084
 9092155
 9094608
 1243683
 9099452
 9103899
 9105467
 1011961
 9102700
 9105723
 9109454
 9109256
 9107088
 9109546
 9110851
 9110891
 9110943
 9110983
 1294031
 9110118
 9110171
 0647237
 9110131
 9114268
 9111905
 9113306
 9113974
 9113879
 9111688
 9112696
 9112806
 9112215
 1323742
 9112292
 9111430
 9111701
 9113311
 9112128
 9114264
 9113132
 9113581
 9111524
 9112924
 9113371
 1160496
 1359441
 1315018
 9113765
 9112580
 9111293
 9112715
 9104087
 9110201
 9114449
 9114451
 9082253
 9085690
 9086967
 9086687
 9094884
 9101413
 9090144
 9094274
 9104621
 9110255
 9110196
 1394012
 9111769
 9114286
 9114253
 1323450
 9111715
 9112759
 9111566
 1196953
 9077149
 9080740
 9080770
 9084980
 9085286
 9086535
 9088666
 9088690
 9091749
 9091410
 9096810
 9100421
 9081924
 9038010
 9039751
 9047652
 9045453
 9049374
 9049727
 9051634
 9055328
 9053778
 9067398
 9069518
 9067453
 9078752
 9083842
 9081246
 9088143
 9085555
 9085560
 9090115
 1196877
 9096876
 9096132
 9094620
 9100355
 9098953
 9098971
 9099325
 9103756
 0978967
 9092693
 9107957
 9110703
 9110105
 9110328
 1253923
 1253926
 9110778
 9111073
 9113848
 9111378
 9111080
 1372241
 1372168
 1253862
 9076906
 9099499
 9103408
 9103942
 9104796
 9104660
 9103947
 1310907
 9109839
 9105074
 9108802
 9109349
 9108074
 1353905
 9077079
 9088895
 9102448
 9100973
 9104640
 1160392
 9105238
 9107432
 9109892
 9107538
 9107704
 9108686
 9108693
 9108702
 9109811
 9106771
 9107185
 9106570
 9106572
 9107775
 9107256
 9110768
 9110887
 9110927
 9110751
 9110791
 9110832
 9110850
 9110892
 9110947
 9110954
 9110459
 9110946
 9110948
 9110951
 9110248
 9110364
 9110185
 9110562
 9110839
 9110419
 9111122
 9112570
 9113036
 9114140
 9112546
 9113573
 9113892
 9113906
 9113910
 9114128
 9114132
 9113403
 9111608
 9112058
 9112932
 9113100
 9113194
 9114331
 9114366
 9114400
 1323741
 1323743
 9113948
 9113497
 9113350
 9113930
 9113995
 9114219
 9114222
 9111659
 9111424
 9112818
 9112858
 9114218
 9114252
 9114325
 9114332
 9111426
 9112918
 9112073
 9113761
 9112273
 9113549
 1160511
 9113950
 9111295
 9112362
 9112703
 9070439
 9093116
 9095727
 9094709
 9098327
 9099071
 9099550
 9102223
 1236985
 9101046
 9102103
 9104167
 1378022
 9104401
 9102791
 1115699
 9108472
 9107281
 9106984
 9107915
 9104657
 9112447
 1312721
 9078302
 9083638
 9081111
 9082056
 9081274
 9081150
 9086149
 9089955
 9091849
 9089443
 9097491
 9096781
 9097637
 9095278
 9096517
 9101523
 9101545
 9102178
 9100424
 9100829
 9101259
 9104580
 9103898
 9103106
 9105416
 9105347
 9103693
 9104171
 9104904
 9105197
 9105535
 9103371
 9107336
 9109874
 9108318
 9107610
 9107819
 9107798
 9108215
 1366719
 9106375
 9109292
 1284438
 0647228
 9111521
 9113333
 9112559
 9112880
 9114022
 1393987
 1291985
 9112740
 9113994
 9114025
 9112065
 9112225
 1160521
 9112772
 9111491
 9113607
 9113913
 1326252
 1305262
 9111570
 9102513
 9102533
 9112499
 9114436
 9104903
 9103416
 1234234
 1160398
 9108572
 1310916
 9107098
 9106459
 9109182
 9110583
 9110912
 9110287
 1010065
 1332829
 9111183
 9111973
 9113118
 9112300
 9112252
 1372170
 9090936
 9099214
 9099350
 9101732
 9100187
 1358713
 9101776
 9101368
 9099564
 9103539
 9106258
 9087571
 9091374
 9089099
 9093463
 9095910
 1390866
 9105427
 9104627
 9108353
 9108723
 9109818
 9110510
 9110675
 9110777
 1239983
 9110830
 9110974
 9111001
 9110900
 9110876
 1249091
 0647231
 0647236
 9111649
 9113089
 9111215
 9111776
 9112642
 9111365
 9111907
 9113340
 9113925
 9113960
 9114152
 9114342
 9114346
 9113071
 9113819
 9113862
 9113634
 9111503
 9111538
 9113840
 9111456
 9111665
 9104632
 9104861
 9108858
 9110570
 1236943
 9109814
 9107389
 9075155
 1387941
 9105245
 9104619
 9108591
 9110436
 9111719
 9112408
 9113659
 9112233
 9112424
 9111738
 9111327
 9113243
 9113542
 9111269
 9113889
 9114499
 9114500
 9111654
 1372242
 1372216
 1372472
 9107341
 9101116
 9109913
 9111620
 9111199
 9114198
 9111959
 1294050
 9072681
 9085700
 9085525
 9105773
 9104197
 9102811
 9103707
 9102742
 9102835
 9106903
 9108082
 9106758
 9107220
 9106385
 9108136
 9110907
 9110925
 9110574
 9110805
 9110269
 9110828
 9110868
 9110977
 1294039
 9110833
 9110838
 9114362
 1376128
 9112022
 9111530
 9114013
 9114472
 9114154
 9112490
 9114413
 9111864
 9112782
 9112669
 9082334
 9085348
 9091214
 9091230
 9091613
 9091455
 9093759
 9093111
 9097865
 9104274
 9103177
 9106091
 9106651
 9109875
 9106647
 9107135
 9109749
 9106772
 9107165
 9110760
 1010110
 1010111
 1010115
 1253929
 9113543
 9112738
 9112769
 9111580
 9113177
 9111806
 1252110
 9112237
 9112241
 9112919
 9113414
 9113426
 9112377
 9113483
 9113629
 9112845
 9112925
 1304325
 9083610
 9091031
 9103655
 9106359
 1394011
 9112359
 9112445
 1332845
 9111114
 9113423
 9111985
 1160499
 9112054
 9069961
 9076869
 1371475
 9083259
 9091313
 9091372
 9095525
 9096664
 9100683
 1160378
 9105955
 9103147
 9109143
 9109455
 1378037
 1160442
 9107869
 9106449
 9107593
 9107109
 9108985
 9110818
 9113295
 1393989
 9111723
 9111888
 9111913
 9114301
 9112472
 9088873
 9089049
 9090048
 9100774
 9100148
 9105676
 1378040
 9109677
 9106894
 9107660
 9107191
 0978987
 9110230
 9110529
 9110238
 9110304
 9114518
 9113529
 9113556
 9111787
 9113820
 1191815
 9112558
 9113480
 1272606
 9111831
 9114310
 9113989
 9112429
 1236950
 9113060
 9114141
 9111870
 9111930
 9111079
 9111732
 9111618
 9111376
 9111388
 9111625
 9112069
 9111544
 9113269
 9100215
 9104840
 9103047
 9109960
 9109801
 9109298
 9108614
 9106462
 1315004
 9110095
 9112017
 9111790
 9111956
 9112306
 9112870
 1358295
 9111800
 9112360
 9111643
 1243233
 1354826
 9074881
 9078643
 9082297
 1378047
 9113730
 9068540
 9068556
 9085112
 9104965
 9106431
 9110765
 9110926
 9110950
 9113044
 9113376
 9056704
 9076824
 9078495
 1323705
 1371481
 9090080
 9090260
 9093056
 9097146
 9097872
 9094679
 9101909
 9100499
 9104035
 9104616
 9102830
 9107418
 9106786
 9108997
 9108495
 9108534
 9106979
 9108095
 9108301
 9109817
 9110683
 9112394
 1191807
 1191880
 9112836
 9113791
 9112074
 9111372
 9111377
 9112613
 9112104
 9090707
 9098609
 9097984
 9106596
 9106458
 9107752
 9107877
 1191818
 9111184
 1315019
 1310941
 9108503
 9109614
 9107658
 9109518
 9107295
 9109166
 9106605
 9107724
 9110567
 9110643
 9110625
 1315005
 9110503
 1324386
 9079922
 9076753
 9077574
 9091696
 1196879
 9094428
 9094974
 9097172
 1324667
 9102629
 9099500
 9100490
 9105969
 9103544
 9102874
 9104232
 9104208
 9106765
 9109882
 9106884
 9107423
 9107714
 9109394
 9107237
 9106610
 9106809
 9110702
 9110593
 9110514
 9110816
 1364316
 1010060
 1010064
 1010112
 9071772
 9096365
 9097018
 9102523
 1366713
 1381345
 9110314
 9110464
 9114432
 1372209
 1239478
 9089518
 9092419
 9101431
 9099869
 9099877
 9105125
 9105306
 9105009
 9103520
 9103281
 9103959
 9104925
 9109158
 9107179
 9107226
 9109595
 9108268
 9109232
 9108740
 9109695
 9109243
 9110277
 9110873
 9110903
 9110653
 1294045
 9110545
 9110750
 9112939
 9113825
 9113720
 9111115
 9112560
 9111867
 1383002
 9111789
 1326104
 9113169
 9113803
 9090213
 9091015
 9091556
 9094486
 9099079
 9099374
 9102069
 9100401
 1324072
 9102689
 9104442
 1239957
 9104141
 9103910
 9104205
 1332824
 9106814
 9108201
 9109977
 9106932
 9109561
 9109883
 9109987
 9109988
 9106745
 9107292
 9106369
 9109438
 9110657
 9110766
 9110767
 9110458
 9110397
 9110506
 9110754
 9110823
 9110869
 9110984
 9110990
 1294029
 9110641
 9114243
 9114279
 9113561
 9113726
 9114119
 9113444
 9112031
 9113078
 9113962
 9114347
 9112973
 1323746
 9112145
 9112625
 9113326
 9113257
 9113563
 9113648
 9114308
 9111799
 9113343
 9113917
 1393976
 1252105
 9113030
 9112210
 9113767
 9113363
 9112085
 9095078
 9095869
 1115678
 9106759
 1341406
 9111121
 9112854
 9111481
 9109364
 1291981
 9110021
 1381350
 9110223
 9110422
 9110182
 9110329
 9110822
 1368701
 9110465
 9110169
 9110753
 9114512
 9112670
 9113337
 9112659
 9112912
 9111760
 9111858
 9113916
 9112612
 9114481
 9111528
 9113912
 9100588
 9104107
 9103314
 9104156
 9111747
 9111917
 9113698
 9113033
 9101968
 9101442
 9105073
 9106193
 9102952
 9103674
 9103640
 9106120
 9103203
 9103891
 9107360
 9108331
 9106823
 9108996
 9109430
 9107260
 9107302
 9108699
 9111349
 9111371
 9113437
 9112530
 9112576
 9095637
 9100881
 9102089
 9101546
 1194773
 9105974
 9103901
 1253854
 9108891
 9109342
 9108467
 1310923
 1373543
 9108563
 9106905
 9106586
 9106910
 9106687
 9097772
 9100415
 1387930
 9100268
 9104867
 9102906
 1223839
 9109757
 9109388
 9108127
 9109304
 9107609
 9107163
 9108061
 9106640
 1239988
 9112798
 9113915
 9114021
 1191877
 9112815
 9114184
 9114197
 9114360
 9113642
 9113707
 1239859
 9111594
 9111703
 9112180
 9112188
 9113302
 9112206
 9113838
 9114157
 9114177
 9111773
 9111785
 9113123
 9113790
 1393977
 9114183
 9112868
 9111411
 9111170
 9112389
 9113874
 1160203
 1236937
 9113927
 9112963
 9111462
 9113197
 9112712
 9112021
 9112792
 9113303
 9113990
 9114127
 9084943
 9089864
 9094251
 9095663
 9100945
 9099786
 1358712
 9104120
 9105206
 9108909
 9107397
 9108559
 9109828
 9110561
 9110266
 9110566
 9110569
 9110825
 9111000
 0647227
 9113188
 9111272
 9113754
 9114137
 9112226
 9111611
 9112271
 9113560
 1294047
 9112476
 1371500
 9113559
 9112682
 9083045
 9087701
 9095762
 1010850
 9099958
 9101728
 9106163
 1011959
 9103625
 9105743
 9108733
 1223827
 9109959
 9107176
 9109685
 9108814
 1378039
 9106376
 9106374
 9108347
 9106511
 9108506
 9109756
 9108374
 9108025
 9110980
 1010108
 1010109
 9112905
 9114385
 9112693
 9112107
 1366746
 9113712
 9111891
 9112826
 9112972
 9111435
 9112116
 1305270
 9088890
 9099937
 1339886
 9104829
 1339193
 9108283
 9108239
 1366721
 9113997
 9113246
 9087112
 9095387
 1341648
 1243687
 9105058
 9105187
 9104963
 9105292
 9109656
 1305252
 1305257
 9110713
 0647229
 9111655
 9113898
 9113193
 9113599
 9112822
 9113647
 9113547
 1146473
 1305261
 1305264
 1305265
 9083341
 9095633
 9097353
 9099615
 9101017
 9101443
 9102077
 9101998
 9106225
 9103848
 9104057
 9105192
 9106525
 9107998
 9107065
 9107412
 9109239
 1310929
 1310942
 1310948
 9107189
 9109212
 9108162
 1358264
 9108978
 9108636
 9108075
 9107629
 1304576
 9109354
 9107845
 9110209
 9110679
 1239984
 9110424
 9110218
 1341072
 9043404
 9063726
 9079208
 9081224
 9081242
 1010829
 9085678
 9086704
 9094003
 9093032
 9095999
 9098281
 9095518
 9096426
 9102634
 9101502
 9106186
 9102705
 9102692
 9103712
 9102721
 9104384
 9102702
 9109586
 9108338
 9109289
 9107070
 9109095
 9109088
 1366720
 1014525
 9108213
 9107546
 9108385
 9108862
 9109463
 9109785
 9110759
 0647235
 9111702
 9111833
 9112262
 9111178
 1191820
 9111957
 9111567
 9111298
 9113859
 9114304
 9114314
 1194194
 9113518
 9114278
 9113211
 9113577
 9111881
 9111127
 9113200
 9112387
 1381808
 1381806
 1359439
 1381814
 1372169
 1372173
 1372228
 9107711
 9109489
 9109850
 9103542
 9109370
 9107433
 9106573
 9107765
 9110928
 9110665
 9110985
 9110857
 9112684
 9112691
 9112637
 9112643
 9112302
 9113941
 9114358
 9114361
 9112980
 9114412
 9112968
 9082441
 9086859
 9102406
 9102084
 9105099
 9106185
 9104131
 9105647
 9107577
 9108818
 9109264
 9109170
 9107772
 9108199
 9110700
 9110099
 1191808
 9112747
 9112517
 9113226
 9113732
 1393982
 9111981
 9112501
 9114071
 9112951
 9113788
 9111658
 9111892
 9016180
 1011143
 9058940
 9057248
 9069433
 9071198
 9071915
 9082653
 0978764
 9089699
 9093751
 9095395
 9098231
 9099304
 9100634
 9100753
 1331430
 9105944
 1160422
 9103514
 9108313
 9109715
 9106676
 9108793
 1160452
 1160458
 9109713
 9109902
 9108382
 9107675
 9110483
 9110577
 9111204
 9113499
 9111865
 9111653
 9112121
 9112635
 9113679
 9111453
 9112026
 9112340
 9112549
 9111222
 9112507
 9112111
 1160495
 9112739
 9112305
 9114230
 9085191
 9102603
 9101312
 9100317
 9102757
 9106770
 9106475
 9109631
 9106845
 9110940
 9110953
 9114139
 9111613
 1252168
 9111427
 9111599
 9111546
 9111076
 9112427
 9111762
 9111781
 9080919
 9089303
 1324665
 9101898
 9099088
 9098957
 9099338
 9105749
 9103818
 9108253
 9107003
 9107157
 1236928
 9107440
 9113739
 9111631
 9113042
 9113051
 9113098
 9111232
 9111220
 9113212
 1324703
 1324705
 9105475
 9107570
 9111882
 9075621
 9086351
 9085064
 9085020
 9088661
 9096563
 9098179
 9094891
 9099196
 9100553
 9105440
 9102723
 9105680
 9104434
 9110074
 9106518
 9108145
 9108974
 9109934
 9107075
 9109214
 9106377
 9109625
 9106729
 9106754
 9107676
 9107961
 9107572
 9107619
 9107391
 9111028
 9111029
 1222257
 9110660
 9110774
 9110800
 9110520
 9110629
 1284439
 9110231
 9110836
 9110282
 9110256
 9110261
 9110170
 9110204
 9110279
 9113780
 9112467
 9113776
 9113787
 1191878
 1191812
 9112177
 9112994
 9113818
 9114005
 9114217
 9114398
 9112230
 9112234
 9113806
 9113835
 9112648
 9112810
 9113522
 9112741
 9111328
 9111337
 9111718
 9112550
 9112653
 9113067
 9113075
 9113344
 9113428
 9113592
 9113725
 9114329
 9114363
 9112674
 9112904
 9114068
 1393980
 9114136
 9112277
 9113094
 9112257
 9111558
 9112480
 9113473
 9111968
 9112025
 9112990
 9113220
 9113320
 9113267
 1324701
 9111147
 9111167
 9112697
 9092831
 9094609
 9098278
 9098283
 9101029
 9103932
 9107456
 9108720
 9107271
 9109797
 9109167
 9111398
 9111181
 9113291
 9114249
 9070086
 9083962
 9087090
 9089138
 9111591
 9111108
 9111731
 1341512
 1323704
 9110239
 9110517
 9110524
 1160520
 9111101
 9112035
 9114211
 1304325





