16-07-06
 1336182
 9026901
 1126943
 9055678
 9030331
 9036335
 9037589
 9048486
 9048548
 9051496
 9049247
 9051845
 9052005
 9052013
 9052209
 9052207
 9053882
 9053507
 9055394
 9054721
 9055526
 9055390
 9028133
 9042463
 9047314
 9050735
 9052149
 9049163
 9052127
 9051514
 9054162
 9054411
 9053731
 9053746
 9017965
 9032646
 9036066
 9035035
 9040996
 9040202
 9040367
 9042182
 9048081
 9048999
 9051923
 1341675
 9049950
 9050447
 9052099
 9051644
 9052431
 9052655
 1239024
 9052485
 9052817
 9053491
 9053493
 9053535
 9054294
 9055378
 9055533
 9055693
 9055694
 9055411
 9052441
 9053584
 1240790
 9054270
 9055299
 9054586
 9054605
 9055101
 9052938
 9053729
 1324357
 9054330
 9054433
 9054460
 9052906
 9053641
 9055134
 9043486
 9053471
 9054577
 9055061
 9047943
 9049057
 9052763
 9017122
 9019942
 9031192
 9046662
 9052307
 9051404
 9053548
 9055227
 9053054
 9055133
 9055524
 9053336
 9053370
 9054575
 9026925
 9030066
 9035695
 9034586
 9036973
 9034521
 9033851
 9038768
 9039642
 9042603
 9041552
 9042071
 9048482
 9047746
 9048468
 9051005
 9052071
 9052085
 9049376
 9008524
 1305697
 1305698
 1379475
 9014605
 9017500
 9017356
 9017397
 9017399
 9022442
 9022446
 9022679
 9022510
 9022102
 9029291
 9029292
 1382599
 9027223
 9026595
 9030555
 9033022
 9029955
 9033777
 9034223
 1175447
 9034435
 9036224
 9036239
 9036516
 1243598
 9034072
 9036775
 9038132
 1240602
 9039654
 9038221
 9038226
 9038967
 9037863
 9039942
 9043859
 1312455
 9041405
 9042336
 9041847
 9042072
 9045517
 9047466
 1240611
 1240615
 1240613
 9047276
 9045829
 1390769
 1381376
 9050919
 1359198
 9049967
 9048752
 9050667
 9050080
 1390785
 9055811
 9052507
 9054871
 9053243
 1254910
 1243217
 9054296
 1354779
 9053008
 9052966
 9052828
 9054125
 9055372
 9052646
 9053354
 1254249
 1254282
 9054888
 9010097
 9017341
 9040887
 9041047
 9040264
 1236814
 9045596
 9052230
 9049153
 9049662
 9043231
 9047713
 9046368
 9049776
 9049105
 9051348
 9050357
 9033789
 9050851
 9049032
 9025970
 9043579
 9048469
 9047562
 9048422
 9051889
 9052238
 9051024
 9052157
 9051426
 9052134
 9051909
 9050077
 9050394
 9053484
 9054581
 9052908
 9055259
 9055757
 9052531
 9052820
 9054240
 9055359
 9055565
 9055747
 9054867
 9055785
 9053691
 9054343
 9054412
 9054324
 9055784
 9052877
 9052565
 9053783
 9054286
 1191689
 1254277
 9055810
 1254916
 9048414
 9054802
 9015597
 9033572
 1126895
 9044085
 1390754
 9048289
 9047049
 9051898
 9052068
 9052022
 1387654
 1198914
 9050417
 9049908
 9051475
 9055252
 9054649
 9055652
 9054174
 9054210
 9054252
 9054727
 9053980
 9052927
 9053446
 9055109
 9052822
 9036212
 9046999
 9047862
 1365755
 9048870
 9050387
 9051707
 9054181
 9055754
 9015234
 9026936
 9028980
 9026690
 9028421
 9029936
 9031708
 9031903
 9031206
 9031199
 9036569
 9034205
 9034928
 9040396
 9040529
 9038110
 1126847
 9042250
 9043546
 1390759
 9046982
 9045050
 9048670
 9044974
 9045921
 9049000
 9051346
 9050546
 9051022
 9051735
 9051127
 1390776
 9053910
 1227383
 9054379
 9053762
 9055661
 9055067
 9053148
 9054796
 1390831
 9054287
 9045562
 9047864
 9047315
 9040381
 9038646
 9043233
 9043490
 9045167
 1366958
 9052105
 9054422
 9054643
 9054067
 9021965
 9028085
 9031315
 9034520
 9038684
 9038874
 9042073
 9044501
 9042446
 9045269
 9044981
 9046058
 9049633
 9051218
 9050186
 9050231
 9051359
 9050961
 9050380
 9050614
 9049188
 9052577
 1126949
 9053853
 9055649
 9052619
 9055397
 9055788
 9040734
 1332525
 1354755
 9045977
 9048488
 9051866
 9051633
 9050084
 9053019
 9052721
 9036735
 9041132
 9041467
 9043833
 9048473
 1390768
 9031306
 9035583
 9034905
 9043594
 1014578
 9048091
 9047522
 9051011
 1291916
 9051902
 9025062
 1324307
 9022488
 9024328
 1390929
 9029032
 1366298
 9026211
 9027231
 9028189
 9027335
 9028789
 9032986
 1387498
 1387499
 9032224
 9032063
 9030657
 9030891
 9029915
 9030656
 9049090
 9046920
 9051377
 9049805
 9051073
 9048996
 9049479
 9050437
 9053171
 9054075
 9053633
 9053845
 9054103
 9054834
 9055021
 9054274
 1354576
 9036271
 9047214
 1240610
 9046304
 9050803
 9049954
 9049430
 9052960
 9054378
 9054389
 9053715
 9054055
 9053459
 9052904
 9053639
 9054763
 1387685
 1387690
 1387691
 1387692
 9053094
 9054419
 1240642
 9054477
 9052869
 9052775
 1254911
 9020836
 9036953
 9052199
 9054660
 9052947
 1387683
 1304289
 9021873
 1365637
 9038442
 9042848
 9044002
 0677721
 1160572
 9042926
 9044561
 9048131
 1359173
 9046800
 1196710
 9047167
 9048991
 9049809
 9050171
 9048954
 9050237
 9049067
 9051275
 9052330
 9049351
 9049732
 9052727
 9053865
 9054139
 9055281
 9052845
 9053051
 9053514
 9054230
 9054502
 9055682
 9055764
 1240673
 9053541
 1304264
 9055345
 9055358
 9053270
 9054562
 1382375
 9040557
 9042708
 9045007
 9049001
 9050193
 9049646
 1359190
 1382677
 9050483
 9055312
 9053830
 9055339
 9055357
 9055472
 1387675
 9054676
 1323259
 1323261
 9055168
 9049576
 9053638
 9054978
 9052939
 9054199
 9054258
 9055039
 9053273
 9053389
 9020732
 9027880
 9035473
 9039820
 9040314
 1160190
 9042576
 1284411
 9044976
 9046585
 9049259
 1387661
 9050110
 9050132
 9050434
 9052239
 9052313
 9050556
 9051150
 9050038
 9054289
 9055219
 9052924
 9054968
 9054931
 9055071
 9055257
 9055558
 1387684
 9054558
 9055156
 0977090
 9053621
 9054540
 1304272
 9053774
 9054492
 9054679
 9054478
 9044360
 9048369
 9050117
 9051398
 1115654
 9053962
 1354780
 9053552
 9053560
 9053045
 9053436
 9054602
 9052760
 1387667
 1387672
 1387676
 1387697
 9055325
 9053276
 9054651
 9055343
 9052742
 9054168
 9052762
 9052872
 9053796
 9055151
 9055208
 9055232
 9055608
 9023275
 9035251
 9043607
 9041766
 9044564
 9041870
 9043407
 9048568
 9046011
 9046521
 9050795
 9052162
 9048883
 9048849
 9053015
 9055525
 9052842
 9052529
 9053293
 9053526
 9053530
 9054986
 9055671
 9055680
 1240756
 9054528
 9052468
 9054756
 1254286
 1128074
 8986723
 8990138
 8991953
 8995837
 9013250
 9016607
 1387507
 9041524
 9054489
 9033233
 1387670
 1387689
 9054905
 9055564
 9045627
 9025363
 9023654
 9023362
 9030686
 9031969
 9045648
 9050802
 9052235
 9048907
 9049241
 9055158
 9055434
 9052999
 9054266
 9055702
 9053266
 9053286
 9052734
 9023489
 1126882
 9041362
 9046030
 9022194
 9022108
 9030556
 1323973
 1323243
 1323616
 1323619
 9040744
 9039556
 9044422
 9042290
 9047286
 9047698
 9049258
 9051256
 9049979
 9050890
 9050384
 9051324
 9051487
 1198919
 9051537
 9049006
 9051693
 9053948
 1126947
 9053649
 1359462
 9052929
 9053144
 9053595
 9042004
 1304192
 1304193
 9050828
 9051838
 9051770
 9050627
 9049854
 9055114
 9054743
 1240692
 9052647
 1254279
 9055769
 9018426
 1202119
 9028924
 9033561
 9029906
 9034234
 9041108
 9044488
 9043615
 1252745
 9042000
 1014573
 9044900
 9046168
 9046198
 9045778
 9045359
 9048251
 9046630
 9048029
 9046633
 9045090
 9047034
 9047570
 1163968
 9046551
 9046810
 9047033
 9052086
 9050531
 1239011
 9048897
 9050460
 9052129
 9050355
 9050420
 9049225
 9053406
 9052705
 9053838
 9053283
 1239019
 9053594
 9053179
 9052983
 9053272
 9053839
 9052489
 9055768
 9052563
 9053612
 9054634
 9053203
 9053058
 9054504
 9055566
 9030867
 9042684
 9046094
 9047565
 9045368
 9051689
 9049441
 9050612
 9049215
 9050302
 9050230
 9055514
 9055059
 9055719
 9053604
 9054544
 9055127
 9055588
 9055237
 1387682
 1390684
 1390687
 9055096
 9053090
 9055363
 1379354
 1379391
 9012205
 9016002
 1366245
 9027962
 9037189
 1387568
 9042683
 9042497
 1354720
 9046250
 9048160
 1381992
 9050144
 9055802
 9053103
 9055516
 9055173
 9053997
 9054358
 9053623
 9024151
 9026463
 9031577
 9031396
 9030355
 9040371
 9043089
 9044978
 9045257
 9047884
 1365675
 9045777
 9049692
 9049677
 9050721
 1379211
 9050322
 9018897
 9037847
 9044130
 9043339
 1366024
 1354734
 9046709
 1240607
 9048638
 1126936
 9052268
 9051757
 9051453
 9052183
 9049469
 9051994
 9052148
 9052261
 9049335
 9049427
 9051388
 9050641
 9051681
 9050143
 9051706
 9050119
 9055690
 9055634
 9055361
 9054380
 9054942
 9055818
 9053365
 9054057
 9054768
 9053698
 9053503
 9053509
 9053522
 9055002
 9055582
 1387666
 1387693
 9054009
 9054328
 1240617
 1240664
 1240671
 9053158
 9053850
 9054631
 9054770
 9054548
 9053862
 9054179
 9052511
 9054429
 9055063
 1254914
 9055129
 9045222
 9047226
 1236829
 1365672
 9053645
 9054990
 1381139
 9044584
 9050922
 9051065
 9053776
 9054038
 9053108
 9054943
 9054959
 9055303
 9053440
 9053559
 1304282
 9054441
 9054482
 9053359
 9055308
 9054198
 9043500
 9052258
 9049786
 9048823
 9055906
 9055054
 9053145
 9053376
 9053682
 1379614
 9035401
 9047123
 9051931
 9054828
 9054855
 9052413
 9053109
 9053039
 9055166
 9054561
 9050354
 9054448
 1323998
 9033864
 1323620
 9041183
 9046141
 9047889
 1323582
 9049627
 1126939
 9048001
 9048103
 9045475
 9050233
 9049852
 9051564
 9051164
 9050191
 9050884
 9050403
 9050621
 9051451
 9049598
 9051354
 9050781
 9052926
 9053216
 9055085
 9052841
 9054228
 1354785
 9054186
 9054255
 9055288
 9055816
 9055098
 9053915
 9052499
 1239020
 1239026
 9054456
 9054487
 9054030
 9055214
 9052496
 9052505
 9052689
 9053330
 9053759
 1240629
 9053982
 9054881
 9055575
 1359461
 1365723
 9055353
 9053442
 9054182
 9054583
 9052984
 9053265
 9052732
 9052944
 9052970
 9053413
 9055429
 9054655
 9054722
 9055019
 9055087
 9052739
 9053516
 9054862
 9024209
 9022357
 9028773
 9031981
 9041692
 9042669
 9043137
 9051997
 9049623
 9049704
 1354814
 9052716
 9053917
 9054284
 9055154
 1387679
 9054781
 9055556
 9053447
 9042989
 9046681
 9046174
 9045796
 9052220
 9051631
 9048773
 9052373
 9048791
 9049668
 9055651
 1115653
 9054840
 9055335
 9055779
 9053951
 1387680
 1227384
 9053659
 9053763
 9053640
 9054520
 9055295
 9054200
 9053558
 9054467
 1324152
 8994540
 1324224
 9023448
 1239669
 9024832
 1324325
 9029044
 1188258
 1324328
 9026822
 9026832
 9035501
 9033773
 9035042
 9038268
 1379911
 1160175
 9041896
 9042125
 9039957
 9040015
 9044069
 9044111
 9047190
 9046162
 9050893
 9051107
 9048998
 9051091
 9052050
 9052109
 9052223
 9050202
 9050956
 9050897
 9048827
 9049622
 9053597
 1354809
 9053847
 9054995
 9055403
 9054946
 9055448
 9055503
 9055668
 1240694
 9052388
 9033282
 9041027
 1175590
 9041915
 9043778
 9041897
 9046166
 9046894
 9047891
 9046332
 9044984
 9045197
 9045200
 9047056
 9049612
 9050706
 9049178
 9051829
 9049436
 9050221
 9050041
 9051456
 1194551
 9050149
 9049442
 9051502
 9049096
 9049619
 9053888
 9055367
 9053353
 9053644
 9055636
 9052724
 1387696
 9054628
 9052880
 9055060
 9055614
 9053118
 9053775
 9054694
 9053426
 9053929
 9053113
 1336081
 1239657
 9021397
 9023964
 9027882
 9036584
 9034822
 9046966
 9047266
 9047475
 9045378
 9045733
 9046270
 9052190
 9049250
 1341672
 9049363
 9051938
 9048733
 9048746
 9048935
 9048959
 9049844
 9051274
 9052544
 9052928
 9053328
 9053777
 9053540
 9055803
 9054893
 9055583
 9052952
 9055329
 9055048
 9055242
 9054385
 9055225
 9052883
 9052888
 9054245
 1327062
 1304290
 9054874
 9055246
 9052474
 9053083
 9053434
 9053909
 9053878
 9054494
 9047491
 9055148
 9029525
 9036377
 9039142
 9048584
 9048467
 9045451
 9048446
 9047003
 9051186
 9051315
 9051625
 9050582
 9051286
 9052045
 9052048
 9051320
 9053959
 9055658
 9053404
 9053835
 9055689
 9055767
 9054891
 9053793
 9053615
 9055716
 1240754
 1240755
 9019267
 1126896
 1354609
 9040207
 9042526
 9047303
 9049895
 9049309
 1379793
 9051526
 9050744
 9048895
 9054097
 2354801
 9053979
 9054185
 1387673
 0977089
 9053532
 9055234
 9055691
 9052694
 9053444
 9054731
 9053897
 9055480
 9053963
 9054077
 9000443
 9017926
 9017658
 9022660
 9022667
 9027497
 9027809
 9026632
 9027684
 9027711
 9026851
 9026080
 9030181
 9030644
 9034438
 9036722
 9035053
 9034500
 9040699
 9039062
 9037762
 1381951
 9041087
 9042140
 9042657
 9045322
 9046528
 9048474
 9045230
 9046929
 9046203
 9048335
 9049817
 9048792
 9049590
 9049572
 9050052
 9054752
 9054014
 9054039
 9054516
 9054805
 9052582
 9054285
 9055632
 9054205
 9053889
 9054335
 1240762
 9055317
 1364200
 1254278
 9053989
 9054307
 9055449
 9048547
 9046756
 9052173
 9036403
 9036787
 9039158
 9038361
 9037685
 9044203
 9042460
 9043200
 9042995
 9047752
 9045286
 9045060
 9047476
 9048228
 9046901
 9045211
 9050263
 9052271
 9049371
 9051776
 9049998
 9048980
 9050254
 9050818
 9052185
 9051747
 9049637
 9049179
 9050580
 9049689
 9052346
 9049027
 9049156
 9049614
 9051844
 9052628
 9055908
 9052513
 9054089
 1354817
 1341698
 9055439
 9054278
 9055115
 9055813
 9054366
 9053738
 1239643
 9040651
 9042510
 9047732
 9048173
 9050435
 9051304
 9050669
 9051973
 9049307
 9049190
 9051538
 9029925
 1339489
 9041227
 9038797
 9038512
 1390946
 9044800
 1126823
 9047240
 9046713
 1240612
 9045800
 9049553
 9049686
 9013810
 9021938
 9030838
 9030159
 9038459
 9048260
 9048136
 9047755
 9047594
 9047664
 9052276
 9052380
 9049381
 9049713
 9050256
 9051215
 9049974
 9051008
 9050436
 9049434
 9049581
 9052236
 9050409
 9051961
 9050223
 9051830
 9050859
 9052491
 9053207
 9053572
 1354816
 9053523
 9055644
 9052712
 9053867
 9053161
 1239079
 1239022
 9054431
 9054757
 9052987
 9053338
 9053923
 9054253
 9055675
 9055685
 9055759
 9052835
 9053890
 9055542
 9052733
 9054958
 1304267
 1304300
 9054826
 9054927
 9055549
 9055599
 9055667
 9053014
 9054336
 9053138
 9053228
 9052533
 9054007
 9055037
 9052473
 9055356
 9045610
 9051835
 9050469
 9048889
 9049382
 9049306
 9054397
 9054203
 1240648
 1240698
 8991293
 1387089
 9026081
 9026955
 9031960
 9030924
 9031883
 9037666
 9038413
 9042170
 1332254
 9052597
 9053577
 8959837
 8959852
 9032331
 9053625
 9053690
 9053935
 9052479
 9055498





