16-07-14
 9069485
 9061730
 9069858
 9069716
 9068434
 9069538
 9073689
 1387799
 9073698
 9076180
 9078818
 9080525
 9078565
 9078584
 1387838
 9076919
 9079394
 9082532
 9080742
 9081162
 9081630
 9082706
 9083616
 9080982
 9083601
 1387861
 9080916
 9082724
 9082976
 9061470
 9073250
 9075730
 9080274
 9080193
 9079233
 9079892
 9079481
 9081085
 9083299
 9083905
 9084173
 9084240
 9084398
 9082138
 9083313
 9081553
 9081115
 9083106
 9054437
 9056345
 9062974
 9068938
 9069513
 9069240
 9069364
 9072245
 9073941
 9072964
 9071957
 9078397
 9078527
 9078816
 9077840
 9078261
 9080565
 9080607
 9080236
 9078158
 9078493
 9078876
 9077377
 9084783
 9084814
 9082218
 9081502
 9083472
 1322383
 9083201
 9083984
 9084335
 9084200
 9084281
 9081884
 9082079
 9082176
 9080799
 9080930
 9082656
 9083113
 9083737
 9084096
 9084739
 9084821
 9084823
 9081320
 1297542
 9081577
 9083883
 1359266
 1359269
 9084679
 9081483
 9080760
 9081600
 9081282
 9082099
 9081335
 9081475
 1196782
 9078975
 1359255
 9081353
 9070903
 9076411
 9075023
 9077114
 9082837
 9083400
 0964883
 9082957
 1359259
 9080715
 9081562
 1196807
 9055958
 9056294
 9060452
 9060464
 9060882
 9062982
 9059799
 9062385
 9064837
 9064248
 9079216
 9077303
 9079266
 9079283
 9076378
 9048915
 9062150
 9071611
 9073509
 9072721
 9072576
 9079542
 9079467
 9077436
 1010809
 1243666
 9082690
 9082709
 1359263
 9081357
 9082683
 9075086
 9078060
 9076903
 9084394
 9082725
 9082731
 9083362
 9083377
 9082621
 9081501
 9082245
 9084381
 9083759
 9080975
 9082530
 9081133
 9081137
 9081761
 1381506
 9071801
 9072580
 9071797
 1191698
 9055717
 9053550
 9055488
 9060062
 9066323
 9064686
 9070133
 9070143
 9074374
 9074049
 9075954
 9075651
 9079734
 9080434
 9080437
 9077541
 9079861
 9077105
 9080479
 9076844
 9080492
 9080604
 9078470
 9079398
 9079219
 9079756
 9077622
 9077626
 9077860
 9078041
 1328410
 9077148
 9078263
 9084898
 9081606
 9083838
 9084375
 9084772
 9082139
 9082404
 9083914
 9084121
 9084215
 9084509
 9084532
 9084681
 9084710
 9081552
 9082288
 1323799
 1341636
 1341644
 9082251
 9082417
 9081728
 9082470
 9081026
 9084168
 9081267
 9083714
 9083755
 9084713
 9084725
 9084788
 9081942
 9082685
 9082695
 9083585
 9081260
 9082501
 9082933
 9083229
 9083326
 9083624
 9081391
 9084021
 9084722
 9082885
 9080830
 9080998
 9082474
 9081848
 9080695
 9082100
 9080926
 9080927
 9080929
 9081383
 1381503
 9072387
 9083589
 9080518
 9078968
 9078461
 9077267
 9079086
 1390981
 9084019
 9067714
 9074904
 9076066
 9076981
 9050425
 9049839
 9050321
 1390686
 9054104
 9062258
 9060671
 9060835
 9064844
 9069182
 9072717
 9071265
 9072996
 9076607
 9076631
 1160752
 9075614
 9075627
 9077040
 9078676
 9077065
 9080374
 9082126
 9084558
 9082017
 9083256
 9084759
 9083213
 9081447
 9082755
 9083118
 9082001
 9081708
 9083274
 1366875
 9084084
 9081193
 9081637
 9081651
 9083561
 9081134
 9082175
 9083762
 9075360
 9069760
 9074353
 9077011
 9084290
 9081803
 1358697
 9083991
 9074886
 9078847
 9077373
 9079973
 9079970
 9080172
 9078204
 9080321
 9078510
 9078699
 1353027
 1010772
 9077647
 9079674
 9076681
 9078718
 9081544
 9083541
 9084580
 9082773
 9083851
 1304522
 9084332
 9082028
 9082198
 9067590
 9075681
 9076702
 9077512
 9060214
 9074312
 9074559
 9062665
 9076667
 9075782
 9079816
 9078689
 9080069
 9077421
 9084785
 9083525
 9083681
 9084800
 9082190
 9084592
 9080725
 9081149
 9084731
 9081382
 9084099
 9083861
 9082426
 1364412
 9080763
 9084707
 9081317
 9059962
 9079167
 9081394
 9081405
 9084148
 9081426
 9083888
 9052896
 9065598
 9081390
 9081415
 9082120
 9083433
 9083070
 9082783
 9082882
 9082753
 9081517
 9081941
 9083142
 9081364
 9081422
 9082173
 9083056
 9078142
 9083715
 9083215
 9082387
 1387878
 9067970
 9070897
 9074124
 9072682
 9072015
 9072648
 9075197
 1239813
 9077824
 9079595
 9079585
 9080549
 9078308
 9079254
 9079012
 9080077
 9077365
 9077370
 9077529
 9079755
 9084098
 9083203
 9084732
 9084742
 1322381
 9084183
 9081759
 9084586
 9081368
 9083689
 9081261
 9081652
 9084743
 9082282
 9084768
 1312627
 9081397
 9082371
 9083675
 9083122
 9083160
 9084094
 9059743
 9067812
 1371464
 9075987
 9078966
 9080351
 9083260
 9082987
 9083749
 9084167
 9082416
 9082961
 9082189
 1163495
 1381885
 9083652
 9081205
 9082535
 9083041
 9084277
 9084530
 9046690
 1387600
 9049063
 9051196
 9050670
 9054368
 9062707
 9060865
 9065228
 9068977
 9070335
 9067900
 9068996
 9067623
 9071788
 9072114
 1387800
 1387802
 9071346
 9071709
 1381074
 1387830
 9076009
 9079247
 9078096
 9078805
 9079614
 9078115
 9078945
 9078793
 9078992
 9078328
 9078696
 1387843
 1387846
 9078724
 9078355
 9079687
 9080076
 9078747
 9078773
 9079320
 1387864
 9052370
 9057397
 9061548
 9060025
 9065056
 1339971
 9069134
 9068367
 9067749
 9072709
 9071519
 9075525
 9078234
 9080305
 9079090
 9080358
 9080381
 9081220
 9081663
 9083081
 9083090
 9082657
 9083261
 9080881
 9084129
 9084199
 9082955
 9083866
 9084504
 9081905
 9081789
 1366874
 9081040
 9082199
 9082566
 9082913
 9084232
 9084365
 9083750
 1010832
 9081794
 9082273
 9082458
 1381795
 9082284
 9082925
 9056999
 9063182
 9060806
 1324063
 9070365
 9070935
 9074624
 9074013
 9073735
 9074278
 9076665
 9076670
 9076672
 9080505
 9077262
 9077290
 9078075
 9079367
 9079372
 9080501
 9080282
 9079620
 9077676
 9078083
 9079779
 9079784
 9081067
 9084020
 9083600
 9082598
 9082403
 9082891
 9083793
 9084819
 9084857
 9081280
 9083143
 9084082
 8993291
 9073174
 9083478
 9058220
 9063940
 1163981
 9076067
 9077618
 1196810
 1387866
 1196741
 1196743
 1196744
 1196745
 1196746
 1196747
 9077009
 9065188
 9080540
 9080483
 9084925
 9082857
 9084771
 9082356
 9083845
 9080849
 9080923
 9080991
 9081090
 9081168
 9081203
 9081216
 9082451
 9084359
 9084410
 9080838
 9081931
 9083321
 9053240
 9066999
 9069125
 9069648
 9069902
 9073182
 9072912
 9072475
 9072460
 9073078
 9074867
 9075240
 9075251
 9075532
 9075830
 9076152
 9075142
 9075803
 1324451
 9075160
 9076074
 9078201
 9078863
 9079026
 9078925
 1272846
 9077345
 9079236
 1327095
 9078303
 9078788
 1323422
 1323429
 9078628
 9079239
 9079543
 1339987
 9079918
 9076985
 9078444
 9082352
 9082614
 1126975
 9084553
 9081000
 9082248
 9082866
 9083125
 9084008
 9082353
 9083181
 9084568
 9081911
 9082142
 9083643
 9084703
 1379228
 9080948
 9081178
 9082046
 9082096
 9071759
 9072433
 9077596
 9083595
 9084344
 9042194
 9056281
 9072507
 9074512
 9074517
 1362231
 9079097
 9079177
 9080285
 9078831
 9078119
 9080519
 9079431
 9079729
 9077322
 1305336
 9079683
 9079689
 1163466
 1381767
 9077181
 9079501
 9083676
 9084728
 9082372
 9081626
 9083634
 9084566
 9083661
 9082238
 9083232
 9084756
 9084761
 9084832
 9082977
 9084583
 1359264
 9082734
 9082223
 9082123
 1381505
 9051553
 9054623
 9062058
 9063430
 9063431
 9070520
 9068238
 1312662
 9067775
 9069730
 1351006
 9080423
 9078196
 9078058
 9080094
 9079798
 9082865
 9084256
 1341503
 9081713
 9081719
 9081685
 9082204
 9083781
 9082150
 9083337
 9084038
 9081100
 9033807
 9042409
 9050044
 9053390
 9052424
 9053116
 9053566
 9058180
 9060086
 9061705
 9061513
 1381390
 9073891
 9073295
 9073622
 1366919
 0978752
 9077155
 9081596
 9082689
 9083079
 9081248
 9080773
 9080778
 9080781
 1381881
 1381884
 9083473
 9082983
 9080950
 9082343
 9083999
 9082974
 9084348
 9082792
 9053880
 9058770
 1362248
 9078988
 9078681
 9057700
 9056943
 9074545
 9076638
 9074948
 9075295
 9075577
 9075587
 9076624
 9075340
 9075896
 9075392
 9076047
 9078538
 9079807
 9079870
 9080362
 1322379
 9078103
 9079413
 9080407
 9080408
 9080543
 1128581
 9077064
 9079038
 9079998
 9078588
 9080187
 9078232
 9079533
 9078976
 9078926
 9077178
 9077473
 9084807
 9084813
 9081892
 9083574
 9083770
 9081321
 9081332
 9084213
 9082730
 9083085
 9083626
 9083969
 9084419
 9084451
 9084585
 9084607
 9084809
 9084812
 9083438
 1341630
 1341543
 9081920
 9081376
 9081389
 9081634
 9084304
 9084312
 9082306
 9084070
 1358656
 9082336
 9083398
 9083217
 9084136
 9081788
 9082798
 9083148
 9083550
 9083571
 9084300
 9084428
 9080710
 9081105
 9081860
 9081888
 9082412
 9084163
 9080768
 9084305
 9081297
 9083308
 9083931
 9082025
 9082267
 9082643
 9083019
 9045351
 9066449
 9069626
 9073118
 9076609
 9056738
 9076902
 9081358
 9083303
 9084745
 9083872
 1163323
 9078500
 9082593
 9083745
 9080825
 1359260
 9084119
 9080764
 9081117
 9081263
 9072174
 9072795
 9072512
 9076073
 9077723
 9078662
 9078063
 9083639
 9084569
 9082562
 9083175
 9081464
 1366876
 9082180
 9083506
 9081056
 9082171
 9041282
 9063859
 9066634
 9067432
 9067439
 9072434
 1324393
 1341575
 9074915
 9078429
 9076818
 9077616
 1126979
 1126980
 9083102
 1163493
 9059211
 9071511
 9072930
 9075119
 9078821
 9080115
 9080055
 9078523
 9077400
 9078236
 9077705
 9082135
 9083443
 9083535
 9081927
 9082430
 9082623
 9082932
 9082941
 9082934
 9083678
 9084289
 1341547
 1341487
 1341597
 9080824
 9080942
 9081997
 9082130
 1239836
 9082878
 9083391
 9083434
 9083437
 9083559
 9083718
 9083390
 9084437
 9081304
 9081659
 9081966
 9081455
 9083084
 9082726
 9083130
 9083873
 9083860
 9083852
 9080889
 1304540
 9081996
 1359258
 9083538
 9082461
 9083458
 9081227
 9083855
 9080755
 9081288
 9081370
 9081915
 9082959
 9084192
 9081250
 9081296
 9081861
 9082013
 9083312
 9083853
 1163496
 1163497
 1163320
 9082145
 9076620
 9069436
 9076463
 9079825
 9079990
 9080564
 9080096
 9084611
 9083169
 9083494
 9084050
 9080935
 9082960
 9084855
 9082735
 9083846
 9082850
 9071526
 9068097
 9076036
 9076982
 9079406
 9084619
 9084715
 9083399
 9084471
 9083912
 9084445
 9082917
 9082781
 9081555
 9082589
 9083655
 9083748
 9082775
 9053551
 9054202
 9077172
 1291410
 9079408
 9080231
 9080489
 9077794
 9080104
 9078106
 9066073
 9070197
 9074240
 1381593
 9075199
 9076128
 9077113
 9084393
 9082615
 9084720
 9082447
 9081579
 9057164
 9065366
 1323169
 9072973
 1198957
 9071084
 9073563
 9074724
 9075364
 9076446
 9076703
 9080522
 9080509
 9077102
 9080257
 9080573
 9080574
 9078896
 1128579
 1128584
 9079404
 9080128
 9079903
 1010805
 9078202
 9076675
 9077207
 9083713
 9080865
 9081038
 9081703
 1332965
 9081257
 9084196
 9082236
 9082926
 1341539
 9084513
 9082477
 9083298
 9083536
 9084336
 9083710
 9083942
 9083463
 9084548
 9081180
 9083590
 9084205
 9045232
 9053971
 9055180
 9055256
 9063741
 9063750
 9069970
 1332952
 9077901
 9078101
 9078506
 9079079
 9077167
 1128583
 9077457
 9078884
 1332977
 1332996
 9081326
 9083734
 9083366
 1341534
 1341540
 1341484
 1341485
 1341490
 9081039
 9081880
 9082774
 9081508
 9083603
 9084322
 1387863
 9080913
 9081699
 9081295
 9083353
 9082665
 9081048
 9071413
 1381775
 9077474
 9080091
 9080539
 9079867
 9082410
 9039651
 9050593
 9057743
 9056936
 9067087
 9070562
 9069812
 9074268
 9077718
 9077748
 9077546
 9078162
 9083295
 9084846
 9083726
 9083700
 1323102
 9081895
 9081908
 9081929
 9083740
 9082080
 9082409
 9083659
 9082192
 9081505
 1304536
 9084408
 9083580
 9082645
 9081002
 9043682
 9044077
 1191686
 9057770
 9062820
 9062233
 9062240
 9066545
 9065266
 9065279
 9065231
 9069421
 1312676
 9074034
 9076610
 9076563
 9076406
 9076062
 9080601
 9077635
 9079965
 9077846
 9077848
 9084235
 9080995
 9083412
 9084736
 9083847
 9084454
 9084622
 9084794
 1387874
 9081815
 1381882
 9081052
 9061739
 9073244
 9076536
 1387820
 9076789
 1249065
 9075829
 9075741
 9080467
 9079062
 9077112
 9078848
 9076699
 9077213
 9078124
 9080480
 9077273
 1163316
 1332910
 1341546
 9081614
 9084541
 9084481
 1297538
 9084403
 9081309
 9083425
 9081808
 1379782
 9052421
 9055459
 9059842
 9073237
 9073790
 1198961
 9071864
 9076282
 9075517
 9080577
 1327089
 9080071
 1236864
 9076772
 9076775
 9080806
 9083971
 1332999
 9084334
 9080899
 9083951
 9062126
 9066782
 9065119
 9067551
 9071679
 9076878
 1381794
 9082648
 9059529
 9063128
 9065590
 9068728
 9068365
 9068582
 9068957
 9069827
 9070391
 9071944
 9074553
 9074348
 9073828
 9074186
 9076299
 9075680
 9076484
 9077179
 9077532
 9077818
 9079790
 9077468
 9079410
 9080461
 9080142
 9077598
 9079002
 9080277
 9077408
 9080426
 9080548
 1387851
 9079183
 9077095
 9077098
 9077955
 9078859
 9078325
 9076797
 9078836
 9077855
 9079068
 9079631
 9077607
 1163315
 9081019
 9081411
 9081163
 9082460
 9082578
 9082967
 9083884
 9084076
 9084626
 9084804
 9083830
 9083850
 9084274
 1341529
 9080959
 1239835
 9082005
 9082010
 9084392
 9080857
 9080961
 9081156
 9082067
 9082903
 9082992
 9084369
 9084459
 9084620
 9084234
 9084309
 9080879
 9081526
 9081625
 9082846
 9082311
 9083917
 9081510
 9080762
 9082201
 9081172
 9081352
 9082487
 9083150
 9083498
 9083609
 1390969
 9081603
 9083527
 9064146
 9074643
 9076669
 9076204
 9075932
 9076332
 9076132
 9079475
 9079381
 9080490
 9081811
 9082240
 9084162
 9080804
 9081673
 9081400
 9084210
 1366044
 9042041
 9073327
 9078379
 9083375
 9026410
 9040058
 9058371
 9067688
 9068739
 1371472
 9072501
 9076827
 9077733
 1305348
 9079949
 9079076
 9079421
 1390979
 1305344
 1305345
 1240794
 1240793
 1359252
 9081258
 9080776
 9084770
 9084773
 9084777
 9084778
 1390962





