16-07-29
 9069074
 9102096
 9102829
 9107985
 9110291
 9111259
 9121498
 9123001
 9126155
 9128740
 9130048
 9127490
 9128796
 9129377
 1378525
 9131658
 9133485
 9133642
 9133658
 9131934
 9133643
 1378551
 9052378
 9107303
 9110129
 9110530
 1196965
 9121209
 9125675
 9133192
 9133338
 9130998
 9132209
 9063878
 1323680
 9092692
 9100104
 9116334
 9119313
 9125115
 9129958
 9129524
 9129667
 9130337
 9127643
 9127648
 9127651
 9130352
 9130001
 9131845
 9131277
 9132810
 9133246
 9133617
 9133610
 9131353
 1296518
 9133465
 9131412
 9130761
 9130951
 9131938
 9131957
 9132178
 9133382
 9133442
 9133589
 9133657
 9133718
 9132307
 9133439
 9133519
 9133704
 9131450
 9133438
 9133368
 9133420
 1377967
 9130786
 9130788
 9133036
 9133458
 9133542
 9131865
 9132022
 9132353
 9132300
 9133070
 9133125
 9133172
 9131304
 9131833
 9131931
 1394034
 9133159
 9133782
 1358063
 9131213
 9120066
 9119491
 9119005
 9122090
 1378182
 9123232
 9125957
 9130350
 9114703
 9122680
 9112438
 9124809
 9127909
 9127656
 9128932
 9127111
 9125537
 9129437
 9129728
 9127356
 1390998
 1291907
 9044396
 9053255
 9084011
 9082692
 9087849
 9091683
 1010840
 9094907
 9116117
 1291447
 9120437
 9122583
 1351069
 1325013
 9121366
 9123570
 1360407
 1243284
 9127833
 9130134
 9130569
 9128553
 1243285
 0976373
 9131965
 1360411
 9131562
 9094774
 1381444
 9125441
 9128384
 9132045
 9130821
 1358495
 9131921
 9133410
 9130811
 9133151
 1253956
 9124520
 9100771
 9121220
 1284475
 9124053
 9123545
 9122365
 9121202
 9125591
 9126481
 1377293
 9122278
 9123367
 9073144
 9095616
 9110378
 9118313
 9124052
 1332431
 9126563
 9125806
 9125613
 1389405
 1377291
 9124269
 9128181
 9130378
 9130453
 1240344
 1240342
 1240347
 9129883
 9131365
 9133684
 9133784
 9133806
 9133855
 9131410
 9133188
 9132016
 9133531
 9133619
 9133622
 9131225
 9133599
 9131427
 9131556
 9131507
 9132064
 9132138
 9132580
 9132355
 9132808
 9131319
 9133401
 9133577
 9133584
 9133727
 1358452
 1358769
 9130857
 9131132
 9131301
 9132324
 9132871
 9133558
 9130724
 9130725
 9130957
 9131011
 9130839
 9131816
 9131107
 9133053
 9132065
 9132825
 9131034
 9131650
 9131729
 9131452
 9133696
 1011975
 1011982
 9126708
 1351063
 9127262
 9124491
 9133840
 1351019
 9104595
 9108896
 9110516
 9116772
 9115893
 9126115
 9124840
 9129553
 9128844
 9132565
 9133552
 9131012
 9131335
 9131750
 9132117
 0959056
 0959057
 0959058
 9120061
 9121550
 9127132
 9129877
 9132074
 9133553
 1358479
 8967227
 9088949
 9096993
 9094628
 9095005
 9097937
 9100207
 9102794
 9103114
 9116099
 9114841
 9119592
 1196838
 9121736
 9121945
 9121330
 9123240
 9122528
 9123946
 9124942
 9125600
 9125238
 9126665
 9126482
 9127578
 9129574
 9128036
 9128908
 9128850
 9128791
 9128164
 9129990
 1372381
 9133092
 9133356
 9131496
 9132288
 9133146
 9131294
 1372502
 9123534
 9123971
 9121178
 9126513
 9125804
 9126882
 9125109
 9127318
 9105569
 1305254
 1305274
 9119421
 9120930
 1202057
 9122675
 9124570
 9116899
 9124464
 9124309
 9129975
 9130484
 9128302
 9129514
 9129967
 9103347
 1378101
 9129205
 9133648
 9131391
 1191852
 1379272
 9128145
 9128539
 9127339
 9128588
 9130589
 9132932
 9133112
 9132990
 9130802
 9132799
 9130971
 9133075
 9132783
 9133452
 9133851
 9133852
 9133853
 9131083
 9131311
 9132325
 9133755
 9131373
 9127693
 9086553
 9115162
 9130172
 9131840
 9133431
 9132315
 9133582
 1378549
 9098992
 9115734
 9117231
 9122970
 9122984
 9123294
 9121206
 9125833
 1389404
 9125154
 9124360
 1196849
 9125792
 1332444
 9128702
 9128728
 9129704
 9127863
 9129352
 9129424
 9129621
 9129986
 9130296
 9130344
 9128034
 9127563
 9127564
 9127569
 9127870
 9129126
 9130221
 9128457
 9132233
 9133719
 9132552
 9131513
 9130855
 9131411
 9132881
 1358052
 1358464
 9131959
 9133796
 9133798
 1359244
 9130649
 9130814
 9132579
 1339823
 9131737
 9131170
 9096317
 9094933
 1011954
 9104125
 9108387
 9112909
 9116936
 9117383
 9119189
 9119347
 9118752
 9118760
 1359304
 9118226
 9118286
 9123988
 9124508
 1337001
 1358352
 9128542
 9129369
 9129808
 9130592
 9130593
 1296509
 9131057
 1358465
 1358475
 9131884
 9131599
 9132953
 9133221
 9133116
 9131688
 9133489
 1377047
 9132291
 9132949
 9130873
 9131669
 9133265
 9099981
 9106670
 9111644
 9112544
 9112950
 9113770
 1249092
 9117495
 9117082
 9115252
 9115770
 9114999
 9119248
 9119535
 1191953
 9122607
 9121912
 9121670
 9123316
 9126299
 9126591
 1378514
 9125959
 9126498
 9126837
 9127015
 9126227
 1358381
 9127596
 1378532
 9128207
 9130056
 9130472
 9129402
 9129604
 1377041
 9127811
 9128706
 9128738
 9128966
 9133021
 9131212
 9132262
 9131905
 1381442
 9116385
 9118401
 9128293
 9128126
 9128866
 9127938
 9128685
 1296520
 9132468
 9131986
 9132524
 9133367
 9131798
 9132532
 1358053
 9133327
 9133665
 9133307
 1360410
 9130984
 9132509
 9132384
 9132424
 9131158
 9133760
 9131094
 9131349
 9131790
 9132009
 9132512
 9132847
 9133228
 9130915
 9131209
 9088484
 9089149
 1115671
 9101555
 9104513
 9111647
 9115953
 9120483
 9124138
 9121365
 9123415
 9122664
 9124641
 1360403
 9130452
 9130269
 9130526
 9128760
 9132104
 9132547
 9132556
 9132360
 9132778
 9130632
 9131573
 9132172
 9132995
 9133426
 9133592
 9133751
 9133371
 9131467
 9131644
 9131812
 9131182
 9111325
 9123420
 9125946
 9128441
 9129157
 9130070
 9130554
 9129172
 9129304
 9132800
 9131551
 9132347
 9133052
 1394047
 9131476
 9132942
 9126869
 9097718
 9097729
 9100810
 9131483
 9132298
 9133285
 9133393
 9081878
 9085382
 9101148
 9107507
 1331437
 9113117
 9114648
 9117904
 9120536
 9121087
 1243252
 9121036
 9121039
 9121058
 9125113
 9127178
 9127184
 9125535
 9125004
 9126655
 9126984
 9127110
 9125242
 9126163
 9124357
 1332443
 9127932
 9130136
 9129156
 9129381
 9127652
 9127487
 9132599
 9131332
 9132333
 9131743
 9130662
 9131618
 9132506
 9131690
 9133708
 9131915
 9133316
 9133496
 1359242
 9131435
 9132956
 9131409
 9133164
 9132430
 9132762
 9133140
 9133527
 9118610
 1332421
 9124653
 9132395
 1366639
 9131351
 9131854
 9133418
 9107975
 9106336
 9111370
 9113700
 9115544
 9122869
 9123078
 9123729
 9121217
 9123029
 9120992
 9125313
 9125322
 9126717
 9126842
 9126085
 9126137
 9125709
 9125935
 9126780
 9130342
 9129213
 9130277
 9130448
 9130461
 9128518
 9128026
 9129329
 9129243
 9127722
 9129638
 9128394
 9129571
 9129606
 9128614
 9129275
 9131048
 9131736
 9132892
 9131256
 9131954
 9132967
 9133689
 9130782
 9133645
 9133547
 1389359
 9131105
 9132279
 9132080
 9132721
 9133089
 1249985
 9131655
 9133314
 9099438
 9112746
 1324704
 9119330
 9119641
 9119836
 9121321
 9123528
 9122992
 9121522
 9125100
 9126652
 9124466
 9124985
 9124268
 1324609
 9127039
 1373282
 9129363
 9130265
 9128413
 9128367
 9127353
 9128283
 9132175
 9133580
 9132642
 9132222
 9133491
 9133623
 9131380
 9133370
 1296517
 9130972
 9131418
 9131948
 9131952
 9133380
 9131061
 9131506
 9132126
 9130856
 9131626
 9133486
 9132884
 9132456
 9132331
 9088752
 9109952
 1393971
 1393972
 1393983
 9112367
 9120077
 1378506
 9126264
 9125657
 9125374
 1358198
 9128953
 9128053
 9129434
 9122170
 9123603
 9125497
 9127151
 9126862
 9130455
 9130468
 9128184
 9128925
 9130256
 9127750
 9129659
 9132960
 9130745
 9131601
 9132408
 9132635
 9132001
 9132075
 1252135
 9130974
 9131825
 1366638
 9133344
 9132010
 9132570
 9133218
 9132479
 1372319
 1325010
 9122416
 1339820
 9123928
 9122405
 9123012
 9124940
 9129429
 9132303
 9131792
 9131719
 9107010
 9111748
 9113555
 9115486
 9116527
 9118234
 9122751
 9122510
 1239868
 9126369
 9124433
 9126714
 1114064
 9125043
 9126261
 9127756
 9128612
 9128793
 9129610
 9129137
 9130115
 9129501
 9130280
 9128633
 1160890
 9128552
 9130682
 9132631
 9131235
 9131482
 9132263
 9132359
 9132523
 9133606
 1296510
 1373495
 1373499
 9133042
 9131529
 9133378
 9133440
 9133494
 9132975
 1378537
 1378545
 1325027
 9131895
 9132937
 9132645
 9133449
 9131117
 1377968
 1315970
 9131882
 9132030
 9132114
 9131823
 9133065
 9131150
 9131274
 9132007
 9132268
 1372318
 9132335
 9132875
 1191929
 9126506
 9125749
 9124943
 9126272
 9131967
 9130690
 9133141
 1324710
 9113114
 9117090
 0647131
 9130336
 9130740
 9132905
 9132370
 1252140
 9131859
 9130880
 9131908
 9132692
 9133263
 1377960
 9130671
 9131872
 9133450
 1328232
 9121531
 9125602
 9124579
 9127363
 9130613
 9130872
 9132585
 1378553
 9132795
 1377255
 1160897
 9132789
 9133621
 9132925
 9131712
 9132495
 9132502
 9076973
 9093473
 9101120
 9108412
 9113717
 9123538
 9124480
 1311576
 9124981
 9125311
 9125386
 9127704
 9129298
 9130317
 9129373
 9130060
 9130224
 1252125
 9127703
 9128615
 9128625
 9131863
 9131415
 9132081
 9133226
 9133255
 9132048
 9132207
 9132619
 9131906
 1373491
 1373494
 1373398
 9131031
 9132164
 9133145
 9131207
 9131847
 9132176
 9133682
 1358397
 1358460
 9131672
 9132717
 9133365
 9133434
 9133453
 1378543
 1378554
 9130717
 9130836
 1194684
 9133079
 9133086
 9133455
 9133133
 9131983
 1315965
 9133012
 9132604
 9132340
 9132983
 9132319
 9131201
 9103974
 9103016
 9106362
 9116711
 9122222
 9125856
 9130371
 9129169
 9127984
 9129849
 9127736
 9132352
 9131381
 9131423
 9131575
 9132098
 1373481
 9132577
 9133602
 9130762
 9133671
 9131204
 9132703
 9106278
 9130517
 9131820
 1372516
 1330607
 1324127
 1324223
 9022045
 9034214
 9057875
 9069893
 9069932
 1324384
 9077300
 9077304
 9077310
 9080819
 9082057
 9083078
 9081742
 9085180
 9085187
 9087427
 9085416
 9090009
 1323723
 1239481
 9088856
 9088859
 9088868
 9088881
 9088885
 9091573
 1324477
 1239499
 9093593
 9093863
 9098828
 1322390
 9101805
 9099011
 9099020
 9099021
 9099950
 9102262
 1324496
 9103919
 1393222
 9103191
 9103205
 9105666
 9108273
 9106523
 9110224
 0978971
 9111015
 9112506
 9112511
 9114455
 9114096
 1324689
 1324690
 1324707
 9112155
 9112192
 9116615
 9117297
 9117445
 9117177
 9117182
 9117187
 9117196
 9120897
 9120532
 9119875
 9117850
 9117858
 9117863
 1160546
 9122728
 9124051
 9123609
 1160882
 1010314
 9122505
 9124114
 9126516
 9125642
 9126145
 1372497
 1351083
 9130403
 1378528
 1358784
 1202436
 9069492
 9117377
 9117328
 9119706
 9120152
 9123042
 9121338
 9125961
 9126368
 9125521
 9126471
 9129509
 9129528
 9129261
 9132455
 9130997
 9130644
 9133167
 9131049
 9130886
 9131239
 9133317
 1372317
 9096867
 1378014
 9106718
 9109428
 1393969
 1382810
 9115795
 9117447
 9120278
 9118337
 9122840
 9123051
 9126642
 9124907
 9126778
 9126704
 9124926
 9126344
 9125355
 1381523
 9128980
 9129993
 9127735
 9129921
 9128151
 1315172
 9127837
 9127861
 9128543
 1362280
 9129661
 9131501
 9131062
 9131066
 9132548
 9131480
 9133361
 9132650
 9132296
 9131437
 9133372
 1378031
 9105710
 1378171
 9118420
 9122471
 1332490
 1332822
 9106829
 9117167
 9122713
 9123504
 9121494
 1339815
 9121838
 9126210
 9124342
 9127380
 9127527
 9128508
 9129870
 1358312
 1358334
 1358364
 9128544
 9128120
 9130147
 9131321
 9132617
 9130982
 9131784
 9131722
 9133629
 1373488
 9131900
 9132287
 1358473
 9131392
 9132082
 9132002
 9130795
 9132377
 9130605
 9132179
 1339687
 9132625
 9133029
 9130664
 9131302
 9132991
 9125162
 1372222
 1372384
 9133473
 1332790
 9125859
 9125945
 9124595
 9126709
 9126416
 9125486
 9125812
 9128628
 9127745
 9129961
 9131236
 9133517
 9133521
 9133729
 9133102
 9131842
 9106190
 9111480
 9116767
 9117031
 1191896
 9124439
 9124798
 9128905
 9130271
 9130471
 9131611
 9131753
 9131549
 9133111
 1010843
 1331439
 9122185
 9122696
 9121486
 9121737
 9125220
 9126384
 9125217
 9125132
 9125452
 9129538
 1332447
 9128266
 9130106
 9130125
 9130140
 9129913
 9128170
 9130356
 1331450
 9128559
 9128941
 9129061
 9130412
 9130520
 9127352
 9127739
 9131275
 9131592
 9131732
 9131432
 9133417
 9131806
 9130918
 9131875
 9133655
 9133185
 9131721
 9132264
 1377966
 9132715
 9132886
 9106975
 9118478
 9122738
 9126744
 1365931
 9127479
 9129999
 9127566
 9127681
 9132702
 9130936
 9131420
 1373477
 9131821
 9133386
 9133421
 9133399
 9132922
 1366653
 9126519
 9124418
 9127671
 9128580
 9129441
 9128179
 9127865
 9133288
 9132964
 9132094
 1315951
 1315967
 9097464
 9117427
 9115488
 9125898
 9127450
 9127345
 9129907
 9128447
 9128641
 9128094
 9132143
 9132557
 0647135
 9127615
 9110138
 9115872
 9118956
 9118198
 9118535
 9121796
 9125539
 9124707
 9127005
 9125981
 9125852
 9127174
 9124483
 9125840
 9124666
 9124876
 9126310
 9127327
 1373289
 9128086
 9129640
 9127896
 9129450
 9129656
 9129699
 9130276
 9130305
 9130505
 9129709
 9127668
 9130297
 9129607
 9129623
 9129835
 9127927
 9127981
 9128290
 9132024
 9132581
 9133734
 9131503
 9131646
 9132653
 9133286
 9133505
 9132672
 9131858
 9130719
 1373471
 9132727
 9131874
 9130777
 9131500
 9131933
 9132184
 9132641
 9132733
 9132741
 9133413
 9133715
 9133735
 9133736
 9133753
 1358054
 9133157
 9133377
 9133588
 9133595
 9133609
 9131421
 9130774
 9132562
 9132676
 9133550
 9133591
 9133158
 1377043
 1377956
 9132438
 9133342
 9131653
 9131659
 9131666
 9132085
 9132415
 1324726
 9130670
 9130672
 9133319
 9120450
 9122826
 9126999
 1312957
 9130229
 9127547
 9129619
 9132740
 9133699
 1324400
 1324479
 9101544
 1362490
 9120010
 9117986
 9124900
 9128519
 9128699
 9130705





