16-07-05
 9033161
 9000847
 0775875
 9021858
 9033537
 9031145
 9037332
 9033803
 9040410
 9040761
 1387535
 9041472
 9044455
 9044798
 9044830
 9042447
 9042796
 9043570
 9044179
 9043759
 9044601
 9044617
 1387560
 9041514
 9043543
 9044083
 8996073
 8998957
 9001139
 9006149
 9010525
 9007932
 9015887
 9015917
 9034704
 9041280
 9040896
 9038573
 9040119
 9039830
 9039236
 9039301
 9042362
 9044448
 9044775
 9044815
 9041674
 9042103
 9043987
 9042161
 8944846
 8991192
 1269977
 1332115
 1332018
 8994115
 8997414
 9002667
 9000735
 9002246
 9002441
 9003409
 9004879
 9004050
 1234898
 9012978
 9014271
 9014371
 9013828
 9014577
 9014671
 1332190
 9019770
 1332378
 9023381
 9023289
 9022714
 9022723
 1126856
 9032870
 9036413
 9035693
 9035018
 9036520
 9036459
 9041279
 9040928
 9038636
 9039239
 9037552
 9039440
 9037854
 9038965
 9038076
 9041610
 9042122
 9044881
 1354699
 9043853
 9041686
 9043653
 9043659
 9044171
 9044250
 9044872
 9043142
 9044046
 9043206
 9042487
 9044028
 1014582
 9044050
 9041346
 9041414
 9044464
 9042836
 9041667
 9041768
 9042817
 9042835
 9031462
 1126897
 9034567
 9037175
 9036500
 9034191
 9036823
 9011749
 9026250
 1010942
 9039602
 9038584
 9044016
 9043187
 9042466
 9042973
 9041487
 9042338
 8994828
 9003640
 9003643
 9005545
 9011410
 9013986
 9014888
 8996676
 9019897
 9021386
 9019462
 1382374
 1382379
 9017412
 9019661
 9021897
 9036641
 9037091
 9037226
 9034702
 9034855
 9034920
 9038878
 8986040
 8995033
 9002773
 1249218
 8963077
 0978484
 8978226
 8984140
 1234203
 8992995
 8995786
 8993852
 8995220
 8992821
 9000079
 9000640
 9000684
 9021782
 9024245
 9023025
 9024191
 9024407
 9027036
 9028871
 9028957
 9029285
 9031813
 9033641
 9030852
 9031077
 9033092
 1175408
 9034697
 9036733
 9034317
 9034015
 9034924
 9034064
 9035422
 9038777
 9040204
 9040455
 9033012
 9035884
 9034385
 9040759
 9038175
 9040158
 9039210
 8998683
 8997933
 8999067
 8996778
 8996824
 8996900
 9000515
 1254385
 9009512
 9017064
 9018683
 9031985
 9034938
 1339497
 9041111
 1387542
 9036045
 9036742
 9034259
 9034669
 1323646
 9038231
 9037559
 9038607
 9042164
 9042348
 8995774
 8999087
 8999913
 8996624
 9000195
 1376055
 1314725
 9006984
 9004549
 9005022
 9005280
 9010510
 9008080
 9007563
 9010308
 1328098
 9014526
 9013369
 9010990
 9020576
 9017635
 9023236
 9021817
 9025997
 9026472
 9026648
 9030886
 9030162
 1243572
 9030684
 9034913
 9036645
 9037369
 9033823
 9035452
 9035894
 9037630
 9040730
 9039949
 9039446
 9038006
 9037551
 9040889
 9039211
 9043547
 9043517
 9043582
 9044805
 9044851
 9044875
 9044417
 1354659
 9042774
 9042840
 9044718
 9043686
 1323484
 9042029
 9042712
 9043060
 9041623
 9043006
 9043247
 9043830
 9043883
 9044177
 9044269
 9044276
 9044281
 9044489
 9044540
 9044553
 9044877
 9042859
 9043010
 9043516
 9044000
 9044115
 9044701
 9044724
 9044729
 9044795
 9041800
 9043042
 9043102
 9041956
 9043421
 9043621
 9043654
 1014565
 1014583
 1160592
 9041974
 9042212
 9041682
 9044132
 9041902
 9043027
 9010766
 9012476
 9016112
 9015454
 9019010
 9024196
 9027674
 1126857
 9029999
 9037171
 9035415
 9026044
 9032669
 9032728
 9036102
 9036692
 1365603
 9040238
 9038199
 9039829
 9011450
 9041640
 8996908
 8998117
 9005913
 1387304
 9011850
 9015505
 9021383
 9024062
 1387444
 9025297
 9024808
 9028418
 9028597
 9031216
 1011134
 9034897
 9034169
 9036466
 9035967
 9035996
 1339491
 9036484
 9038266
 9037999
 9040223
 9040459
 1126832
 9043335
 9043966
 9043559
 9043937
 1188331
 1194779
 9044119
 1304171
 1160590
 9044810
 9043436
 9041868
 9041921
 9043395
 9041657
 8990982
 9022273
 9033553
 9038263
 9043602
 9044190
 9044305
 8990578
 8991361
 1243558
 8992580
 8993226
 8994172
 8992625
 8998842
 8997150
 8997153
 8998669
 8996773
 1196603
 9005759
 9005988
 9005997
 9004387
 9008695
 9011556
 9012398
 9012406
 9011669
 1243614
 9017503
 9018556
 9022817
 9027290
 9032304
 1354564
 9036364
 1354974
 9037619
 9039540
 9040446
 9040974
 1126906
 9043013
 9044433
 1188322
 9043624
 9044634
 9041863
 9021428
 9023450
 9029436
 9028115
 9029741
 9033642
 1128314
 1366115
 9035846
 9034685
 9034618
 9040546
 9040857
 9039895
 9033020
 9040352
 9043224
 9010858
 9011108
 9032489
 9036893
 9034598
 1323757
 9033613
 9041133
 1014552
 9041044
 9023292
 9024913
 9022686
 9025691
 9022062
 9029622
 9039883
 9037543
 9037571
 9037796
 9040301
 9040178
 9039188
 9044894
 9042450
 9041798
 9044463
 9042671
 9041801
 9023912
 9036192
 9035088
 9034239
 9038211
 9038686
 9038712
 9042062
 9043854
 9041676
 9042799
 9042441
 8992122
 9029675
 1387480
 9039312
 9038167
 9040252
 9040859
 9042662
 9043581
 9044098
 9042691
 9022525
 9030213
 9030022
 9037162
 1188218
 1293375
 1324336
 9040409
 9041216
 9039007
 9040270
 9039513
 9041150
 1188002
 1198873
 9040971
 9043916
 9041809
 9044652
 1239539
 9043583
 9043700
 9043985
 9042606
 0677724
 9041502
 9042452
 9043994
 0978463
 8992252
 9000045
 9003063
 1379445
 9008573
 9010678
 1336118
 9014876
 9028337
 9031113
 9031602
 9032542
 9032842
 9032903
 1354555
 9034734
 9037066
 9034421
 9041272
 9038979
 9040194
 9039645
 1194777
 9040515
 9038743
 9044169
 9044184
 1354660
 9043271
 9042113
 9042091
 9044408
 9041891
 9042307
 9042584
 9044231
 9043032
 9043094
 9043371
 9013397
 9013553
 9014190
 9014444
 9042625
 9043955
 9044571
 9041764
 9041772
 9044238
 9044106
 8991804
 8995326
 1387095
 1175361
 9003325
 1387230
 9005250
 9006624
 9008251
 1387245
 9012111
 9013371
 9011780
 9018057
 1175490
 9027158
 9027514
 9032533
 1387527
 9035215
 1387546
 1160179
 9042106
 9044065
 9041723
 1387565
 9043425
 9042797
 9044182
 9043283
 9044273
 9041310
 9043248
 9043259
 9023902
 9024363
 9031498
 9030175
 9036547
 9036454
 9039859
 1387548
 9042312
 1387562
 1387574
 1387579
 9042074
 9044529
 1366035
 1366034
 9044327
 9043717
 9042765
 9043251
 9043691
 9041402
 9042219
 1191681
 9042134
 9021630
 9021404
 9026531
 9026388
 9028845
 9027469
 9033725
 1323774
 9033072
 1387495
 9031736
 9034513
 9033997
 9037468
 9034247
 9034389
 9035983
 9036266
 9037586
 9038471
 9040935
 9040098
 9040173
 9039357
 9041022
 9041636
 1126833
 9043394
 9044060
 9044833
 1239439
 9044476
 9041625
 9043362
 9043737
 9043227
 0677718
 9041817
 9041593
 9043967
 9042805
 9043156
 8960749
 8958857
 8968740
 8966716
 8966541
 8973971
 8976768
 8977504
 8974045
 1201143
 1239603
 8980943
 8981193
 8977806
 8977648
 8977862
 0994480
 8981659
 8984469
 8983672
 8991185
 8993806
 8996495
 9039668
 9038923
 1324200
 8989455
 8996810
 8996373
 9008705
 9013681
 9033155
 9034053
 9034058
 9034779
 9034796
 9034597
 8988662
 8988666
 9000033
 9000206
 9003808
 9005737
 9005745
 9007460
 9012105
 9012481
 9013763
 9017559
 9030958
 9031992
 9033892
 9038839
 9040421
 9039560
 9044503
 8991529
 8998482
 8998528
 9001876
 1366151
 9008119
 9018202
 9024389
 9022964
 9024994
 9022841
 9022097
 9021847
 9029484
 9028069
 9030180
 9031089
 9032499
 9033527
 1312422
 9031163
 9032593
 9031085
 9032046
 9033334
 9035051
 1354596
 9036707
 1239438
 9036631
 9034221
 9036083
 9036157
 1243589
 9034568
 9038339
 1332502
 9038370
 9040666
 9039773
 9039972
 9040950
 9038310
 1239533
 9039970
 9040342
 9037649
 9039146
 9038950
 1126826
 9044388
 9042639
 9042128
 9043839
 9042490
 9042146
 1205202
 9038186
 9043100
 1354667
 9043704
 9044494
 8989691
 8993517
 8995515
 9000591
 9003659
 9005582
 9007160
 9011110
 9014080
 9027500
 1354536
 9026970
 9033066
 9037072
 9035821
 9037104
 9036272
 9035623
 9035747
 9038947
 9039983
 9040452
 9040862
 9037713
 9039412
 9040947
 9041029
 9041167
 9039376
 9040866
 9038063
 9039624
 9038882
 9040153
 9038617
 9037923
 9040592
 1249146
 9037771
 9037774
 9039908
 1126822
 9042626
 9042940
 9043561
 9044152
 9044277
 9044283
 9041494
 9041411
 9041911
 9041532
 9042443
 9043514
 9043530
 9043556
 9043706
 9043441
 9041696
 9044640
 9042962
 9013709
 9017379
 9025719
 9024739
 9027907
 1324330
 9030267
 9034760
 9034277
 9039379
 9039982
 9040044
 9040177
 1387536
 9040614
 1014326
 9039860
 9037833
 9039506
 9040550
 9042015
 1126917
 9042599
 9043684
 9042832
 1188321
 1160594
 9041730
 9041742
 9042418
 9041919
 9043126
 9041484
 9041780
 9044300
 9044121
 9042768
 8984550
 8989817
 9013478
 9012339
 9018232
 9018646
 9026881
 9036568
 9035609
 1293381
 9039703
 1254276
 9041589
 9031253
 9031527
 1126817
 1126907
 9043618
 9043498
 9043865
 9044746
 1014434
 9043054
 1160301
 9015375
 9018593
 9028737
 9034987
 9034416
 1323601
 9035426
 9037181
 9036996
 9040798
 9039333
 1354684
 9039094
 9039954
 1240593
 9038346
 9037608
 1198836
 9038776
 1381700
 9044735
 9043497
 9043506
 9044029
 9044073
 9044109
 9044690
 9041916
 9042258
 9044667
 9044779
 9044785
 9044820
 9044860
 9042378
 9042763
 9044274
 9042171
 9041515
 9043272
 9043343
 9044603
 9044814
 9041628
 9042404
 9044239
 1387570
 1387581
 9044889
 9041605
 9044086
 9044176
 1194781
 1366025
 9043722
 1304174
 9044230
 1160307
 9042426
 9042794
 9043714
 9041363
 9041785
 9016278
 9023341
 9026095
 9032015
 1323237
 9019777
 9034449
 9036420
 9042345
 9042825
 9043377
 1323482
 9044024
 9042141
 9042118
 9043172
 9043538
 9043440
 9044294
 9042915
 9042949
 9043911
 9044045
 1191682
 9028317
 9030946
 9036687
 9038746
 9040940
 9043710
 9041725
 9044272
 9044892
 9043108
 9039205
 9043970
 9041458
 8954008
 8969099
 8970616
 8976851
 8974488
 8974394
 1332150
 9002010
 9014793
 9013122
 9011033
 9014536
 1332374
 9025365
 9027168
 9027874
 9027160
 9029988
 9030439
 1126854
 9031555
 9031200
 9031847
 9030766
 9030108
 9030521
 9034522
 9039521
 9038634
 9038658
 9038962
 9013617
 9025216
 9029774
 9028293
 9028990
 9033513
 9030350
 9037288
 9041273
 9038627
 9038503
 9039076
 9040001
 9040425
 9038481
 9037603
 9040739
 9038180
 9039039
 9040701
 9040785
 9038453
 1014333
 1198794
 9037979
 9039876
 9039267
 9040649
 1390818
 9041403
 1126909
 9042795
 9044660
 9043169
 9043198
 9044654
 9044659
 9042553
 9043995
 9041531
 1239541
 9041646
 9041491
 9041611
 9042590
 9043379
 9043558
 9043687
 9043718
 9044869
 9042321
 9044543
 9041683
 9041914
 9044831
 1366042
 1366047
 1014577
 0677719
 9041835
 9044522
 1236819
 9043110
 9044440
 9041304
 9041991
 9041645
 9041823
 9041724
 9041791
 9043194
 9023321
 9028800
 9029105
 9036000
 9036763
 9041180
 9037971
 9039973
 9040303
 9040502
 9039823
 9038113
 9038333
 1254290
 1254291
 9039269
 9039280
 9039290
 1126914
 9042801
 9044725
 9043792
 9042124
 1239540
 9041534
 9044882
 9042087
 9042734
 9042206
 9044405
 9044007
 9043005
 9041557
 1381993
 1324340
 9041276
 1390673
 9043305
 9044859
 1387564
 1387575
 9043008
 9041918
 9042745
 9042313
 9023562
 9004975
 9029765
 9030738
 9030710
 9030133
 9035890
 9035929
 9036796
 9036983
 9037160
 9035012
 9034599
 9034299
 9034484
 9034950
 9034969
 8989402
 8998897
 1145946
 9026556
 9032745
 9037110
 9034445
 9041157
 9039969
 1390752
 1381961
 9042540
 9042907
 9043946
 9044776
 9044292
 9042651
 1381990
 8991581
 8988826
 8993596
 8993022
 1240558
 8997714
 8999703
 8998086
 1010851
 1010855
 8998648
 9001187
 9001502
 9000469
 9000943
 9002721
 9002699
 9000053
 0977071
 1339412
 1339416
 9000136
 9000520
 9000818
 9005087
 9006542
 9004970
 9006614
 9007709
 9008717
 9009921
 9010534
 9009061
 1339430
 9013514
 9014678
 9013517
 9014388
 9015368
 9020763
 9020894
 9018931
 9021412
 9019725
 9018980
 9020449
 9019226
 9021530
 9019435
 9022274
 9025926
 9028264
 9028198
 9029177
 9027371
 9031445
 9032488
 9035324
 1191652
 9035516
 1323228
 9034487
 9035599
 9036112
 9034769
 9037628
 9037542
 9039413
 8990850
 1387071
 9001327
 1387314
 9009694
 1236708
 9011446
 9013109
 8986623
 9004326
 9008298
 9007912
 9021552
 1366123
 9034843
 9037076
 9034422
 1293384
 9038670
 9038785
 9038989
 9038122
 1323630
 9040795
 9038671
 9037514
 9038988
 9040901
 9042054
 9042719
 9042914
 9044135
 1354661
 9042474
 1323467
 9043183
 9041826
 9041655
 9042306
 9043472
 9044406
 9041664
 9044369
 9043566
 9043774
 9041924
 9041406
 9042457
 9042575
 9042887
 9043491
 9042936
 9043794
 9042938
 9044235
 1381673
 1352348
 1352349
 1352350
 1381358
 1381356
 1381354
 1381355
 9027147
 9038773
 9044592
 1293168
 9007250
 9039594
 9037861
 9039447
 9040930
 9044127
 9043929
 9041678
 9044057
 9044806
 9026301
 9031099
 9035974
 9036952
 9040874
 9040011
 9038819
 9039459
 9040171
 9038488
 9044200
 9042562
 9041931
 9044096
 9043552
 9044498
 9043679
 9043716
 0977341
 9042978
 1160574
 9042325
 9042833
 9042088
 9042597
 1339655
 8974389
 1010918
 1010853
 9000234
 1339418
 9008853
 9010663
 9008964
 9013731
 9018140
 9018739
 9018165
 9029780
 9028649
 9030214
 9036460
 9037248
 9038261
 9039283
 9041367
 9041418
 9042116
 1126840
 9044558
 9044437
 9043935
 9044414
 9044423
 9044318
 9042850
 9044012
 9044303
 1387561
 9042589
 9016474
 9030416
 9037279
 9033917
 9041003
 1387537
 9001672
 9022595
 1387454
 9023723
 9025151
 9028027
 9028784
 9031827
 9033284
 9031271
 9031961
 9037322
 9034707
 9036412
 0979093
 9037511
 9040414
 1354991
 9040085
 9037841
 9041094
 9039997
 9039926
 1198834
 9040648
 9037883
 9042265
 9042271
 9042436
 9042384
 9043790
 9041497
 9041888
 9043235
 9042322
 9043097
 1160591
 9042183
 9042846
 9041997
 9041617
 9044662
 9017213
 1324306
 9033489
 9032558
 9031739
 9034408
 9034054
 9038240
 9039509
 9038928
 9038518
 9043674
 9043818
 9041805
 1236820
 9041579
 9044902
 9042944
 9024044
 9026104
 9030004
 9031952
 9032783
 1175430
 9032614
 9034337
 9038276
 9038741
 1254293
 8990186
 9018111
 9022296
 9026523
 9026094
 9033120
 1323204
 9032645
 9030974
 9030643
 1390802
 1354562
 9037221
 9035436
 9036632
 9039468
 9038344
 9038899
 9038844
 9038827
 9040320
 9040498
 9040807
 9039258
 9040295
 9038419
 9038469
 9040235
 9037911
 9037916
 9040230
 9039397
 9039419
 9044908
 9044670
 9044691
 1126843
 9044878
 9041334
 9043188
 9043471
 9043690
 9044410
 9044517
 9044538
 9044675
 1239538
 9042060
 9042720
 9043258
 9043264
 9041619
 9042616
 9044265
 9044577
 9044842
 9044844
 9044883
 9044191
 9042675
 9042609
 9042872
 1014579
 9044643
 9041677
 9043777
 1160575
 1160588
 9043345
 9042461
 9042481
 9043893
 9042175
 9042957
 9042605
 9042655
 9043568
 1390764
 9042277
 9011451
 9017745
 9019875
 9022522
 9027660
 9035707
 9034180
 9036251
 0979096
 9037696
 9039928
 9043403
 9042503
 9043628
 9041541
 9041543
 9043350
 9043523
 9041547
 9044380
 9041807
 9042070
 9020022
 1232135
 9031108
 9035840
 9043825
 1379930
 9042052
 8993046
 9006363
 9010548
 9015431
 9017899
 9034801
 9037881
 9044802
 1240598
 9040992
 9039393
 9025848
 9032718
 9036660
 1354999
 1010541
 9043072
 9043526
 9044704
 9044807
 9043867
 9043022
 9046407
 9047089
 9047832
 9047352
 9047845
 9047720
 9045764
 9026197
 9039934
 9044288
 9044243
 1379769
 9044381
 1366018
 9042434
 9045792
 9046532
 9046760
 9047952
 9048399
 9047271
 9044934
 9045552
 9046738
 9046744
 9046207
 9024063
 9022543
 9028605
 1366244
 9031383
 9033949
 9036907
 1249027
 9040155
 1323470
 9044234
 9042909
 9043397
 9041357
 9044221
 1366027
 9041323
 9041811
 9044299
 9044523
 9045097
 9048447
 1354733
 9048159
 9048421
 9045540
 9045114
 9047375
 9045881
 9047246
 9045341
 9047232
 9047777
 9048492
 9045363
 9046997
 9047731
 9046081
 1366957
 9046317
 9045214
 9046048
 9046695
 9046719
 9046957
 9046197
 9046386
 9046529
 9046534
 9045580
 9029903
 9030809
 9022685
 9033601
 9040491
 9044906
 9041460
 9042024
 9045073
 1332530
 9047166
 1359180
 9047874
 9047950
 9030258
 9035059
 9033770
 9044534
 1010946
 1239680
 9037390
 9039565
 9039417
 1198884
 9038840
 9040144
 9041615
 9044244
 9044730
 9044741
 9044097
 9042702
 9018868
 9020218
 9020419
 9047474
 9042346
 1126824
 9041776
 9041378
 1254292
 9044528
 1354726
 9047119
 9045824
 9047844
 9046537
 9047543
 9045131
 9045765
 9046985
 9048032
 9044956
 1323469
 9043936
 9042243
 9042740
 1386396
 9032927
 9036512
 9034536
 9040423
 1354688
 9040988
 9039380
 9037906
 9043590
 9042422
 9043747
 9043587
 9043083
 9044232
 9043476
 9043025
 1014590
 1160579
 9042246
 9044151
 9046493
 9047077
 9046785
 9047297
 9047680
 9048418
 9046076
 9046427
 9046865
 9047449
 9048027
 9048340
 9048357
 9048358
 9048455
 9045526
 9047876
 9047600
 9045061
 9048044
 9044990
 9045235
 9045398
 9047280
 9048072
 9048502
 9045397
 9047104
 9047947
 9048211
 9048389
 9048448
 9048456
 9048514
 9048582
 9046808
 9045178
 9048566
 9046448
 9047225
 9046455
 9047747
 9045279
 9046708
 9046796
 9045948
 1249127
 9046496
 9044511
 9017402
 9029353
 9037309
 9034294
 1014339
 9043631
 9044732
 9043041
 9041540
 9043729
 9043878
 9048411
 9047733
 9047331
 9048515
 9047621
 9046935
 9047403
 1332370
 0977325
 9037804
 9040848
 9043420
 9020590
 9018147
 9018158
 9040968
 1354730
 9046069
 9045394
 9019974
 9028543
 9026300
 9026194
 9032501
 9034549
 9035812
 1354711
 1390821
 9044353
 9042492
 9042278
 9041529
 9045874
 9045421
 9046434
 9048398
 9046400
 9046408
 9045342
 9046108
 9046025
 9045922
 9047515
 9040123
 9037939
 9010256
 9037485
 9044532
 9041839
 9047971
 9000808
 1332387
 9026699
 9031524
 9033001
 9037247
 9036439
 9034250
 9037241
 9037858
 9040865
 9039648
 1198880
 9039933
 9039961
 9040530
 9043542
 9042152
 1014567
 9043611
 9041394
 9042213
 9046022
 9047645
 9047234
 9048043
 9048258
 9048337
 9045478
 9048279
 9044941
 9046262
 9026201
 9031030
 9031350
 9036680
 9035947
 9028029
 9033218
 9034144
 9035959
 9035364
 1014553
 9043120
 9042318
 9044722
 9044835
 9043322
 9044094
 9044261
 9042707
 9043215
 9041581
 9043869
 9042222
 9043699
 9044593
 9048489
 9046792
 9048077
 9048481
 9048572
 9046927
 9045395
 9047087
 9045145
 9046676
 9047785
 9045209
 9046129
 9046721
 1328260
 9045473
 9043210
 9048192
 9032119
 9042536
 9044400
 9043388
 9042522
 9045357
 9046636
 9048268
 9045014
 9045064
 9047730
 9046730
 9046458
 9019092
 9027125
 1387530
 9037191
 9036219
 9036456
 1354715
 9039753
 9040553
 9039206
 9042048
 9041787
 9043841
 9043851
 9044373
 9048137
 1354693
 9047741
 9045295
 9045297
 9045840
 9048273
 9047101
 9046856
 9045956
 9045931
 9046449
 9037117
 9048075
 9046531
 9037997
 9039809
 9038119
 9039884
 9038278
 1126835
 9042504
 9043453
 9044515
 9045057
 9045456
 9048583
 9047482
 9048026
 9048438
 9048451
 9048563
 9045730
 9046294
 9047336
 9047191
 1381228
 1175476
 1175427
 9036206
 9036809
 9036198
 9034429
 9036495
 9036681
 9035841
 9040480
 9040918
 9039546
 9038085
 1175588
 1354675
 9042050
 9042580
 9043253
 9043842
 1387566
 9042007
 9043220
 9042724
 9043071
 9043109
 9043927
 9045617
 9046718
 9046251
 9047282
 9047405
 9048100
 9046277
 9046727
 9047866
 9047926
 9045005
 9045011
 9045012
 9047684
 9045547
 9046680
 1354799
 9045693
 9046271
 9046471
 9046717
 9048453
 9045772
 9045763
 9023061
 1304227
 9032609
 9032546
 9030027
 9032591
 1387524
 1354647
 9038400
 9040287
 9038108
 1163964
 9041816
 1354698
 9043056
 9041883
 9042630
 9043252
 9041705
 9043736
 1160573
 1160600
 9042480
 9046667
 9047410
 9046460
 1387594
 9046495
 9045758
 9046415
 9047289
 1359178
 1359182
 9045784
 9046142
 9048274
 1327215
 8974586
 1366125
 9039923
 9040526
 9039426
 9038141
 9039031
 9038656
 9042114
 9044207
 9041846
 9041739
 9041890
 9043276
 9042011
 9042686
 9046832
 9047606
 1126924
 9046194
 9047663
 9045577
 9045744
 9045923
 9046850
 1387585
 9046867
 9047366
 9047780
 9046389
 1291945
 9047460
 9048101
 9048111
 1390677
 9045129
 9046223
 9046697
 9048134
 9045489
 9045679
 9045909
 9046375
 9045303
 9046870
 9037388
 9037166
 9037510
 9038288
 9038545
 9041125
 1387539
 9039016
 1254274
 1341603
 1239534
 9043067
 9043358
 9043664
 9044885
 9043176
 1365709
 9044887
 9047302
 9048099
 9047358
 9047073
 9048269
 9048592
 9046140
 9045760
 1239723
 1361156
 9015789
 1196445
 9019769
 9027545
 9030178
 9040168
 9040030
 1387577
 9043796
 1366074
 9042190
 9042223
 9041819
 9047880
 9048283
 9046764
 9045805
 9048254
 9045875
 9046100
 9036172
 9037591
 9018689
 9018694
 9021738
 9022538
 9040243
 9041973
 9042900
 9041572
 9041575
 9042220
 9005200
 9018544
 9027791
 9032446
 9033640
 9031120
 9037173
 9038698
 9043873
 9042682
 9044295
 9046781
 9046928
 9047885
 9048574
 9045252
 9045655
 9046428
 9046432
 9045147
 9046506
 9017083
 8966480
 8980931
 8980937
 1332388
 9031181
 1354595
 9034828
 9035000
 9037862
 9041074
 9039118
 9042399
 1126849
 9044367
 1323474
 9043223
 9043697
 1014594
 9043257
 9042025
 9044829
 9042790
 9044030
 9046266
 9046904
 9048334
 9047244
 1323552
 9047584
 9045258
 9046487
 9048051
 9047208
 9047789
 1163966
 9045953
 9041356
 1354729
 1323251
 9047675
 1304179
 9047393
 9047263
 9017365
 9017368
 9018553
 9022598
 9022986
 9029593
 9026963
 9033301
 9030951
 9035931
 9034097
 9035614
 9034716
 9038334
 9041122
 9043077
 9042923
 9043125
 9044125
 9044039
 1291950
 9044471
 9042785
 9043763
 9044769
 9047660
 9046354
 9046829
 9046862
 9046896
 9046911
 9048143
 9047015
 9048277
 9048375
 9048440
 9048573
 9048575
 9046370
 9047241
 9047760
 9045179
 9045450
 9046240
 9046507
 9038058
 9040813
 9037811
 9037894
 9039975
 9039991
 9038302
 9039579
 9041695
 9042151
 9042109
 9044089
 9042918
 9041939
 9044547
 9045329
 1354727
 9047996
 9046188
 9046411
 9047611
 9047812
 1323557
 9048239
 9048057
 9045139
 9045181
 9045120
 9045706
 9046326
 9045776
 9048178
 1160070
 8971774
 8973242
 8975280
 8980653
 1368506
 8987222
 8992547
 9001322
 9005954
 9005966
 9009218
 9011670
 9025103
 1366238
 9025041
 9029302
 9028816
 9026865
 9031075
 9031256
 9034577
 9037739
 9040340
 9039775
 9040125
 9040937
 0677722
 9041844
 9042107
 1365715
 9045910
 9045734
 9045155
 9047391
 1390678
 9047794
 9047632
 9037183
 9039900
 9040522
 9042617
 9042144
 9042310
 9044015
 9048376
 9046509
 9045987
 9047489
 9046308
 9045541
 9046278
 9046940
 9018822
 9026493
 9036044
 1239432
 9036721
 9038183
 9039367
 9040587
 9040853
 9039675
 9037965
 9039055
 9038371
 9040531
 9038941
 9039247
 9042791
 9044431
 9042783
 9044248
 9043976
 9044891
 9042738
 9041539
 9043460
 9045152
 9045951
 9047105
 9047788
 9048124
 9045411
 9046433
 9046578
 9046915
 9047549
 9047640
 9047712
 9048270
 9048541
 9047328
 9046608
 1239443
 9047012
 9046282
 9047820
 9048105
 9045153
 1320004
 9048078
 9047656
 9048172
 9046592
 9048205
 1387591
 1387598
 9048339
 9044983
 9047390
 9045954
 9048240
 9048208
 9048030
 1236843
 9047418
 9047544
 9047555
 9045287
 9045441
 9046819
 9047451
 9027710
 9034948
 1354653
 9040211
 9044229
 9042802
 9044628
 9047637
 9045466
 9047334
 9047360
 9048410
 9047826
 9048165
 1359179
 9015880
 9024032
 9041217
 9039643
 9041949
 9044005
 1332534
 9046558
 9048102
 9045782
 9045729
 9047169
 9045897
 9045810
 9046312
 9043439
 9042204
 9044937
 9045731
 1342400
 9026976
 9027447
 9029991
 9035437
 9037584
 1126916
 9041499
 9042693
 9041561
 9043396
 1323588
 1387589
 1236718
 9037168
 9044459
 9044527
 9041986
 9042442
 9042904
 9042894
 9042296
 9044143
 9042786
 9043738
 1160306
 9044645
 1390761
 9045801
 9046502
 1332528
 9047432
 9046130
 9047082
 9046976
 9047434
 9047784
 9046656
 9047217
 1323553
 1323577
 1323578
 9047509
 1239549
 9046905
 9047159
 9045624
 9045809
 9047285
 9048083
 9048288
 9048431
 9048472
 9048484
 9045546
 9048301
 1387592
 9045915
 9045920
 9046105
 9045535
 9045148
 9047356
 9045163
 9045371
 9046569
 1323253
 1323256
 1359175
 9047679
 9045435
 9047463
 9046331
 9046120
 9047052
 9045407
 9045684
 9045688
 9046861
 9047481
 9047757
 9048008
 9048217
 9045834
 9047960
 9021618
 9020972
 9021859
 9027570
 9041148
 9039326
 9040893
 9039476
 9044760
 1332546
 9048619
 9045520
 9045587
 9046029
 9048317
 9046703
 9045186
 9045519
 9046244
 9047078
 9037857
 9040856
 1387571
 9038587
 9044826
 9044862
 9041643
 9048203
 9048526
 9047395
 9047068
 1323255
 9047576
 9035752
 9036600
 9039041
 9044478
 9043445
 9044650
 1126864
 9032665
 9033403
 9034360
 9034689
 1014348
 9037759
 9039851
 9044126
 9043066
 9042320
 9041910
 9047793
 9048087
 9048402
 9046947
 9021670
 9017025
 9019939
 9021574
 9027913
 9026437
 9027920
 9034955
 9036602
 9037335
 9036064
 1272717
 9036282
 9034727
 1293380
 9034566
 9036828
 9041268
 9040226
 9039304
 9041063
 9041116
 1323633
 9039710
 1284405
 9039523
 9040984
 9041159
 1387532
 9040047
 9039390
 9039423
 1014343
 1198837
 9038784
 1286513
 9041018
 9041361
 9042099
 9043646
 1354666
 9041721
 9041980
 1323479
 9042438
 9044434
 9043701
 9044180
 9041492
 9044673
 9044678
 9041596
 1387563
 9042656
 1194782
 9043443
 9043415
 9044255
 9043606
 1160587
 1236805
 9042582
 9042614
 9043956
 9043652
 9042665
 9041680
 9042695
 9044004
 9046273
 9046451
 9046224
 9047170
 9045302
 9045609
 9045629
 9048530
 9045591
 9047968
 9047440
 9047407
 9047959
 9045668
 9046155
 9048241
 9046320
 9016748
 9019822
 1387440
 1387446
 9022059
 9035701
 9041181
 9039251
 1387557
 1387569
 9028729
 1128315
 9034975
 9035252
 9036930
 9039628
 9040906
 9038830
 9040242
 9040595
 9039946
 9038813
 1126831
 9043593
 9043051
 9043507
 9043521
 9044850
 9043289
 1014581
 1304178
 9042739
 9045101
 9045143
 9045905
 9046539
 9048585
 1323563
 1323565
 9047281
 1320003
 9046791
 9047702
 9047989
 9045549
 9048193
 1387586
 9044979
 9047088
 1366953
 9046465
 9045134
 9047647
 1304190
 1304191
 9046239
 9048080
 9044997
 9047467
 9047559
 9046414
 9046387
 9047363
 9040780
 9045912
 9036999
 9035257
 9037985
 9038644
 9040970
 9043265
 1126830
 9043338
 9043468
 9043292
 9044372
 9042511
 9018025
 9020856
 9040046
 9039593
 9040129
 9038149
 9042127
 9041996
 9043560
 9041943
 1304173
 9044763
 9045949
 9046243
 9048565
 9045714
 9045133
 9047094
 9047131
 0977084
 9016105
 9020581
 9029573
 9033578
 9033475
 9034078
 9040653
 1240592
 9039595
 1126913
 9044789
 9043150
 9044035
 9044399
 9044563
 9043597
 9041518
 9043365
 9043800
 9042177
 9042083
 9048164
 9045406
 9045677
 9046893
 9048299
 9046527
 9048255
 9048278
 9045911
 9047347
 9047372
 9046261
 9045334
 9021280
 9019758
 9018492
 9029707
 9029196
 9027059
 9038148
 9042040
 9018529
 1379968
 9030742
 1379904
 9035704
 9035159
 1354652
 9038772
 9040561
 1010889
 1010886
 9043466
 9041751
 9044291
 1188325
 9043229
 9042961
 9044150
 9041598
 9044022
 9043890
 1196704
 9045785
 9045942
 9045603
 9046242
 9047040
 9045248
 9048569
 9046941
 9045508
 9048028
 9047236
 9045652
 1365754
 9048435
 9046714
 9045239
 9045589
 9025797
 9026319
 9026070
 9029552
 9030678
 1198796
 9042013
 1312457
 9044666
 9042929
 1236807
 9041369
 9045477
 9048429
 9046772
 9046979
 9046991
 9046646
 9047462
 9047129
 9046559
 9047639
 9045723
 9047376
 9045096
 9032595
 9033078
 9036913
 1368190
 9042240
 9043058
 9043069
 8978358
 9014302
 9018534
 9018192
 9023386
 9022890
 9029391
 9028806
 9027233
 9033650
 9033362
 9029911
 9031662
 9037062
 9037134
 9036463
 9034493
 9034307
 1354651
 1354717
 1323632
 9038815
 9039801
 9037748
 9041123
 9037581
 9039246
 9039637
 9039689
 9038189
 9040210
 9042946
 9041332
 9042308
 9043503
 9044491
 9044663
 9041743
 9042698
 9043666
 9044158
 9041508
 9042641
 9043672
 9043680
 9043870
 9044493
 9044314
 9044499
 9042507
 9043323
 1240596
 9043239
 9042945
 9041728
 1328258
 9043564
 9045058
 1332540
 1332544
 9046381
 9047126
 9047910
 9048329
 9048476
 9047359
 9046516
 9046543
 9047386
 9047483
 9045518
 9045536
 9046269
 9045582
 1323560
 9046972
 9048148
 9048381
 9046403
 9046687
 9047292
 9048281
 9048546
 9048558
 9048595
 9046327
 1240614
 9045352
 9045960
 9047107
 9046837
 0977086
 9046990
 9047981
 9047534
 9047671
 9047856
 9048323
 9048615
 9044957
 9045524
 9045770
 9046339
 9046809
 9046382
 9047879
 9046074
 9045869
 9047905
 9046484
 9047203
 9023569
 9028589
 9028849
 9027527
 9027988
 9028000
 9033263
 9035400
 9041137
 9041106
 9039430
 9037902
 9038301
 9043309
 9041796
 9042699
 9048215
 9045349
 9046659
 9046668
 9047136
 9047157
 9006033
 9008599
 9011027
 9023695
 9027126
 9026979
 9029138
 1387516
 9034511
 9040179
 9041995
 9042195
 9044311
 9047937
 1236827
 9046409
 9021990
 9034725
 9039316
 9039728
 9043619
 9042315
 9046771
 9048571
 9048576
 9048616
 9046122
 9046835
 9048015
 9048424
 9045243
 9048263
 9045071
 9050087
 9051640
 9051624
 9052166
 9052181
 9035068
 9043860
 9043866
 9043978
 9042602
 9045972
 9045797
 9048232
 9045170
 1323254
 9050293
 9050799
 9049510
 9049731
 9049564
 9050525
 9021725
 9018210
 9018729
 9023732
 9023948
 9025761
 1366133
 9033164
 9033188
 9032295
 9036894
 9038379
 9040898
 9042622
 9042780
 9044790
 9044793
 9043334
 9043663
 9048025
 9047210
 1323576
 9048344
 1387593
 9045493
 9046568
 9046519
 9045512
 9047808
 9049957
 9051441
 9051704
 9051479
 9050298
 1341656
 9051488
 9051121
 9048817
 9049769
 9049536
 9050484
 9050776
 9048826
 9049318
 9052329
 9048811
 9050323
 9051305
 1198928
 9050167
 9051746
 9050114
 9048778
 9050500
 9049876
 9050541
 9050676
 9048832
 9051074
 9048736
 1293377
 9042688
 9043802
 9037992
 9039558
 9042252
 9045052
 9048321
 9045356
 9049269
 9051415
 9051212
 9049942
 9050680
 9050639
 9048820
 9051445
 9025258
 9021846
 9022626
 9027793
 1126342
 9026687
 9027467
 9027964
 9029172
 9030187
 1312456
 9022562
 9042521
 9045021
 9046552
 9046611
 9048854
 9049013
 9048717
 9048775
 9051827
 9050653
 1379791
 9049715
 9048899
 9050450
 1254248
 9049774
 9051934
 9023968
 9037125
 9034630
 9038771
 9043608
 9042408
 9041843
 9042034
 9048508
 9045664
 9046226
 9047294
 9048237
 9047442
 1390814
 1191683
 9047620
 9047124
 9045717
 1010944
 9045925
 9047143
 9049346
 1387595
 1387596
 9031723
 9036934
 9036449
 1365644
 9035447
 9042968
 9041893
 9043495
 1160589
 9043907
 1381352
 9048478
 9048578
 9045418
 9047941
 9046418
 9046227
 9051922
 9052091
 9048874
 9049268
 9050201
 9050524
 9050537
 9050583
 9051433
 9049008
 9050067
 9049460
 9051695
 9051912
 9052077
 9052226
 9049389
 9050273
 9050358
 9050809
 9051610
 9052031
 9052184
 9050738
 1323589
 1341683
 9048945
 9050894
 9050899
 9050695
 9048901
 9050522
 9051986
 9052172
 9052264
 9049959
 9049910
 9052212
 9052229
 9052282
 1387655
 9048728
 1312469
 9048844
 9049386
 9049938
 9049240
 9051313
 9049452
 9052158
 9050462
 9050578
 9049339
 9051413
 9052213
 9019984
 1240542
 9033598
 9042600
 9045030
 9045332
 1379209
 9047817
 9040952
 9044475
 9044709
 9045458
 9047095
 8977918
 9045190
 9048183
 9049525
 9017130
 9034683
 9041212
 9040330
 9040405
 9040664
 9040924
 9037954
 9039762
 9042055
 9042236
 9042992
 9047108
 9046637
 9045034
 9046135
 9047200
 9049960
 9050267
 1387659
 9051262
 9051604
 9051730
 9050009
 9049368
 9049968
 9050724
 9050270
 9050778
 9050950
 9024839
 9031572
 9041537
 1387476
 9031649
 9033125
 1175583
 9050175
 9051642
 9020067
 9026389
 1239522
 1291911
 9046665
 9047470
 9045917
 9047977
 9045575
 9048312
 9045537
 9050626
 9049737
 9051582
 9052363
 9049700
 9052072
 1381603
 9035897
 9036732
 9037984
 9041165
 9040693
 1354752
 9042741
 9043755
 9019985
 9042327
 9043881
 1332527
 9044951
 9049164
 9051535
 9051805
 9050453
 9019524
 9035657
 9037337
 1390760
 9029304
 9031787
 9034396
 9038001
 9044418
 9044821
 9041335
 9044165
 1014591
 9042095
 9045217
 9048553
 9047075
 9051810
 9052232
 9048912
 9051550
 9051598
 9048779
 9051279
 9051092
 9051102
 9052178
 9052180
 9052018
 9050633
 9050896
 1194598
 9050037
 9049846
 9052047
 9048840
 9049099
 9051560
 9051562
 9051787
 9019227
 9021861
 9030035
 9034466
 9039865
 9042039
 9044651
 9044658
 1160576
 9041366
 9046038
 9046970
 9047404
 9048042
 9045484
 9048834
 9050701
 9052279
 9051400
 9051284
 9052027
 9051013
 9023614
 9025218
 9027262
 9043540
 9045430
 9048076
 1387599
 9045324
 1312441
 9047367
 9045675
 9045004
 9046439
 9048737
 9049077
 9051659
 1354867
 9049826
 9050012
 9049758
 9049133
 1194593
 9051946
 9052010
 1359193
 9049509
 9049603
 9050246
 9051427
 9032683
 9046090
 9049718
 9049402
 9049722
 9039474
 9043355
 9044167
 9048175
 9047431
 9047401
 9047685
 9046424
 1359171
 9048293
 9048151
 9047585
 9051674
 9051869
 9048756
 9049503
 9051683
 9051716
 9051793
 9051236
 9049600
 1236850
 9052154
 9049634
 9051532
 9048760
 9049130
 9011711
 9019803
 9026286
 9031747
 9030932
 9032323
 1354603
 1339865
 9035524
 9034411
 9034807
 9037674
 9037996
 1387549
 9038702
 9039368
 9042585
 9044003
 9041567
 9045571
 1387587
 9048082
 9046873
 9047936
 9045009
 9048741
 9050793
 9051083
 9050887
 9052289
 9052273
 1194652
 1194582
 9051374
 9050289
 9052151
 9048946
 9049462
 1359188
 1359189
 1359191
 1359192
 9050652
 9051623
 9050909
 9051375
 9051297
 9042390
 9050790
 9050935
 9051854
 9050739
 9023507
 9031680
 9031582
 9031594
 9039968
 9037732
 9038903
 1243599
 9037644
 9040827
 1163961
 9041783
 9042808
 9041530
 9041352
 9041906
 9044531
 9045574
 9046770
 9045839
 9047631
 1239751
 9046834
 9047228
 9046977
 9048017
 9045225
 9045274
 9047689
 1163967
 9045431
 9045709
 9049264
 9051921
 9051306
 1387665
 9050093
 9051403
 9051629
 9052242
 9051500
 9051724
 9051263
 9049168
 9050598
 9050666
 9049926
 9049535
 9049265
 1381602
 1322269
 9024155
 9022454
 9032453
 9037440
 1332510
 9040057
 1366031
 9048073
 9047374
 9045590
 1239754
 9045592
 9046553
 9045402
 9045159
 9050386
 9050235
 9050486
 9049170
 9050875
 9049970
 9051234
 9051303
 1387656
 1387664
 9052288
 1189564
 9049505
 9051278
 9051734
 9052257
 9049863
 9049236
 9051578
 9049682
 9049866
 9051543
 9049135
 9051216
 9051813
 9023567
 9029612
 9027476
 9033676
 9030414
 9037292
 9041185
 9038889
 9038007
 9041118
 9039348
 9038066
 9040652
 9037899
 9043189
 9044397
 9044886
 9041441
 9042105
 9044716
 9048554
 9045497
 9048465
 9047617
 9049120
 9051837
 9051491
 9051692
 9051698
 9052182
 9052205
 9050715
 9051029
 9049300
 9051492
 9049249
 9049483
 9050572
 9048857
 9050399
 9045137
 8987839
 8988545
 1252776
 8989321
 8992897
 1126780
 8993218
 8995818
 8996957
 1361324
 0977076
 9029065
 9029078
 9044462
 9047211
 9049529
 9051047
 9049308
 9051118
 9050374
 9049941
 9009044
 1379463
 1379464
 9019120
 9021222
 9017703
 9019492
 9022383
 9024543
 9026208
 9029324
 9028637
 9047005
 9041468
 9041471
 9016398
 9050188
 9046071
 9049723
 9051916
 9049053
 9050812
 9049136
 9050840
 9017181
 9025171
 9032481
 1324341
 9036344
 9039106
 9040797
 1291905
 1291906
 9039457
 9040258
 9040583
 1323475
 9043733
 9041612
 9043321
 1202676
 9045534
 9045788
 9046295
 9046511
 9046205
 9048198
 9045198
 1304196
 9047659
 9045868
 9050902
 9049837
 9050570
 9052139
 9049285
 9051660
 9050176
 9050126
 1359196
 9050544
 9050099
 1390778
 9049764
 9051614
 1126816
 9042610
 9042804
 9046652
 9047737
 9046033
 9049683
 9048940
 9049752
 9050636
 9051246
 9048904
 9049152
 1236848
 9049697
 9050564
 9018501
 1198810
 9034906
 9040445
 9040869
 9041050
 9043576
 9043074
 1160585
 9043291
 9047220
 9047525
 9046653
 9048406
 9048523
 9046828
 9046211
 1243211
 9045666
 9047966
 1249130
 9045929
 9046293
 9049499
 9051004
 9051325
 9050740
 9051762
 9052000
 9051571
 9051714
 1304199
 9048800
 9050349
 9049613
 1336072
 1336074
 1336073
 9049785
 9031286
 9032632
 9030970
 9030989
 9035658
 9033921
 9035646
 9034031
 9034043
 9034071
 1293379
 1381962
 9043959
 9044082
 9042110
 9045970
 9046902
 9048527
 9048089
 9049719
 9050225
 9050283
 9050520
 9051471
 9051828
 9051996
 9049527
 1341653
 9048944
 9050905
 9050988
 9051183
 9049521
 9052078
 9049217
 9051699
 9052365
 9051239
 9051182
 9050181
 9052211
 9051358
 9046440
 8990378
 8988963
 8995489
 9008495
 9022445
 9035826
 9040306
 9044411
 9042561
 9042368
 9042297
 9043179
 1239752
 9046786
 9045895
 9046515
 1387662
 9037654
 9044550
 9041553
 9046046
 9048002
 1387597
 9048245
 9052369
 9050388
 9051200
 1239012
 9051353
 9050466
 9050749
 1332375
 9023139
 9036018
 9038614
 9039611
 9044915
 9043754
 9042598
 9045472
 9047048
 9047267
 9046189
 9045924
 9045346
 9046218
 9048432
 9045556
 9047261
 9048219
 9048294
 9046724
 9045215
 9048182
 9049512
 9049597
 9050295
 9051897
 9051960
 9052120
 9051428
 9049629
 9051688
 9052107
 9049426
 1341681
 9050835
 9052171
 9052187
 9051956
 9051967
 9051971
 9050455
 9050784
 9051910
 9048890
 9051106
 9052237
 9051766
 9048873
 9051764
 9050168
 9050698
 9051932
 9052193
 9050187
 9048858
 9050684
 9050552
 1198905
 9051002
 9048747
 9051119
 9050709
 9049213
 9050714
 9050346
 9046729
 9052225
 9029388
 1332523
 1126829
 1014586
 1366075
 1323571
 1320001
 1291913
 1291940
 1291914
 9052179
 9021699
 9041584
 9041526
 9043849
 9048423
 9046566
 9045018
 9044950
 9046401
 9047526
 9047114
 9048054
 9046172
 9046374
 9046562
 9051891
 9049568
 9050226
 9051328
 9051112
 9049380
 9050800
 9050945
 9051040
 9049495
 9050523
 9051222
 9051372
 1390779
 0677723
 9042063
 9044296
 9046740
 9047514
 9051635
 9050651
 1304252
 9051130
 9048911
 9048921
 9052051
 9049501
 9050060
 9046782
 9036960
 9036573
 9051773
 9050648
 9048956
 9049228
 9050051
 9051432
 9050116
 9036140
 9033862
 9038290
 1126841
 9042895
 9043433
 9046548
 1323567
 9044948
 9046263
 9048012
 9048905
 9052274
 9049840
 9034762
 9043370
 9042132
 9041831
 9042153
 9043678
 9043119
 9045967
 9046691
 9046949
 9048560
 9045369
 9046874
 9047354
 9047638
 9048365
 9049599
 9049279
 9049364
 9051679
 9049116
 9049671
 9050489
 9051122
 9051750
 9051975
 9051981
 9051987
 9052244
 9052249
 9051265
 9049794
 1341658
 1341670
 1239013
 9050470
 9050558
 9050677
 9049391
 9049500
 9050479
 9051170
 9052196
 9051873
 9052195
 1387657
 9050868
 9052228
 9048977
 9049125
 9049270
 9049388
 9051394
 9050528
 9051510
 9050173
 9052136
 9050337
 9048749
 9051481
 9052231
 9049433
 9049716
 9049735
 9049706
 9050439
 9051051
 9050494
 9017384
 9025315
 9031261
 9031643
 9036050
 9035347
 9040237
 9042757
 9043078
 9043349
 9041927
 9042456
 9046182
 1341608
 9046283
 9046716
 9048264
 9047591
 9048047
 1390765
 9051690
 9050013
 9052191
 9049948
 9050880
 9051696
 9048776
 9049850
 9050372
 9043285
 1291941
 9048730
 9051272
 9050275
 9041275
 9037966
 9044893
 9042976
 9044968
 9048092
 9045202
 9045206
 9045213
 9050163
 9049610
 1387652
 9048919
 9049474
 9049858
 9050365
 9027619
 9042375
 9046145
 9046762
 1387584
 9047643
 9045916
 1249126
 9049502
 9051555
 9037085
 9038002
 1243595
 9039927
 9039195
 9037947
 9042650
 9043713
 9044226
 9048379
 9048555
 9047306
 9048604
 9048557
 9047969
 1381375
 9051360
 9051826
 9052208
 9050123
 9048757
 1390787
 9019124
 9021071
 9020431
 9030249
 9030802
 1354678
 9041093
 9039026
 9041198
 1381963
 9047459
 9045103
 9048156
 9047927
 9045388
 1240609
 9046481
 9046749
 1323258
 9045019
 9048108
 9050903
 9051965
 9050562
 1341676
 9050445
 9050955
 9050539
 9050424
 9050566
 9050271
 9050511
 9049892
 1249058
 9050291
 9019309
 1320002
 9023144
 9031342
 9033121
 9030322
 1366142
 9033859
 9039130
 9039866
 9042415
 9044356
 9048094
 1014443
 9047504
 9048085
 9048123
 9047132
 9048734
 9050760
 9051524
 9049952
 9051685
 9049481
 9049962
 1194568
 1194569
 9048871
 9051924
 9048859
 9052372
 9050527
 9048949
 9050278
 9050311
 9051530
 9050159
 9050553
 9049016
 9050112
 9051713
 1381353
 9048727
 9045841
 9045355
 9047247
 9045542
 9045548
 9047396
 9047340
 9048562
 9045176
 9046978
 9046684
 9047560
 9046289
 9035665
 9036483
 9040810
 1354716
 9040006
 9040111
 9042433
 9041620
 9042517
 9044051
 9042777
 9047552
 9047875
 1387590
 9047486
 9047744
 9045720
 9047916
 9048035
 9046066
 9048307
 9049592
 9050889
 9052121
 9049332
 9050055
 1341684
 9050048
 9051736
 9051777
 9050672
 1194559
 9051343
 9050259
 9051544
 9051678
 9050944
 9050629
 9050845
 9015524
 9027783
 9027632
 9030927
 9035030
 9038375
 9043376
 9041517
 9042165
 9043906
 9044387
 1332529
 9046003
 9046643
 9047929
 9048242
 9048287
 9048464
 9045523
 9045959
 9047709
 9047946
 9046767
 9048500
 9046600
 9051294
 9049413
 9051554
 9051809
 9051817
 9048934
 9050190
 9050650
 9050986
 9051373
 9051719
 9049367
 9048914
 9051392
 9051963
 9048759
 9050098
 9034286
 9044904
 9043088
 9043236
 9043255
 9047312
 9048466
 9048262
 9046620
 9047058
 9045564
 9046039
 1249132
 9034925
 9034637
 9039562
 9037513
 9044247
 9042429
 9042115
 9043244
 9042965
 9043596
 1236821
 9043810
 9044017
 9048331
 9046783
 9045234
 9047152
 9045298
 9045305
 9047903
 9045092
 9047655
 1320009
 9052243
 9051656
 9052143
 1198927
 1198906
 9049101
 9049039
 9049726
 9024422
 9029941
 9031682
 9040038
 9038075
 9044252
 1332547
 9047764
 9048407
 9045969
 9044193
 9044509
 1160577
 9043079
 9045299
 0977085
 9046082
 9046971
 9004881
 9023377
 9024347
 9027170
 9032461
 9030700
 9036389
 9038969
 9041019
 1354707
 9040828
 9038236
 9040197
 9039951
 9039574
 9040019
 9040082
 9042472
 9044366
 9042822
 9043990
 9044103
 9043337
 9044157
 9041476
 9042643
 9043281
 9048450
 9045570
 9045907
 1323556
 9048512
 9048551
 9048556
 9046113
 9047144
 9045345
 9046882
 1291944
 9046704
 9046838
 9045231
 9045263
 9051970
 9052245
 9051725
 1354766
 9049848
 9051842
 9049807
 1341678
 9051149
 9048955
 9050179
 9051751
 9048884
 9049640
 9050771
 9051655
 9051833
 9052041
 9052062
 9050836
 9051486
 9050325
 9051087
 9049289
 9049325
 9049464
 9051691
 9050532
 9051016
 9049608
 9049921
 9050510
 9049005
 9049303
 9049370
 9048836
 9049542
 9050086
 9051460
 1196712
 9050361
 9043840
 9046840
 9045354
 9045224
 9050813
 1359200
 9050601
 8981066
 9000643
 1232136
 9026037
 1387538
 1239544
 9051378
 9049978
 9051247
 9026240
 1354587
 1239529
 9039985
 9041459
 9042624
 9044655
 9045423
 9047369
 9048567
 9048070
 9045515
 9046807
 9048176
 9047724
 9051125
 9052079
 9050332
 9049451
 9049453
 9048816















