16-07-11
 9056797
 9040934
 9058080
 9060625
 9060832
 9062681
 9062970
 9064931
 9063943
 9067378
 9069813
 9069231
 9069362
 9070568
 9067804
 9070684
 9070704
 1387787
 1387790
 9069106
 9062411
 9067030
 9070916
 9068174
 9069192
 9070633
 9067631
 9068038
 9068145
 9068824
 9068845
 9068853
 1146261
 9070214
 9067424
 9068864
 1387346
 9019265
 9020197
 9020359
 9022847
 9021853
 9024396
 9027700
 9026111
 9029420
 9032611
 9032959
 9031717
 9030853
 9036046
 1387550
 9040218
 9043354
 9041928
 9047158
 9045642
 9046968
 9049524
 9057610
 9058891
 9056833
 9061960
 9062125
 9059747
 9060354
 9064625
 9065392
 9064546
 9065371
 9066276
 9063861
 9063777
 9064758
 9071026
 9067547
 9068471
 1126963
 9068794
 9070712
 9070850
 9070877
 9068693
 1341476
 9069964
 9070523
 9069455
 9067720
 9067848
 9068149
 9070632
 9070697
 9067407
 9067289
 9069672
 9070050
 9068564
 9069838
 9068106
 9067371
 9069100
 9070089
 9069438
 9067889
 9069757
 9068836
 9068844
 9067464
 9068076
 9069078
 9069309
 9069825
 9069381
 9069709
 9068408
 9060847
 9046494
 9065751
 9065534
 9067868
 9069712
 9068045
 9068509
 9069011
 9070131
 9068802
 9070551
 9069530
 9068745
 9017061
 9017062
 9020684
 9025273
 9029298
 9025930
 9029965
 9038297
 9042022
 9045184
 9049195
 9052753
 9055762
 9060654
 9066643
 9065212
 9063530
 9064865
 9065967
 9066330
 9064902
 9039346
 1390945
 1390942
 8978909
 1366446
 9009305
 9009357
 1366153
 1366212
 9007468
 9010337
 9011859
 1240547
 9017363
 9017079
 9018271
 9018411
 9017219
 9017218
 9017223
 9021860
 9024895
 9022391
 9026439
 9026590
 9026024
 9065839
 9068478
 9068502
 9068833
 9067641
 9068035
 9067386
 9067595
 9068624
 9070238
 1253808
 9029440
 9037785
 9058924
 9062930
 9063036
 9062268
 9061940
 9063102
 9062436
 1387348
 9019103
 9017177
 9018671
 9031215
 9033822
 9037281
 1362126
 9065244
 9065301
 1381491
 9000194
 9002034
 1314731
 9035824
 9052224
 9051518
 9055589
 9056341
 9060232
 9062850
 9061454
 9066620
 9067133
 9064200
 9064208
 9066566
 9064635
 9067123
 9064726
 9065032
 1323270
 9065022
 9066431
 0978739
 9067327
 9067479
 9067486
 9069336
 9069786
 9067756
 9070718
 9070837
 9070840
 9069063
 9070317
 9070738
 9070749
 1341478
 9068175
 9069435
 9067341
 9070062
 9070692
 9067396
 9067780
 9068730
 9069684
 9067642
 9069520
 9070170
 9070664
 9068492
 9070228
 9069394
 1253805
 9027071
 9039699
 9038140
 9053226
 9059012
 9062997
 9060440
 9061275
 9064728
 9066905
 1387753
 9065798
 9064869
 9065333
 0647196
 9065663
 9069649
 9067413
 9070088
 9070097
 9071000
 9057921
 1240316
 9062783
 1387728
 9062964
 9060370
 9065100
 9063614
 9065994
 9064296
 9068449
 9026442
 9026783
 9029331
 9034728
 9035596
 9038185
 9038281
 9041065
 9041595
 9042993
 9048671
 1304186
 9051397
 9050767
 1163969
 9054648
 9054512
 9054074
 9054386
 9058554
 9057688
 9058749
 9058316
 9057011
 9057981
 9062971
 1368328
 9063028
 9060230
 9061386
 9066170
 9064497
 9065200
 9063507
 9066613
 9064807
 9065618
 9064922
 9070859
 9067931
 9068658
 9069625
 9070507
 9070641
 9069475
 9069975
 9069193
 9069841
 9070512
 9069803
 9068272
 9069264
 1191692
 9067977
 9063290
 9000398
 9001272
 9010372
 9064013
 9070577
 9019077
 9019090
 9019106
 9024576
 9031625
 9031634
 9031641
 9031648
 9031656
 9035502
 9035512
 9035542
 9035549
 9035554
 9038516
 9038519
 9038527
 9038540
 9038548
 9038558
 9038566
 9054421
 1359474
 9056937
 9063022
 1359491
 9063256
 1376668
 9065517
 9066035
 1381860
 9068383
 9068597
 9069195
 9070245
 9067751
 9069790
 9067956
 9069494
 9067911
 9056314
 9058518
 9058877
 9057174
 9059771
 1322297
 9060887
 9061849
 9062803
 9063127
 9032398
 9066527
 9063695
 9067676
 9070113
 9069617
 9070911
 9069001
 9053156
 9053159
 9053168
 9056430
 9021389
 9029608
 9035920
 9044023
 9049317
 9059792
 9062165
 9066915
 9064289
 9066281
 9064616
 9063740
 9038831
 1390816
 9041453
 9041873
 9041339
 9041736
 9047195
 9045488
 9024482
 9043300
 9047174
 9056068
 1387723
 9061444
 9065306
 1387755
 9065436
 9066846
 9066474
 9068022
 9069090
 9069451
 9068032
 9070021
 9070287
 9070488
 1387776
 1387791
 9067951
 9069610
 9068839
 9069791
 9060115
 9060461
 9065762
 9066730
 9066249
 9065946
 9066337
 9066450
 9064963
 9065935
 9068155
 1126962
 9068431
 9069911
 9068090
 9068423
 9068694
 9068245
 9069480
 9070246
 9069900
 9068095
 9068392
 9068126
 9069954
 9068562
 9068707
 9070217
 9037220
 1387732
 9067957
 9068955
 9069764
 1387781
 1387782
 9049806
 9059551
 9059874
 9061733
 9063000
 9060579
 9061221
 9063965
 9066437
 1354883
 1354896
 9066829
 9063877
 9066817
 9064651
 9065349
 9064065
 9065496
 9065907
 9065337
 9066014
 9066509
 9064534
 9066710
 9063443
 9063604
 9064162
 9063624
 9067885
 9070450
 9069482
 9069870
 9068187
 9070221
 9068139
 9070975
 9070977
 9071005
 9068590
 9068660
 9069009
 1240335
 9069115
 9067300
 9068350
 1323284
 9068011
 9068700
 9069477
 9067336
 9068850
 9069204
 9067584
 9068851
 9025462
 9031134
 9040196
 1362124
 9044717
 9043947
 9047589
 9049604
 9049923
 9055280
 9054689
 9057239
 9056910
 1368311
 9056955
 9057711
 9060513
 9062035
 9060427
 9061930
 9062905
 9062856
 9060829
 9061809
 9062287
 9066514
 9064973
 9064443
 9065574
 9065584
 9065757
 9070052
 9069621
 9069715
 1312675
 9069675
 9068878
 9068213
 1371461
 1371462
 1371463
 9068635
 9070479
 9067577
 9068301
 9068460
 9068928
 9068967
 9068407
 9070719
 9028089
 9038473
 1359181
 1359469
 9063545
 9069349
 9069305
 9069329
 9068560
 9069600
 1387402
 9019040
 9020999
 9018424
 9021337
 9019838
 9021742
 9022694
 9023120
 9023978
 9027999
 9034152
 9036470
 9036089
 1387545
 1305308
 9039733
 9037731
 9043519
 9047806
 9045793
 9046336
 9047669
 9051095
 9051672
 9052004
 9053609
 9055034
 9054617
 1390682
 9055090
 9055267
 9055735
 1341613
 1368198
 9057334
 9057511
 9057691
 9058855
 9061297
 1387725
 9062990
 9062934
 9062517
 9061576
 9062318
 9059969
 9064055
 9064745
 9067001
 9064205
 9064796
 1366979
 9065738
 1323277
 9064080
 9064441
 1328365
 9063951
 9064393
 9070366
 9070451
 9067627
 9067806
 1387772
 1387786
 9068858
 9070260
 9070411
 9068113
 9068122
 9069553
 9068523
 9069341
 9068438
 1381631
 9053005
 9059040
 1387737
 9061718
 1381854
 9064739
 1387766
 1366989
 9065720
 9067109
 9070161
 0964811
 9067919
 9069533
 9067891
 9070060
 9068486
 9068614
 1291946
 1291749
 9068985
 9069087
 9067506
 9068002
 9068157
 9068360
 9068541
 9070293
 9070761
 9068115
 9069659
 9069276
 9070018
 9070948
 9039980
 9050393
 9050860
 9054538
 9062879
 9059794
 9065914
 9067119
 9067182
 9065955
 9063434
 9065001
 9067768
 9070570
 9067482
 9069180
 9070746
 9070804
 9070834
 9067319
 1239447
 9070461
 9070339
 9070934
 9067759
 9069375
 1161712
 1253810
 9067282
 8985001
 1361378
 8993309
 8995805
 8998088
 8998523
 9000024
 9001937
 9007136
 9004842
 9007887
 9010273
 9010309
 1014306
 1126695
 9011596
 9011809
 9013310
 9013616
 9042587
 9043534
 9046286
 1126929
 9048602
 9063921
 8991053
 9058044
 9056498
 9062480
 9066572
 9064214
 9065169
 9067036
 9070991
 1341472
 1371467
 9071012
 9069923
 9057489
 9069982
 9036341
 9053843
 9056699
 9022554
 9022556
 9022560
 9034096
 9034498
 9038081
 9050645
 9056500
 9060846
 9061823
 9063829
 9063521
 9064504
 9069200
 9068989
 9070465
 9068227
 9068232
 9023343
 9032402
 9034110
 1293399
 9036526
 9037022
 9036810
 9036813
 9040315
 9037828
 9006829
 9013586
 9026045
 9032178
 9042701
 1341344
 1359473
 9056995
 9057214
 9056179
 9057358
 9061056
 9059858
 1323161
 9060496
 1359497
 9062453
 9066986
 9066998
 9067105
 9065055
 9066767
 9064580
 9064428
 9064453
 9070381
 9069528
 1341453
 1341459
 1239448
 9069049
 9070031
 9070868
 9068689
 9070765
 9069714
 9069060
 9069726
 9070138
 9055727
 9058980
 9068144
 9069802
 1341463
 9067728
 9068958
 9068316
 9070521
 9067611
 9032830
 9036209
 9034198
 9041151
 9060896
 9060016
 9063138
 9060180
 9065464
 9063941
 9063945
 9066862
 9066044
 9063909
 9066279
 9066378
 9067011
 9067129
 1188055
 9066708
 9065326
 9063689
 9065975
 9066269
 9064359
 9067128
 9070396
 9069099
 9069699
 9068676
 9070477
 9067340
 9067852
 9069179
 9069407
 9070953
 9070967
 9069259
 9069894
 9070300
 9067598
 9069759
 9069768
 9069783
 9067621
 9069854
 9070010
 9068579
 9068710
 9069861
 9067636
 9030430
 9039913
 9044697
 9045979
 9050782
 9052710
 9053709
 9052650
 9052506
 9058033
 9062946
 9062254
 1284374
 1284385
 9062677
 9060077
 9062721
 9064366
 9065570
 9064897
 9064021
 9065830
 9064824
 9066372
 9065632
 9063594
 9064600
 9063459
 9066879
 9063824
 9063950
 9066040
 1379221
 9065807
 9069558
 9067863
 9069952
 9070001
 9070598
 9069875
 9069920
 9070388
 9067646
 9070901
 9069064
 1387792
 9070325
 9069744
 9070418
 9068612
 9067730
 9067738
 9067954
 9068221
 9066880
 9008554
 9012974
 9018163
 9021183
 1232137
 9031609
 9031083
 9036079
 9035544
 9037187
 9035803
 1381960
 9045506
 9053866
 9053992
 9054003
 9052587
 9055956
 1327065
 9062857
 9059951
 9065312
 9064503
 1381649
 9068031
 9069735
 9068200
 9070729
 9068176
 9062123
 9062656
 9065037
 9065601
 1239046
 1239047
 1240323
 9064049
 9064412
 9069831
 9070743
 9068598
 9067794
 9067308
 9070148
 9070105
 9049051
 9056182
 9062693
 9063003
 9060811
 9061020
 9060164
 9066250
 9064532
 9064894
 9067102
 9066328
 1236786
 9066065
 9066180
 9066341
 9070244
 9069117
 9070206
 9070150
 9068456
 9069152
 9070472
 9070702
 9069529
 9070367
 9070447
 9070680
 9070723
 9070728
 9070764
 9070771
 9070797
 9070301
 9070896
 9069967
 9069616
 9069088
 9068285
 9070203
 9068319
 9070536
 9070750
 9070965
 9070980
 9069863
 9068129
 9068741
 9068754
 9068764
 9070864
 9067867
 9069383
 9070852
 9069941
 9070275
 9069775
 9067817
 9068033
 9068136
 9070310
 9068172
 9048910
 9055380
 9052602
 9059079
 1322296
 9057437
 9057116
 9056596
 9060539
 9061256
 9060166
 9059668
 9062388
 9049011
 1381606
 9065596
 9067972
 9068368
 9070248
 9067489
 1312678
 9070954
 9069698
 9067349
 9070606
 1191696
 1381989
 9051408
 9053581
 1381555
 9060444
 9063721
 9069079
 9069694
 9070167
 9070109
 1323292
 9067893
 9069029
 9069524
 9070597
 9070950
 9040448
 9062989
 9060790
 9062313
 9066947
 9066895
 9064678
 9066278
 9070234
 9070734
 9068948
 1387793
 9069444
 9068954
 9070083
 9068194
 9068959
 8983102
 1198180
 8989984
 8991318
 1332203
 1198561
 8996250
 8996854
 8999953
 8999955
 8997508
 9003310
 9002171
 1236712
 9024165
 9033207
 9036416
 9038036
 9043813
 9043117
 9042154
 1323581
 9048982
 1126942
 9054732
 1128316
 0977088
 9053314
 9057734
 9059030
 9062284
 1354871
 9065588
 9065933
 9064763
 9063591
 9063632
 9067554
 9068080
 9068393
 9068409
 9046164
 9050635
 1194552
 9057840
 9060689
 9062130
 9061421
 9062084
 9067153
 9065658
 9064279
 9065358
 9064606
 9065191
 9066367
 9066599
 9067113
 9067045
 9067711
 9069097
 9070292
 9070427
 9068443
 9069355
 9069937
 9067805
 9068507
 9070357
 9070341
 1341473
 1341474
 9068324
 9067668
 9068505
 9069357
 9068715
 9070974
 9068719
 9069408
 9069787
 9070271
 9070842
 1387773
 1387780
 1387784
 9067776
 9067259
 9067653
 9068672
 9069823
 9070226
 9070791
 9069988
 9068271
 9070076
 9068481
 9070931
 9067468
 9067500
 9068112
 9070513
 9069056
 9069348
 9070215
 1243226
 9070227
 9067697
 9068131
 9069930
 9070454
 9068746
 9070123
 1365642
 9035887
 9040556
 9057024
 9057029
 9056735
 9064381
 9065304
 9064039
 9065849
 9066983
 9065430
 9065682
 9070343
 9070351
 9067476
 9068428
 9068923
 9067835
 9070978
 9067856
 9070265
 9067757
 9069137
 9068465
 9068166
 9070155
 9069081
 9059498
 9061488
 9059596
 9061748
 9065852
 9067194
 9064085
 9066100
 9069774
 9070191
 9070853
 9070368
 9070157
 1387788
 9070165
 9070172
 9068048
 9068111
 9068120
 9069429
 9068830
 1305107
 1305109
 1305110
 9018212
 1324321
 1366118
 9034210
 9037743
 9046103
 9057944
 1324374
 9039138
 9070725
 9025251
 9022553
 9027343
 9032633
 9033805
 1126825
 9054527
 9062157
 9060565
 9060293
 9061291
 9064984
 9065346
 9063920
 9067012
 1240948
 9066584
 1390928
 9035876
 9035591
 1390770
 1390775
 1390782
 9052551
 9054069
 1390832
 9052755
 1254908
 9057043
 9062454
 9062743
 1390947
 9060399
 9066136
 9063420
 9067024
 1390970
 9067870
 9070607
 9067544
 9067361
 9069909
 9070277
 9070676
 9070800
 9069623
 9070327
 9068793
 9068937
 9067258
 9067352
 9067420
 9070169
 9016010
 9015410
 9021158
 1382383
 9022532
 9022546
 9021881
 9029799
 9028403
 9029394
 9028245
 9025981
 9031512
 9029985
 9032479
 9030408
 9033976
 9034061
 9036384
 9035016
 9036518
 9037373
 9035001
 9034241
 9037544
 1010893
 1010895
 9039456
 9037645
 9043657
 9042725
 9043178
 9046512
 9048559
 9046587
 9044980
 9045201
 9047506
 9049338
 9050797
 9049126
 9050824
 9052198
 9052201
 9049815
 1194600
 1366080
 9049507
 9049855
 1177908
 9051226
 9051818
 9050405
 9055872
 9055119
 9053218
 9054247
 9055091
 9058822
 1323061
 9059298
 9059442
 9059405
 9057240
 9057254
 9057267
 9057276
 9057288
 9057331
 9057224
 9057235
 9058606
 9057348
 9056578
 9063361
 9060392
 9062660
 9060073
 9060580
 9061964
 9063595
 9065791
 9065585
 9065971
 9066374
 9066550
 9065775
 9064209
 9063746
 9065667
 9063465
 9065867
 9063764
 9063429
 9065559
 9065129
 9069057
 9069913
 9068982
 9067342
 9068012
 9069770
 9070794
 9068044
 9069165
 9069393
 9068235
 9033992
 9038136
 9065017
 9066312
 9026336
 9034602
 9037533
 9039787
 9038303
 1341607
 9052386
 9049902
 1297652
 9051311
 9054066
 9053415
 9054106
 9059281
 9062192
 9059929
 9062260
 9061045
 1323517
 9063612
 9064375
 9065141
 9066029
 9067179
 9064459
 9064177
 9063849
 9066120
 9063547
 9064015
 9065189
 9067729
 9070788
 9070251
 9068634
 9070272
 9070074
 9069278
 9070330
 9069187
 9070652
 9070899
 9070139
 9070270
 9068083
 9070803
 9070573
 9068925
 9070108
 9068254
 9070019
 9069646
 9068641
 9069410
 1253809
 1381381
 1381861
 9069615
 9049429
 9058992
 9070816
 9070470
 1379410
 9024909
 9025846
 9058138
 9062156
 9062588
 9062252
 9065351
 1371459
 9063835
 9069629
 9070888
 9067779
 9070255
 9067397
 1126894
 9059256
 9057778
 9062870
 9061147
 9061859
 9062987
 9060947
 9067052
 9065384
 9063864
 9065474
 9065869
 9067781
 9068233
 9068404
 9067438
 9068363
 9067393
 9067616
 9067813
 9068041
 9069065
 9069131
 9069611
 9069936
 9070328
 9068416
 9068706
 9070459
 9067829
 9068927
 9068942
 9068685
 9067541
 9032990
 9062244
 9060210
 9062902
 9066616
 9065656
 9065976
 9064310
 9066419
 9067422
 9069300
 9068981
 9069821
 9068067
 9070240
 9023892
 9061138
 9059779
 9065186
 9038893
 9040683
 9050516
 9051499
 1249054
 9058426
 9061504
 9060324
 1284359
 9062887
 9062117
 9064165
 9063625
 9066661
 9066673
 9066680
 9066907
 9065467
 9063883
 9065080
 9065899
 9064527
 9063841
 9066557
 9064539
 9066765
 9063687
 9063690
 9063778
 9064034
 9067483
 9069866
 9070276
 9067355
 9067671
 9068994
 9067948
 9068752
 9068813
 9070841
 9069050
 9068908
 9069806
 9068036
 9070250
 9069282
 9070571
 9068075
 1161710
 9032192
 1198879
 9056236
 9056812
 9058039
 9063173
 9065838
 9065651
 9063409
 9064166
 9064876
 9065365
 9063610
 9067630
 9070884
 9044627
 9048614
 9048902
 9052592
 9060162
 9060150
 9069707
 9067431
 9067447
 1253802
 9043046
 1382663
 1382664
 1291943
 1291917
 9055662
 9054551
 1239033
 9056847
 9057886
 9060728
 9062957
 9060948
 9061273
 9060589
 9061271
 9067069
 9064421
 9066773
 9067118
 9065452
 9063647
 9064940
 9065369
 9065224
 9065537
 9066355
 9066518
 9067173
 9066473
 9067076
 9064240
 9064211
 9066348
 9063538
 1323274
 9065567
 9067212
 9064747
 9066239
 9065612
 9065855
 9064962
 9067363
 9067279
 9068457
 9070047
 9069842
 9068117
 9068933
 9070243
 9069184
 9070205
 9070706
 9069070
 9070281
 9068773
 1341456
 1341464
 9068177
 9068677
 9069487
 9067350
 9067502
 9067628
 9070259
 9070747
 9070838
 9070976
 9070994
 9070996
 9071014
 9068441
 9069833
 9070401
 9070611
 1387767
 9069588
 9069682
 9068138
 9068742
 9069147
 9068763
 9070936
 9071008
 9068907
 9070100
 9067314
 9067639
 9068124
 9067827
 9067932
 9067498
 9068114
 9070566
 1249043
 9046774
 9052640
 9063907
 9066512
 9064722
 9064971
 9066470
 9063688
 9066134
 9067608
 9068488
 9068242
 9067372
 9070079
 9070000
 9067351
 9067625
 9067845
 9070625
 9067395
 8983950
 9047168
 9051039
 9055507
 1359455
 9052810
 9066635
 9064646
 9067777
 9067602
 9070474
 9031587
 9061456
 9060562
 9060561
 1393447
 1387751
 9066458
 9067184
 9064234
 9067075
 9064074
 9065406
 9067037





