16-07-16
 1381561
 1327086
 9074368
 9084714
 9085007
 9086135
 9087188
 9087289
 9087455
 9089563
 9089991
 9090535
 9091202
 9092191
 9049083
 9056792
 9060718
 9080900
 9087527
 9086477
 1324459
 9091335
 9091061
 9089726
 9090618
 9060204
 9060209
 9068119
 9071695
 9071708
 9078995
 9078017
 9078426
 9084111
 1332971
 9081771
 9082041
 9084115
 1236868
 9088487
 9086963
 9087035
 9088490
 9087022
 9085363
 9088497
 9085817
 9086061
 9086542
 9086753
 9088289
 9086403
 9086386
 9086202
 9087833
 9086509
 9091246
 9092104
 9091964
 1323108
 1323711
 9090429
 9089355
 9089828
 9091894
 9092304
 9092305
 0994513
 9088887
 9091444
 9090280
 9091931
 9091526
 9089816
 9089519
 9090410
 9089103
 9090896
 9089246
 1390883
 9084054
 9090496
 9090261
 1323428
 9071155
 9077418
 9079797
 9073905
 9076706
 9084427
 9080984
 9083839
 9080840
 9086262
 9092289
 9091303
 9090406
 9090778
 9091339
 9091986
 1324425
 9089007
 9089536
 1010900
 9085954
 9085254
 9089142
 9053755
 9080007
 9079369
 9078498
 9083621
 9083987
 9084380
 9084438
 9082031
 9082797
 9081252
 9081765
 9083705
 9085999
 9087513
 9088438
 1366436
 9032721
 9030866
 9031485
 9034023
 9033798
 9036213
 9037266
 9033854
 9033858
 9033843
 9041364
 9047194
 9048400
 9045403
 9047121
 9050382
 1390784
 9052657
 9053458
 9054774
 9058120
 1390799
 1390774
 9065329
 9068070
 9067847
 9072609
 9075466
 9075742
 1339879
 1331403
 9089950
 1391000
 9091777
 9089495
 9089374
 9090016
 9090337
 9091927
 9048195
 9048499
 9047184
 9052277
 9058096
 9067099
 9065465
 9069334
 9068346
 9073372
 9073798
 9071716
 9072446
 9072546
 9075734
 9077066
 9078833
 9078066
 1304513
 9081046
 1341647
 9082588
 9082004
 9085264
 9052536
 9068444
 9079967
 9083973
 9083736
 9088321
 9086391
 9088028
 9089707
 9091765
 9092184
 9090981
 9091280
 9091628
 9092061
 9091402
 9091433
 9091781
 9092211
 9091919
 9091965
 9092220
 9091636
 1328294
 9089825
 9089267
 9090557
 9069754
 9072442
 9079318
 9077602
 9081986
 1324463
 9053291
 1328352
 9060649
 9079569
 9077022
 9082104
 9083046
 9084411
 9081418
 9086514
 9089235
 9069892
 1323179
 9082890
 9087130
 9085101
 9088594
 9087404
 9054663
 9058488
 9061815
 9060805
 9061416
 9067161
 9063822
 9064815
 9064316
 9067459
 1366862
 9072447
 9081735
 1390989
 1387898
 1387958
 9088109
 9085436
 9091288
 9089250
 9091733
 9089507
 9091345
 9090753
 9080308
 9079199
 9081856
 9087237
 9091899
 9092333
 9091715
 9046983
 9056000
 9056325
 9059610
 9063500
 9063577
 9066225
 9077605
 9076843
 9078180
 9077912
 9077077
 1291411
 9081838
 9085907
 9086994
 1196856
 9088800
 9088694
 9092228
 9091888
 9088671
 9071479
 9073739
 9072955
 9075239
 9075245
 9076863
 9076971
 9080507
 9077200
 9080922
 9054453
 9054469
 9064401
 9063815
 9075325
 9078215
 9082714
 9081639
 9087499
 9085684
 9085370
 9075402
 9075693
 1390977
 9054647
 9070371
 9079929
 9083780
 9086366
 9086412
 9088483
 1189032
 9087598
 9087875
 9088105
 9059672
 9072055
 9076963
 9083758
 9088609
 9086702
 9085438
 9087324
 9089258
 9090339
 9092148
 9089432
 9091688
 9083922
 1387888
 9086589
 9088630
 9088642
 9088644
 9090578
 9089882
 9091841
 9089987
 9089994
 9091099
 9090694
 9056105
 9066464
 9079935
 9082247
 1387897
 9090995
 9089083
 9089720
 9090170
 9090366
 9091236
 9092262
 9057508
 1284368
 9062518
 9077277
 9080440
 9078474
 9080605
 9079429
 9077578
 9084492
 9081213
 9082275
 9083214
 9083064
 9087234
 9086531
 9088026
 9088517
 9088546
 9088264
 1387955
 9085877
 9087953
 9086885
 9088015
 9085802
 9087605
 9086520
 9087064
 9092141
 9090249
 9089024
 9090411
 9089877
 9090437
 9090678
 9092142
 9090657
 9035629
 9060550
 1387775
 9068632
 1387700
 9071960
 9086185
 9086076
 9090784
 9091767
 9090727
 9090826
 9089503
 1205860
 1387588
 9054128
 9058533
 9058101
 1390689
 9068664
 1387825
 1387850
 9078069
 1312632
 9084147
 9081413
 9083891
 9081787
 9087593
 1387884
 9087743
 9087379
 9087747
 9085139
 9087225
 9086782
 9086837
 1387967
 9091088
 1371482
 1186820
 1327225
 1327145
 9065084
 1381094
 1358670
 9082521
 9087937
 9089498
 9089675
 9091093
 1381538
 9070067
 9076065
 9077177
 9077196
 9080784
 9081369
 9084752
 9085604
 9087302
 9087285
 9086667
 9088191
 9085693
 9085748
 9086136
 9086516
 9087088
 9089617
 9090962
 9089032
 9090283
 9090013
 9089597
 9090163
 9090569
 9090607
 9017149
 9020401
 9020436
 9021269
 9022911
 9023298
 9023867
 9024534
 9024478
 9029222
 9033666
 9071218
 9075595
 9082686
 9083477
 9083335
 9086165
 9082484
 9088522
 9091621
 9090587
 9047940
 9060344
 1236783
 9064784
 9068756
 1293147
 1293212
 9081182
 9082950
 9084236
 9082935
 9083698
 9081004
 9086004
 9088337
 9088061
 9085742
 9085395
 9087201
 9085893
 9088929
 1223731
 9090713
 9088811
 9091439
 9091907
 9091924
 9091574
 9073427
 9073432
 9077765
 9081014
 9087314
 1387954
 9085746
 9085087
 9085083
 1390878
 1239496
 1366939
 1366095
 9080354
 9081930
 9082303
 9082684
 9082400
 9084109
 9087810
 9086222
 9086015
 9087876
 9086974
 9087813
 9087762
 9087774
 9088022
 9085270
 9085523
 9087079
 9087224
 9087230
 9085303
 9085655
 9085743
 9089324
 9091022
 9090242
 9092118
 9090055
 9091006
 9091045
 9090129
 9090259
 9090472
 1381719
 9064576
 9065123
 9074238
 9076155
 9075789
 9083824
 9087138
 9087352
 9087274
 9086248
 9086177
 9086184
 1196854
 9085317
 9086493
 1223730
 1323724
 9089367
 9092144
 9091524
 9091418
 9085233
 1387895
 9088406
 9086672
 9070239
 9078801
 9081960
 9089319
 9090478
 9092162
 9091750
 9089261
 9090476
 9089272
 9089448
 9091507
 9091426
 1324433
 9089310
 9091407
 9070114
 9069040
 9073069
 9074741
 9074744
 9071348
 9075530
 9080534
 9078178
 9078174
 9077360
 9083380
 9084655
 9082007
 9083429
 9082613
 9084494
 9082459
 9082035
 9087281
 9087779
 9088170
 9086159
 9091906
 9089659
 9088783
 9089102
 9090078
 9091606
 9091991
 9092236
 9091857
 9091878
 9092226
 1323734
 9090640
 9090402
 9090721
 9090920
 9090408
 9092210
 9089086
 9090738
 9089483
 9091048
 9091366
 9090524
 9090359
 9089587
 9089493
 9078691
 9077227
 9081546
 1198969
 9084351
 9086901
 9084229
 9081120
 9087825
 9086902
 9085958
 9087229
 9089653
 9090303
 9090178
 9089633
 9090068
 1381724
 9088374
 1320017
 9073401
 9075283
 9077776
 9090695
 9090927
 9090126
 9091997
 9089237
 9089490
 9089863
 9082149
 9008076
 1236735
 1175498
 1198792
 1323645
 1236808
 9043140
 9051390
 9052484
 1240599
 9056414
 9062552
 1381398
 9062401
 9066924
 9083182
 9060560
 9070467
 9078608
 9084811
 9081268
 9088620
 9085145
 9088476
 9087293
 9087475
 9088351
 9085963
 1239453
 9087360
 9086679
 9085680
 9087698
 9087979
 9087477
 9086698
 9087107
 9092044
 9090077
 9091000
 9092286
 9090988
 9089268
 9090922
 9090966
 9091037
 9091106
 9091953
 9092010
 9092197
 9092230
 1323707
 1323715
 1323730
 9088795
 9090082
 9091384
 9088940
 9091776
 9089644
 9091884
 9092308
 9090160
 9091493
 9091714
 9092180
 9092277
 9089561
 9091651
 9088715
 9090898
 9090014
 9091751
 9091974
 9092012
 9092204
 9088708
 9091289
 9089193
 9091381
 0977126
 9092028
 9091135
 1198992
 9089809
 9090171
 9088700
 9088939
 9089216
 9091188
 9089045
 9089072
 1324593
 1324595
 9090179
 9090840
 9091229
 9091416
 9090142
 9091566
 1328290
 9088745
 9089557
 9090709
 9092019
 9074959
 9074951
 9080447
 9076734
 9077739
 9080488
 9080822
 9086820
 9085229
 9087127
 9091830
 9092223
 9089121
 9089640
 9092133
 9089164
 9090187
 9089636
 9091498
 9090954
 9088699
 9088984
 9089451
 9090575
 9082791
 9091325
 9092183
 9090786
 9090199
 9090637
 9090648
 9090659
 9092284
 9090428
 9089679
 1269545
 9022032
 9046969
 9058476
 9057389
 9056969
 9059399
 1324371
 1324380
 1324381
 9059597
 9060736
 9060792
 9067055
 9064464
 9065649
 9066746
 1291958
 9069924
 9071007
 9068704
 9071179
 9072370
 1160758
 9075093
 9080364
 1387836
 9079316
 9083797
 9080772
 9080775
 9080777
 9080780
 9085652
 9085952
 9085278
 1304529
 1381875
 9087039
 9086540
 9088147
 9086804
 9090218
 9041345
 9045288
 9046024
 9046344
 9051090
 9049052
 9057356
 1236791
 9082070
 9087805
 9043038
 9056376
 9060484
 9080191
 9080286
 9080551
 9078210
 9077933
 9080336
 9081169
 9082879
 9084053
 9082929
 9081865
 9085941
 9084949
 9086492
 9088060
 9087508
 9087663
 1323659
 1323664
 9088410
 1387893
 9086429
 9087625
 9087504
 9087072
 1146267
 9090092
 9091176
 9089936
 1323720
 9089280
 9091035
 9089677
 9090267
 9091942
 9090538
 9091400
 9050796
 9062405
 9078930
 9082235
 9083892
 9083934
 9085722
 9085085
 9087129
 9085054
 1390876
 9086612
 9087910
 9088754
 9089942
 1332921
 9090944
 9089839
 9089484
 9090072
 9091219
 9091591
 9089065
 9091225
 9091685
 9089602
 9090971
 9091539
 9090074
 9088960
 1381531
 1381532
 9089135
 9088065
 9090044
 9092173
 1249466
 1249469
 1332964
 9081322
 9083775
 9083372
 1198986
 9085300
 9089200
 9090355
 9091571
 9092227
 9092307
 0994512
 9090460
 9089147
 9091253
 9090536
 9079821
 9077348
 9082358
 9081477
 1297547
 9082207
 9086990
 9088197
 9088292
 9087521
 9087534
 9085504
 9085990
 1304543
 9087574
 9085968
 9086646
 9090034
 9090788
 9090833
 9091021
 9090998
 9088759
 9091703
 1387959
 9090923
 9090932
 9090957
 9089650
 9090383
 9088933
 9090200
 1249474
 9091955
 9036298
 9045952
 9064568
 9082862
 9082896
 9081660
 9085200
 1332270
 9086158
 9087847
 9088122
 9088403
 9087501
 9088117
 9092334
 9089788
 9092281
 9090864
 9089337
 9089515
 9090262
 9092060
 9092237
 1387973
 9089333
 9088956
 9090863
 1304552
 9089796
 9091952
 9090327
 9081598
 9081478
 9087767
 9086644
 9085336
 9087046
 9058549
 9076960
 9080898
 9086996
 9087392
 1146271
 1196819
 9089113
 9088779
 9090686
 9091938
 9091420
 9091244
 9073176
 9079902
 9084923
 9081061
 9083651
 9087877
 9085984
 9091585
 9089297
 9091488
 9090314
 1366945
 1198991
 9089859
 9051429
 9052595
 9076879
 1126981
 1341521
 9084113
 1240799
 9088220
 9069702
 9053269
 9059555
 1387746
 9063167
 9064598
 9069076
 9074327
 9084457
 9085093
 9086406
 9087436
 9087815
 9088506
 9085979
 9087528
 9087110
 9090368
 9088999
 9091484
 9090281
 9090641
 9091514
 9091596
 9089130
 9089924
 9091588
 9091210
 9090747
 9092039
 0994522
 9088905
 9089642
 9089475
 9091652
 1198993
 9089004
 9089785
 9092023
 9091251
 9089556
 1381524
 9090594
 1312668
 9077214
 9077504
 9081314
 9083717
 9087789
 9087871
 9086953
 9085051
 9089822
 9092229
 9090620
 9081804
 1366873
 9089666
 9091454
 1381714
 9084113





