16-07-27
 9115434
 9119269
 9118801
 1378197
 1378198
 9122024
 9125228
 9125456
 9124504
 9125050
 9125138
 9126348
 9127131
 1378501
 1378504
 1378509
 1378512
 9124499
 9126887
 9107856
 9107866
 9117202
 9119579
 9119524
 9122679
 9123249
 9123260
 9127217
 9126054
 9124920
 9060007
 9060199
 9072173
 9073638
 9088282
 9093329
 9093336
 1239915
 9104363
 9112615
 1324699
 1239864
 9118328
 9118476
 1328434
 9121731
 9121286
 9122252
 9122376
 9123832
 9123835
 9122921
 1160879
 9121336
 9125920
 9127175
 9125779
 9126696
 9127226
 9125864
 9125592
 9125752
 9124368
 9124420
 9124460
 9127094
 9127158
 1252075
 9125911
 9125614
 1366795
 1389460
 1377261
 1377276
 9124404
 1359225
 9125447
 9124366
 9125102
 9126089
 9124945
 9126504
 9125565
 9126395
 9122242
 9083482
 9096005
 9105644
 1011956
 9103606
 9103266
 9108445
 9108226
 9110316
 9111247
 9112829
 9116650
 9116680
 1382814
 1332788
 9118959
 9124103
 9123780
 1160865
 1332432
 9124546
 9125294
 9125778
 9126973
 9126974
 1359234
 9124465
 9125741
 1381522
 1378181
 9119724
 1359218
 9125287
 1332424
 9124328
 9124457
 9124733
 9124470
 9124352
 1359231
 9125302
 9126298
 9126311
 9124266
 1372494
 1372493
 1372500
 1372184
 1286544
 1366932
 9091468
 9089592
 9093345
 9092792
 1372250
 9120080
 9119091
 9118036
 9118458
 9118874
 9103954
 9107434
 9108141
 9110960
 9110842
 9115378
 9117587
 9115088
 9116489
 9116811
 9116676
 9117917
 9123873
 9124089
 1379291
 9121285
 9121967
 9122379
 9122265
 9127285
 9125579
 1332441
 1351082
 9127159
 9127166
 9127190
 9124300
 9125708
 9125925
 9126752
 9124830
 9126763
 9126957
 9127122
 9127229
 9124723
 9124738
 9125782
 9124285
 9124587
 9124706
 9125209
 9124354
 1389414
 1389461
 9126544
 9125696
 9125140
 9126120
 9125578
 9124348
 1381521
 9125858
 9111152
 9115577
 9124192
 9125506
 9120800
 9119225
 9123059
 9125603
 9016199
 9022311
 9029254
 9079461
 9081989
 9095924
 9099588
 9099329
 9103002
 9103709
 9105571
 9103857
 9106644
 9107996
 9108898
 9109377
 9110467
 9113801
 9113657
 9114306
 9111151
 1378157
 1291592
 9117122
 9117186
 9117296
 9116526
 9116895
 9115802
 9119166
 1378174
 9117853
 9120626
 9119076
 9119138
 1362443
 9123117
 9123690
 9123394
 9123404
 9121262
 9122768
 9123337
 9123468
 9124109
 9122630
 9123119
 1160877
 9121303
 9122395
 1326152
 9124705
 9126514
 9126893
 9127000
 9127022
 9125165
 9126431
 9126858
 9124878
 9125315
 9125175
 9125574
 9124448
 9124883
 9124780
 9125369
 9117169
 9120807
 9105126
 9126237
 9090319
 9098168
 9104974
 9107032
 9114111
 9114118
 1305267
 9122824
 9122085
 9122261
 9124280
 9125023
 9124652
 9125939
 1377288
 9126817
 9124763
 9125967
 9124440
 9124935
 1328443
 9109213
 9114202
 9114387
 9112563
 9111354
 9111416
 9113109
 9115067
 9116521
 9115307
 9118046
 9119183
 1311554
 1239997
 9118171
 9119880
 9118834
 9119351
 9117943
 9124236
 9122710
 9121082
 9118570
 9121966
 9121278
 9111187
 9113250
 9115365
 1252114
 9108462
 9111436
 9113622
 9117252
 9115202
 9118647
 9118078
 9122925
 9123654
 9123562
 9121147
 1366781
 1010304
 9121412
 9125073
 9124710
 9126329
 9126366
 9126925
 9125360
 1359224
 9124673
 9125757
 9089323
 9106762
 9116898
 1378183
 9120987
 9127185
 9125067
 9126343
 9105037
 9113875
 9114024
 9116153
 9119700
 9118704
 9122019
 9122706
 9123594
 9121810
 9121915
 9124335
 9124941
 9125415
 9125586
 9126510
 9125876
 9124960
 9127040
 1378505
 9124391
 9126890
 9124815
 1353974
 1010128
 9125139
 9125372
 9126296
 9125380
 9120145
 1378169
 9121720
 9123543
 9123418
 9127006
 9126906
 9098958
 9110639
 9113293
 9112774
 9112819
 9114807
 9116577
 9114657
 9115035
 9120664
 9119517
 9120194
 9124119
 9121314
 9121978
 1366783
 9123244
 9121001
 1243274
 9121443
 9122335
 9125169
 9126695
 9125510
 9126490
 9126994
 9126931
 9126799
 9125516
 9126812
 9124634
 9125645
 9124561
 9124419
 1324408
 9092517
 1381312
 9099719
 9108043
 9112757
 9111511
 9111771
 9115744
 9117024
 1011913
 1390312
 9120973
 9120375
 9120578
 9120649
 9119343
 9120298
 1362252
 9124115
 9122430
 9123646
 9122716
 9122871
 9123239
 1011980
 1394015
 9127097
 9125641
 9124380
 9126550
 9125648
 9125448
 9126209
 9126876
 9125401
 9125058
 0647134
 9124987
 9126315
 9096155
 9101121
 9122313
 9124822
 9126067
 9126582
 1320035
 9125698
 1315139
 9125235
 9075324
 9081558
 9082347
 9085774
 9086042
 9098053
 9098105
 9096042
 9104785
 9105896
 1160418
 1371499
 9108163
 9109300
 9110634
 9112504
 9113255
 1160497
 9112647
 1305266
 9117324
 9117138
 9115510
 9116089
 9116095
 9116665
 9118502
 9123429
 1378186
 9122339
 9121421
 9122351
 9122494
 9121591
 9122591
 9123288
 9121742
 9122499
 9126847
 9124859
 9125499
 9124892
 9125473
 9126196
 9126781
 9100012
 9112462
 9114454
 9113281
 9116578
 9115321
 9115149
 9115284
 1362962
 1351038
 9123759
 1378192
 1379278
 9121458
 1253879
 1253880
 1351094
 9126540
 9126703
 9125970
 9125018
 9126675
 9126023
 9126873
 9126901
 9124888
 9124515
 9125992
 9125416
 9125224
 9126682
 9126770
 9126941
 9126099
 9127060
 1328225
 9109784
 9110976
 9113602
 9111393
 9116083
 9117111
 9117581
 9117401
 9115897
 9115495
 9117096
 9117902
 9119716
 9118093
 9120431
 9120787
 9120789
 9119776
 9119536
 9117890
 9119240
 9119307
 9120070
 9119642
 9122422
 9122436
 9122112
 9123635
 9121631
 9121634
 9121042
 9121523
 9121571
 9121925
 9122295
 9124049
 9123431
 9124039
 9121145
 9122064
 9121326
 9123500
 9124992
 9124299
 9126485
 9124998
 9126992
 9126915
 9124867
 9124959
 9125955
 9127010
 9127014
 9127134
 9127222
 1359223
 9125398
 9125587
 9124270
 9125299
 9125853
 9030074
 9058162
 9060679
 9061370
 9059773
 9066560
 9067058
 9065813
 9068899
 9070923
 9072479
 9071070
 0994505
 9073128
 9076792
 9078908
 1332912
 9083972
 9108409
 9124027
 1160329
 9125570
 1252066
 9125392
 9084029
 9094343
 9100188
 9100940
 9101528
 9099131
 9105133
 9103081
 9103635
 1378045
 9106495
 9114846
 9068369
 9074071
 9075604
 1327090
 9091892
 9098157
 9101024
 9103255
 9112959
 9110221
 9111240
 9125933
 9126440
 9127073
 9127142
 9127143
 9063886
 9070003
 9103541
 9111235
 9121821
 9101254
 9104191
 9104240
 9109443
 9109735
 9110539
 9114221
 9113079
 9116926
 9115786
 9114643
 1296710
 9118388
 9119921
 9118359
 9118212
 9120027
 9123864
 1311569
 9124034
 9124003
 9123752
 9123688
 9122862
 9122050
 9122432
 9121784
 9122232
 9125035
 9125244
 9126758
 9125520
 9125123
 9126723
 1240622
 9124421
 9126997
 9124600
 9125201
 9125598
 0647138
 1381519
 9124949
 9126293
 1202559
 9121430
 9125030
 1191898
 9124511
 9126975
 1240623
 9125809
 9102280
 9109058
 9110165
 1341059
 9120433
 9118993
 9118683
 9119503
 9120092
 9120827
 9121662
 9123514
 9121216
 9123830
 9121354
 1325012
 9123174
 9121293
 1243257
 9121569
 9122720
 9121711
 1351077
 9125948
 9126522
 9125033
 9125052
 9126991
 9124417
 9125463
 9126697
 9127053
 9126396
 9126857
 9124447
 9124449
 9125266
 9125982
 9108713
 9108754
 9110845
 9113417
 9119939
 9119965
 9119108
 9118723
 9123696
 9122927
 9121272
 9124017
 9121053
 9123158
 9124143
 9121745
 9121288
 9121402
 9121408
 9122347
 9126940
 9125880
 9125530
 9126844
 1377264
 1377282
 1377295
 9126911
 1114057
 9072734
 9079099
 9082121
 9084412
 9086643
 9087925
 9099249
 9103437
 9108476
 9110133
 9110535
 9111765
 9111469
 9113996
 9111547
 9113904
 1372206
 1196966
 9112749
 9116603
 9115557
 1339995
 9115922
 9119534
 9120065
 1378190
 9124037
 9121248
 9122208
 1243717
 9122529
 1253876
 1372498
 9105278
 9109948
 9110815
 9112867
 9116453
 9114738
 9115291
 9119426
 9118457
 9120245
 9120777
 9118712
 9119232
 9119465
 9121376
 9123355
 9124201
 9121858
 9121588
 1383003
 1366790
 9124080
 9121548
 9121970
 9121449
 9124254
 9126618
 9125173
 9127028
 9127172
 9126325
 9125662
 9126597
 9126995
 9127051
 9127167
 9126738
 9125038
 9125610
 9126909
 9126912
 9126075
 9126959
 9127079
 9126731
 9126346
 9126537
 9125317
 9126175
 9127155
 1315136
 9125818
 9127063
 9126083
 9126094
 9124754
 1372474
 9106955
 9107844
 9109907
 9113796
 9111582
 9111699
 9112706
 1305271
 9115275
 9116189
 9114788
 1390309
 9119546
 9120849
 9118954
 9119111
 9118901
 9126307
 1389415
 9125524
 1379275
 1332433
 9126870
 9125104
 9125768
 9125584
 9124753
 9126773
 9125129
 1359230
 9124580
 9124423
 9125446
 9092522
 9113519
 9115238
 1339996
 9125076
 9126981
 9124737
 9124796
 9126447
 1372195
 9125544
 1366718
 9120040
 9124601
 9124429
 9126604
 9125588
 9125734
 9125866
 9126104
 9046859
 9047871
 9061376
 9065639
 9064410
 9064467
 9065061
 1240619
 9071102
 9082821
 9087895
 9096895
 9103661
 9104604
 9105709
 9106397
 9112279
 9116989
 9115096
 9119334
 9120328
 9114049
 9116093
 9116507
 9116978
 9115575
 9116196
 9117631
 9115530
 9118491
 9117999
 9118138
 9123709
 9123927
 9123362
 9123886
 9121930
 9122323
 1160867
 1243721
 9121776
 9122282
 9123020
 9124308
 9125786
 9126050
 9126538
 9126654
 9125425
 9127293
 9125275
 9126803
 9126625
 1311575
 9125389
 9124395
 9125743
 9124294
 9125350
 9126681
 9125883
 9125288
 9125295
 1240340
 1360404
 9126020
 9126295
 9125197
 9126170
 9125046
 1377296
 9124262
 1359232
 1315127
 9126809
 9124550
 9124619
 9125914
 9118133
 9096679
 0647226
 9112470
 1305260
 9119300
 9118231
 9120090
 9123347
 9125625
 9126612
 9127210
 9125170
 9126823
 9124413
 9124873
 9125764
 9125949
 9125573
 9127096
 9124983
 9107966
 9113631
 1189569
 9125065
 1341545
 9122717
 9123485
 9127061
 1351092
 9126242
 9127067
 9127181
 1378053
 9126013
 9124917
 9125411
 9117288
 9101526
 1372476
 9061143
 9064772
 9071647
 9080143
 9084441
 1381702
 9090958
 9095668
 9095771
 9096571
 1381508
 9103811
 9108167
 9109671
 9109957
 9110897
 9114730
 9114914
 9121342
 9124128
 9122661
 9123187
 9123877
 9102775
 1394014
 9112841
 9117085
 9116331
 9116744
 9118686
 1390568
 9123357
 9123199
 9124059
 9124127
 9123151
 9122884
 9121799
 1243251
 1243279
 9124016
 9126429
 9126859
 9126318
 9126403
 9127202
 9125212
 9125713
 0647132
 1372499
 9124575
 9047848
 9065291
 9075495
 9076343
 9078072
 9082384
 9081235
 9083112
 9087123
 1240548
 9086288
 9091319
 1366938
 9090418
 9090028
 1332950
 9093113
 9092640
 9094889
 9098584
 9098589
 9098234
 9097097
 9097068
 1339912
 9096857
 9101588
 9100479
 1252630
 9102242
 9100015
 9100824
 9103884
 9103109
 9106197
 9103648
 9105210
 9102753
 9106136
 9105989
 9103368
 1196926
 9103194
 9106630
 9107914
 9107959
 9106446
 9109272
 9106961
 9107502
 9109449
 9106701
 9107068
 9109949
 9106716
 9106766
 9107249
 9106314
 9106958
 9107236
 9108492
 9106368
 0978976
 9110107
 9110515
 1249088
 9111726
 9114453
 1240458
 9112680
 9113649
 9111397
 1324700
 9111418
 9113429
 9116356
 9117345
 9116548
 9116621
 9116716
 9116046
 9117735
 1366657
 9116552
 9117305
 1382817
 9115834
 9114944
 1011914
 1196970
 9116108
 9120210
 9118665
 9119196
 1341450
 9120625
 9120252
 9119652
 9119118
 9120271
 9118159
 9118187
 9120554
 9120442
 9119845
 9119878
 9117777
 9117778
 9120104
 9121896
 9120989
 9121117
 9122973
 9123994
 9123905
 9121192
 9121078
 9121599
 9123402
 1324604
 9122915
 9121823
 9126247
 9124895
 9125097
 9125529
 9127102
 9125310
 9124897
 9055728
 1382768
 1382702
 1382703
 1382704
 1382705
 1382706
 1382707
 9104753
 9105759
 9098206
 9101871
 9115156
 1253868
 1160618
 9121015
 9121108
 1160873
 9122946
 9125204
 9125348
 9126332
 9126046
 9126360
 9125021
 9126386
 9124374
 9124399
 9125597
 9125631
 9126080
 9124901
 9111445
 1372180
 1372219
 1372181
 1372220
 1372182
 1372221
 1372183
 9124735
 9125101
 9041558
 9097233
 9101749
 9104921
 9113166
 9113723
 9118044
 9120521
 9119615
 9120577
 9120103
 9118182
 9118967
 9119954
 9124147
 9122524
 9123509
 9121850
 9121846
 9121033
 9121935
 9121718
 1351091
 9127208
 9126720
 1296740
 9124356
 9124307
 9126570
 9126339
 9126896
 1377258
 1315131
 9125008
 9125040
 9126470
 9126535
 9126559
 9125085
 9124795
 9125794
 9126334
 9049624
 9084699
 9081832
 9085641
 9091887
 9109775
 9114437
 9111768
 9113674
 9114073
 9117614
 9119576
 1176207
 9118154
 9122820
 9121775
 9123592
 1160864
 9122495
 9124261
 9126998
 1372197
 9125394
 9102305
 9084735
 9111169
 9115393
 9115477
 1332796
 9119314
 9123255
 1160331
 9123385
 9124336
 9124573
 9127043
 9124414
 9125502
 9126977
 9127081
 9126647
 9124784
 9126961
 9126878
 9100007
 9104783
 9108514
 9108774
 9109201
 9111428
 9114812
 9116163
 9118946
 1315120
 9117835
 9119794
 9117993
 9120195
 9123234
 1325015
 1325017
 1325022
 9125137
 9127120
 9126982
 9126718
 9126673
 1320036
 9126289
 9126532
 1315135
 9125042
 9106343
 9113695
 9113046
 9112211
 9113464
 1253861
 1339925
 9105005
 9118222
 1160881
 9122692
 9122534
 9048819
 9080910
 9093978
 9092883
 9099123
 9106370
 9110258
 9111901
 9111536
 9111843
 9116439
 9114746
 9115609
 9114785
 9117053
 9115485
 9120859
 9118926
 9119900
 9120571
 9120679
 9118661
 9119807
 9120774
 9119555
 9118033
 9118037
 9118382
 9123963
 9121295
 9122764
 9123015
 9124074
 9124104
 9122923
 9123295
 9121785
 9122564
 9121585
 9123747
 9124224
 9124225
 9121403
 9123860
 9123207
 9121683
 9123716
 9122573
 9124281
 9126371
 9124659
 9126446
 9127141
 9124532
 9125798
 9126377
 9126536
 9126608
 9126956
 9124826
 9125626
 9124592
 9124896
 9127076
 9127078
 9127164
 9127203
 1320854
 9126938
 9127025
 9124514
 9126022
 1357807
 9125255
 9124544
 9125271
 9125712
 9126111
 9126548
 0647129
 9102815
 9111621
 9112890
 9116077
 9118785
 9123175
 9126692
 9084456
 9086146
 9089577
 9104572
 9105344
 9105632
 9105137
 9109121
 9107956
 9108631
 9110528
 9112091
 9112649
 9117020
 9115978
 9116391
 9115339
 9115812
 9116601
 1390313
 9117832
 9119618
 9119564
 9118632
 9119144
 9123598
 9123191
 9126757
 9126786
 9126749





