16-07-18
 9059611
 9076404
 9075494
 9074922
 1322372
 9080515
 9088429
 9088489
 9088408
 1387885
 1387886
 9087330
 9086619
 9090675
 9090732
 9089730
 9090442
 9088727
 9091718
 9093689
 9094407
 9094254
 1387978
 9092599
 9088222
 9088390
 9085929
 9090626
 9091530
 9091053
 9090552
 1324474
 1324475
 1324476
 9092474
 1387979
 9093776
 9093662
 9049791
 9057636
 9062447
 1323798
 1239774
 9081305
 9087240
 9087024
 9089803
 1239852
 9089077
 9091351
 9091038
 9088638
 9091764
 1223733
 0978771
 9074409
 9072638
 9078781
 9085564
 9085643
 9072831
 9084146
 9088012
 9044460
 9052757
 9064675
 9065709
 9065512
 9069692
 9070807
 9080127
 9085576
 9028151
 9033844
 9033846
 9033848
 9037548
 9037550
 9037944
 9046885
 9052419
 9052420
 9052761
 9054937
 9055905
 9059572
 9059932
 9059934
 9059938
 9067429
 9067570
 9074874
 9079232
 9082165
 9083757
 9084549
 9081339
 9085519
 9084955
 9086810
 9088196
 9085355
 9086478
 9088004
 1196862
 9091369
 1387964
 9089307
 9090096
 1390999
 9058552
 9084750
 9090164
 9090948
 9088982
 1324415
 1381525
 1381528
 9093314
 9092453
 1304558
 9093000
 9092478
 1196882
 9091947
 9062537
 9069377
 9071211
 9071764
 9078077
 9080111
 9076802
 9082893
 9086298
 9088101
 9085977
 9088227
 9086394
 9083006
 9008162
 9081427
 9081613
 9082220
 9085194
 9081031
 9085244
 9079241
 1305340
 9083197
 9088551
 9088614
 9086294
 9088454
 9085870
 9086224
 9088067
 9086844
 9086661
 9092231
 9091465
 9092182
 9091916
 9092067
 9092143
 9089044
 1239483
 9088830
 9090763
 9090844
 9091354
 0994519
 9090960
 9092240
 9092094
 9090154
 9090485
 9090712
 9088820
 9093199
 9058701
 9067186
 1284466
 9079914
 9088330
 9085057
 9085789
 9087331
 9088473
 9086610
 9087555
 9092244
 9091517
 9089673
 9076836
 9081158
 9085994
 9088535
 9087819
 9086515
 9088825
 9089271
 9092084
 9089152
 9046615
 1359090
 9060662
 9060665
 9063503
 9069840
 1312722
 9074561
 9077428
 9077406
 9078455
 9081152
 9086596
 9087118
 9085189
 9085665
 9092233
 9091550
 9089741
 9090489
 9088815
 9091917
 9089838
 1371484
 1390888
 9093965
 9094300
 1390851
 9080366
 9084826
 9087687
 9085596
 9090942
 9094021
 9092618
 9044382
 9046119
 9051682
 9049814
 9049816
 9049820
 9055215
 9055025
 9053580
 9053587
 9053592
 9055579
 9057493
 9059772
 9061602
 9059871
 9059862
 9059949
 9062467
 9065681
 9064727
 9065997
 9066534
 9063717
 9064134
 9073829
 9078110
 9082015
 9081529
 9087044
 1239484
 9090624
 9091486
 9089449
 9090604
 9089000
 1324578
 9088997
 1328207
 1381526
 1381527
 1381530
 9091846
 9081431
 9085001
 9085974
 9088491
 9085210
 9091029
 1322374
 9076760
 9076754
 9077582
 9078434
 9083605
 9082963
 9082376
 1390988
 9088479
 9056689
 9066578
 9075655
 9077583
 9082982
 9092332
 1332931
 9090109
 9089373
 9089003
 9090736
 9090940
 9092207
 9092221
 9092235
 9089041
 9091067
 9089532
 9089173
 9089198
 9091347
 9091263
 9089346
 9092321
 9091843
 9092041
 9090951
 9089851
 9089911
 9090089
 9090930
 9090026
 9093226
 9092502
 9093669
 9065917
 9063417
 9063871
 9063840
 9068880
 9085754
 9087607
 9089247
 9091959
 9092544
 9093413
 9093416
 9094494
 9092928
 9093212
 9093547
 9092993
 9094176
 9093535
 9093767
 9092520
 9094265
 9064976
 9076691
 9081272
 9085779
 9091326
 9090809
 1390997
 1381723
 9093232
 9093823
 9093716
 9045598
 9062159
 9087627
 9090647
 9077306
 9086361
 9085516
 9087921
 9085307
 9090059
 9089125
 9091233
 1323731
 1239467
 9090425
 9089359
 9090692
 9092024
 9092302
 9088835
 9058199
 9069980
 9073574
 1312708
 9072697
 9078845
 9084044
 1362507
 9086026
 9086564
 9087164
 9087662
 9088118
 9088230
 9087540
 9087061
 9085082
 9087488
 9087909
 9085375
 9090871
 9089230
 9091310
 9091658
 9092034
 9092158
 9091797
 1371486
 1371487
 9090764
 9089977
 9090252
 9091132
 9091208
 9088889
 1390884
 9090731
 9093614
 9093622
 9092864
 9093521
 1387990
 9094358
 9093617
 9092701
 9092704
 1381317
 9075359
 9085662
 1332918
 9088718
 9089923
 9091945
 9093646
 9092594
 9093325
 9092560
 9093486
 9009183
 9044087
 9059940
 9066665
 9078627
 9081831
 9081113
 9086841
 1387889
 9086456
 9091395
 9090152
 9090275
 9091386
 9091615
 9089979
 9091337
 1387972
 9091506
 9090749
 9089752
 9091408
 9090381
 9091360
 9093970
 9093069
 9092691
 9092728
 1387993
 9092891
 9094002
 9092930
 9058459
 1381072
 9078904
 9083579
 9084479
 9082962
 9085721
 9086490
 1387882
 9088509
 1188794
 9085197
 9086118
 9090130
 9089517
 9090030
 9091100
 9092329
 9090020
 9090113
 9089568
 9090250
 9090216
 9090232
 9091237
 9091471
 9090149
 9089421
 9089573
 9090345
 9088952
 9089265
 9089837
 9090305
 9090671
 9090691
 9092875
 9093434
 9092815
 9092980
 9092969
 9093513
 9093738
 9094114
 9092473
 0978773
 1390854
 9092647
 9074956
 9078700
 9087765
 9086471
 9088565
 9092353
 9088943
 9090794
 9090909
 9088813
 9090169
 9092255
 9091027
 9091001
 9092159
 9094239
 9092890
 9094134
 9094502
 9093723
 9093645
 9019474
 1126839
 1328201
 9060685
 9063418
 9065780
 9066218
 9075855
 9088378
 9087100
 9091387
 9090360
 9091147
 9092354
 9089447
 9092535
 9094090
 9092976
 9092887
 9057590
 1239049
 9083252
 1239847
 9081148
 9081159
 1381539
 9055993
 9065153
 9066375
 9079335
 9087461
 9092369
 9088698
 9092312
 9088922
 9089926
 9091467
 9069876
 9066794
 9065150
 9068568
 9077500
 9081582
 9083386
 9084490
 9081581
 9083047
 9081756
 1196815
 9081107
 9087063
 1323657
 9085364
 1239779
 9087949
 9085670
 9087530
 9088187
 9085289
 9086486
 9091649
 9089522
 9089944
 9090832
 9089511
 9091996
 9092150
 9088798
 9090004
 9091961
 9090802
 9091123
 9090507
 9088782
 9088792
 1324426
 9088737
 9089705
 9091668
 9090919
 9089299
 9094398
 9093405
 1314734
 9093681
 9087171
 9093270
 9050371
 1249055
 9052801
 9053808
 9056117
 9077274
 9076873
 9080260
 9082168
 9084153
 9084763
 9082291
 9087971
 9087994
 9088417
 9087305
 9085038
 9086733
 9085653
 9091144
 9089860
 9089925
 9091684
 1323709
 9091682
 9091848
 9090705
 9091829
 9091921
 9092032
 1359280
 9088882
 9093338
 9093341
 9093398
 9093675
 9094015
 9094382
 9094445
 1236906
 9093928
 9094055
 9092638
 9093714
 1381809
 9075861
 9075866
 9075867
 9078555
 9077279
 9079206
 1010771
 9076780
 9082029
 1196737
 9085878
 9086420
 1323665
 9085573
 9091185
 1351009
 9091763
 9091898
 9089117
 9090105
 9090811
 9091304
 9090247
 9088990
 1387960
 9090209
 9089287
 9089255
 9091422
 9091992
 9093102
 9094026
 9094231
 1341272
 9093449
 9093973
 1160774
 9092819
 9092973
 9093631
 9094222
 9094049
 9094131
 1164017
 9022881
 9028512
 1379203
 1381394
 9068415
 9081950
 1366803
 9088459
 9085186
 9086376
 9090405
 9090466
 9089747
 9091409
 9091695
 9090743
 1381718
 9060492
 9062365
 9060523
 9068440
 9071159
 9073677
 1381584
 9076480
 1332967
 1390959
 9083669
 9081456
 9087931
 9086580
 1362536
 9068826
 9071842
 9074662
 1371473
 9076639
 9084792
 9082209
 9083383
 9084063
 9082607
 9083031
 9083076
 9083116
 9088038
 9088377
 9087988
 9085885
 9088494
 9087841
 9085993
 9087654
 9087041
 9092379
 9090046
 9090148
 9092110
 9092271
 9091561
 9089229
 9092145
 9091951
 9092190
 9091068
 9091717
 9090516
 9090878
 9090628
 9090644
 1387853
 9079999
 1163478
 9088221
 9088183
 9086920
 9088247
 9083257
 0979484
 9089349
 0994517
 9089001
 9091298
 9091791
 1359286
 9089758
 9090309
 9090656
 9091542
 9089593
 9090490
 9091489
 9093789
 9092855
 1381322
 1381321
 9093115
 9060143
 9065500
 9079306
 9084378
 9087702
 9090384
 1324421
 9093031
 1387987
 9092983
 9093059
 0978779
 1324440
 9094146
 9093412
 9023803
 1323977
 9050400
 9053531
 9059523
 9057259
 9064313
 9063441
 9082086
 9082324
 1341505
 9082715
 9086156
 1387956
 9085236
 9085978
 9090979
 9085024
 9088024
 9088025
 9091180
 9089693
 9091266
 9091568
 9089034
 9088778
 1239853
 9091017
 9091638
 9090389
 9089279
 9090219
 9090726
 9090934
 1324594
 9092695
 9094246
 9094335
 9094461
 9093749
 9093020
 9094324
 9094206
 1341259
 1341260
 1341263
 9092583
 9092868
 9092920
 9093271
 1239784
 9093103
 9093484
 9094197
 9092511
 9094096
 9092697
 9093285
 9093935
 9093166
 9094425
 9093251
 9094244
 1160772
 1359290
 9093118
 9093496
 9092719
 9093312
 9070306
 9073349
 9075098
 1339877
 9077834
 1390986
 9084073
 9087515
 9085687
 9092356
 9091333
 9089582
 9090159
 1390992
 9092937
 1223737
 9094394
 9092669
 9094311
 9093652
 9094230
 9092834
 9093001
 9094216
 9085121
 9089857
 9090953
 9092091
 9092282
 9091816
 1387962
 9090108
 9090401
 9089410
 9089685
 9092311
 9089455
 9093282
 9093523
 9094308
 9093688
 1387984
 9093415
 9005879
 1323231
 9057975
 9061910
 9063836
 9070715
 9070726
 9076440
 9075875
 9083611
 9085531
 1330894
 9091543
 9061326
 9089967
 9049741
 9062469
 9070394
 9068547
 9072208
 9076477
 9079789
 9078252
 9083513
 9084150
 9085874
 9086099
 1362534
 9087826
 9091302
 9091323
 9089429
 9047110
 9052547
 9058449
 9056088
 9060117
 1163975
 9065025
 9063419
 1339881
 1390980
 9084775
 9083870
 1323655
 9088294
 9086526
 1390879
 9086129
 9090810
 9090945
 9090118
 9090797
 9091979
 9092078
 9092172
 1387970
 9089514
 9088664
 9089054
 9089764
 9090117
 9089226
 9089101
 9093781
 9094400
 9092952
 9093565
 9055593
 9058500
 9057165
 9062098
 9062108
 9060955
 9061489
 9065771
 1239045
 9065929
 9068809
 9067862
 1312671
 9069207
 9070118
 9072927
 9071714
 9073997
 1128582
 1236860
 9078453
 9084791
 9082970
 9081800
 9087312
 9086738
 9087830
 9085499
 9085503
 9085510
 9091559
 9091753
 9089739
 9090673
 9092209
 9092248
 9091583
 9088669
 9088735
 9090666
 1304553
 9090461
 9088640
 9088796
 9094323
 1351016
 9094399
 9093402
 9094127
 9093098
 9093006
 1236915
 9093895
 9092422
 9093642
 9092812
 9092610
 9082216
 9086287
 9017404
 9017409
 9036551
 9071242
 9084254
 9082769
 9083206
 9087319
 9086007
 9084954
 9087934
 9089584
 1366934
 9089783
 9088931
 9090990
 9089797
 9093311
 9092689
 1223741
 1341270
 9093672
 9094150
 9094194
 9093502
 9093907
 9092552
 9093231
 9093500
 9093632
 9092981
 9093677
 9081665
 9087548
 9090917
 1381533
 1381804
 1381805
 1381810
 9084069
 9083255
 9086591
 9085724
 9087089
 1254935
 9091562
 9089842
 9092263
 1366941
 9090688
 1351024
 9094221
 9094493
 9094498
 9092440
 9093637
 1387764
 1014503
 9071423
 9075226
 9083766
 1387868
 1126995
 9088260
 9086011
 9088938
 9090143
 9091572
 9091349
 1331410
 9090222
 9088726
 9092002
 9089141
 9092700
 9094074
 9093684
 1314736
 9094030
 9093914
 1387992
 9093041
 9092725
 1160323
 9093618
 1324054
 9037741
 9053700
 9058113
 9056326
 9061230
 9059615
 9060172
 9060518
 9064235
 9066745
 1366994
 9065377
 9070753
 9068618
 9069724
 1387806
 9074114
 9075243
 9079810
 9078501
 1387872
 9081974
 9084673
 9081218
 9083897
 9081276
 9085608
 9085554
 9086404
 9090665
 9089415
 9089861
 9091736
 1239485
 9090369
 9090643
 9088749
 1324557
 9091783
 9093453
 9094207
 9094412
 9093589
 9093953
 9093893
 9093968
 1381318
 9075845
 9076720
 9081079
 9088618
 9085333
 9086035
 9089111
 9091390
 1366940
 9089190
 9091962
 9089906
 9068735
 9075520
 9075851
 1324398
 9085777
 9087347
 9086482
 1366887
 9093908
 9094303
 9094159
 1236913
 1236914
 9093841
 9082729
 9083012
 9085475
 1365686
 1351014
 9091625
 1381715
 1381722
 9090897
 9091605
 9088875
 9052150
 9059685
 9068039
 9067405
 9084576
 9082673
 9084339
 9081922
 9081615
 9088554
 9087788
 9086658
 9085455
 9086730
 9087517
 9088426
 9087510
 9088557
 9086562
 9088141
 9086188
 9085964
 9087744
 9092382
 9091209
 9090346
 9090373
 9091752
 1323717
 1323718
 9091549
 9088995
 9089588
 9089625
 9089634
 9089845
 9090224
 9090697
 9090708
 9091901
 9092052
 9092269
 9092301
 0994516
 0994520
 9092031
 9091378
 9090580
 9089676
 0977127
 9092201
 9091853
 9092056
 9091042
 9091092
 9090592
 9088729
 9089096
 9089800
 9089721
 9088948
 1390887
 9094520
 9092923
 9093754
 9094191
 9093920
 9093234
 1341253
 1341258
 9093845
 9094152
 9094233
 1387980
 1387997
 9094071
 9093775
 9092579
 9093678
 9092665
 9092760
 9092721
 9082804
 9088133
 9085589
 9091805
 9091835
 9089870
 9090306
 9091174
 0994511
 9093685
 9094035
 9094064
 9094229
 9094507
 9035217
 9066775
 1323289
 9073566
 9086969
 9085561
 9086752
 9086918
 1332927
 9090237
 9092479
 9041946
 9055522
 9054966
 9071373
 9073463
 9076208
 9075161
 9077014
 9079889
 9076715
 9077132
 9076805
 9083620
 9083832
 9083813
 9081293
 9088083
 9090631
 9092293
 9091383
 9092093
 1390994
 1390996
 9089754
 9093053
 9094139
 9092415
 1390861





