16-07-01
 9011736
 9014861
 9016406
 0775871
 9015571
 9021186
 9021579
 9021587
 9021309
 9019698
 9019709
 9021064
 9021417
 1387423
 9019100
 9018616
 9018765
 9018787
 9017718
 9017772
 9022212
 9023660
 9024866
 9024547
 9024620
 9021956
 9021958
 9023707
 9025314
 9022900
 9023887
 9024515
 9025788
 9021794
 9022517
 9023434
 9024717
 1234886
 9013092
 9017487
 9019448
 9018973
 9020945
 1175451
 9019670
 9023513
 9024598
 9022168
 9023871
 8991816
 1304037
 8990517
 8993026
 9001609
 9010580
 1379379
 9008029
 9013659
 9014510
 9011562
 9011131
 9012095
 9013840
 1202822
 9016905
 9018371
 1126317
 9019234
 9020043
 9020876
 9021632
 9021639
 9021330
 9019972
 9017927
 9021592
 9020041
 9021559
 9021567
 9018510
 9020377
 9020223
 9019761
 1390919
 9023429
 9023123
 9025075
 9024876
 9024847
 9025676
 9025717
 9024281
 9024190
 9025230
 9022836
 9024116
 9024454
 9025207
 9025213
 9024575
 9021778
 1175480
 9024932
 9024258
 9022363
 9025263
 9022621
 9022080
 9023526
 9024339
 1196604
 1332327
 9017557
 9018599
 9022827
 9022741
 9022766
 9023262
 9022983
 9022330
 9022034
 9023517
 9022777
 9022307
 8998835
 8997473
 9006400
 1379472
 1223678
 9020731
 9020670
 9017509
 9017896
 9019118
 9001243
 1390707
 1305482
 8996007
 8992548
 8996395
 1240511
 9004283
 9008106
 9007556
 1240528
 9013566
 9011036
 9011039
 9012632
 9019005
 9019950
 1291895
 9019553
 1175452
 9017937
 9019246
 9017016
 9017202
 1390916
 0994490
 1240579
 1291845
 9022353
 9004591
 9004742
 9012525
 9017675
 1332311
 9018821
 9020027
 9025304
 9022003
 9023813
 9022960
 9022755
 9021818
 9021894
 8993086
 8999036
 8997551
 9003605
 9006777
 9007100
 9008737
 1324231
 9021624
 9017390
 9021493
 9018415
 9020846
 9018701
 9018925
 9019579
 9017165
 9019655
 9018137
 9017206
 1232121
 9017418
 9020037
 9025535
 9022081
 9022302
 9024009
 1126323
 9025038
 9025078
 9025086
 9025735
 9022926
 9024415
 9025193
 9025470
 9025707
 9024928
 9025574
 9025738
 9021875
 9023777
 9023903
 9024650
 9025454
 9021810
 9021805
 9024240
 9024261
 9024309
 9024767
 9022627
 9023461
 9024112
 9024976
 9025729
 9021871
 9011458
 9015165
 9019642
 9018563
 9007256
 9011247
 9015317
 9020430
 1323348
 9017649
 9021117
 9025025
 9024434
 9022153
 9024685
 1145929
 8998427
 9001753
 9007600
 9008037
 9012268
 9021728
 1354439
 9017996
 9020257
 9017676
 9020443
 9024445
 9023372
 9024705
 9025204
 9024250
 9025159
 9024542
 9024188
 9024497
 9006378
 9008407
 9007605
 9012460
 9019292
 9017454
 9021482
 9018435
 9019732
 9023893
 8995730
 9013676
 1323813
 9018900
 9020811
 1314727
 9017148
 9017378
 9017035
 9017036
 9021304
 9022105
 9023901
 9024054
 9022939
 1291844
 9024127
 9014389
 9015953
 9021406
 9021572
 9006740
 9013823
 9011763
 9012887
 9000593
 1312252
 9012223
 9015726
 9020439
 9021443
 9021490
 9020385
 1323324
 9018115
 9019194
 9020939
 1324263
 9017436
 9018748
 1390911
 9024364
 9025494
 9021773
 9024295
 1354501
 9023733
 9021957
 9024902
 9025008
 9025399
 9025566
 9024446
 9024776
 9025449
 9025537
 9022850
 9023240
 9024465
 8998350
 8998553
 0647191
 9003086
 9000689
 9000358
 1145937
 9014194
 9017453
 9021114
 9021320
 9018218
 9018345
 9019301
 9020505
 9018944
 9017001
 9022346
 9021833
 9023055
 9022542
 9023391
 9024090
 9025675
 9025714
 9023719
 9023904
 9010917
 9013378
 9014240
 1126319
 9019599
 9019607
 9020253
 9020629
 9017922
 9019490
 9021233
 9018613
 9018582
 1390913
 9019144
 1332361
 9023149
 9024221
 9024356
 9024840
 9024092
 9024979
 9023405
 1387443
 1387453
 9023252
 9023324
 9022298
 9022659
 9000476
 9014128
 9013105
 9020766
 9020779
 9021083
 9021188
 9020329
 9025480
 9025672
 9008796
 9008002
 9010058
 9013882
 1188305
 9012039
 9016704
 9016034
 9020708
 9020584
 9020703
 9020440
 9019014
 9020216
 9017192
 9018813
 9021253
 9019358
 9019859
 9024487
 1223614
 9023538
 9022473
 9021804
 9023755
 9024700
 9024461
 9024578
 9025370
 9025090
 9025181
 9022340
 9022508
 9022347
 9022381
 9022447
 1336145
 1336148
 9023279
 9002993
 9002856
 1284598
 9013359
 9014423
 9012980
 9012494
 9012736
 9011531
 9019842
 9019146
 1354438
 9019093
 9020190
 9021468
 9019481
 9021151
 1126329
 1223604
 9022608
 9024036
 9024996
 9025646
 9022453
 9023469
 9024247
 9023663
 9022666
 1175472
 9022851
 9022859
 9024034
 9025849
 9023851
 9024459
 9008500
 9017017
 1332356
 9017190
 9018623
 9017046
 9024596
 1332366
 9023995
 9022745
 8989399
 8989172
 8993193
 9000257
 1368669
 9004703
 1126665
 9008467
 1354403
 1387307
 9010246
 1160158
 9007898
 9010920
 9014676
 1387324
 9014556
 9016599
 1387336
 9016165
 9016586
 1165445
 1387429
 9019466
 1240539
 9017106
 9019340
 9017828
 9020389
 1390826
 9023616
 9024367
 9025548
 9023438
 9022541
 9022583
 9023848
 9024873
 1188780
 9022379
 9023071
 9023417
 1175457
 9024715
 9023273
 9024408
 9022187
 9022658
 9003014
 9005383
 9005848
 9009401
 9013431
 9013217
 9013791
 9021350
 9020122
 9018715
 9017708
 9019879
 9024614
 1126349
 9025077
 1223605
 1223682
 9022721
 9023358
 9024318
 9022606
 9023521
 9022756
 9022475
 1188786
 9025149
 9023947
 9024392
 9024655
 9022797
 9024672
 9024985
 9025745
 9022530
 9022571
 9022863
 1234888
 8999812
 9001711
 9000628
 9001613
 9015056
 9013033
 9014403
 9013699
 9016949
 9015829
 9016895
 9015811
 1014307
 9021608
 9017660
 9021288
 9018405
 9019623
 9019505
 9021344
 9019307
 9021843
 9025099
 1323374
 9024593
 9022065
 9022868
 9025488
 9022968
 1324310
 1286509
 1252556
 8966951
 8974047
 8990024
 8994159
 8998910
 9000565
 8931467
 9019221
 9019786
 9020727
 9019110
 9018953
 9024163
 1291848
 9024573
 9023332
 9023702
 8990450
 8996383
 9001548
 9000764
 9001115
 8994873
 9016120
 9021436
 9020228
 9017737
 9018912
 1232125
 9025333
 9023073
 9025730
 9022858
 9022134
 8998994
 8996547
 9002282
 9009705
 9017326
 9000899
 9001743
 9004718
 9009055
 9011990
 9013992
 9013040
 9015426
 9018797
 9021414
 9021068
 1165693
 9018031
 9019740
 9017787
 9019648
 9021157
 9018503
 9017619
 9020358
 9019078
 9023555
 1126334
 9023622
 9024713
 1323370
 1323380
 9024683
 9024853
 1366236
 9023613
 9021832
 9008497
 9012644
 9020829
 9023382
 9024014
 9024883
 9025538
 1323389
 9023481
 1387457
 9024726
 9022430
 9025653
 9022394
 9024488
 1390931
 1286508
 9004782
 9005092
 1145939
 9007507
 9008032
 9011801
 9013045
 9011701
 9011919
 9016566
 9019861
 1165518
 9018570
 9020995
 9019960
 9021629
 9017857
 9019288
 9023172
 9021739
 9023010
 9023076
 9023096
 9024292
 9022647
 9025051
 9024997
 9025065
 9025072
 9023786
 9024110
 9024121
 9025447
 9025554
 9025748
 9023969
 9023228
 9024016
 9024239
 1324301
 9022478
 1243647
 1243648
 9022910
 9023294
 8997273
 9007582
 9009427
 9014189
 9016944
 9015396
 9016258
 9015976
 9021131
 9020892
 9020071
 9018447
 9020300
 9020608
 9021260
 9018805
 9019797
 9020017
 1324265
 9020880
 9020595
 9022716
 9025443
 9023064
 1323351
 9023486
 9022141
 9022144
 9024833
 9024968
 9022778
 9024566
 9025313
 9024100
 9024967
 9025476
 9025507
 9024795
 9025705
 1188788
 9021987
 1324312
 1324305
 9021916
 9025144
 1305244
 1266764
 8964669
 8972950
 8972169
 8978297
 8986184
 8986814
 8993774
 8999172
 1368657
 9000838
 9005874
 9010382
 1366175
 9013238
 9014083
 1239633
 9017105
 9017612
 9009091
 9014236
 9015922
 9016646
 9016652
 9015865
 9015899
 1381934
 9017051
 9018802
 9018409
 9019354
 9021370
 9020718
 9021700
 9019540
 9022695
 9025836
 9025570
 1240578
 9024135
 9025317
 8997680
 9003718
 1198721
 1239423
 1239421
 1284506
 9012858
 9012492
 9016643
 9016564
 9016664
 9016237
 9021657
 9020266
 1354441
 9017366
 9018540
 9019671
 9021612
 9017817
 9017020
 9021084
 1240540
 9018880
 9025887
 9022786
 9021756
 9022409
 1332383
 9022154
 9022962
 9024018
 9024513
 9025061
 9025553
 9025643
 9023760
 9022261
 9025391
 9022567
 9022177
 1323381
 1342394
 9022804
 9023129
 9024097
 9024322
 9024777
 9025331
 9025346
 9022885
 9025030
 9025311
 9025518
 9025587
 9025741
 9022604
 9025571
 9022432
 9023168
 9022589
 9025680
 9024871
 1304238
 1236724
 9023991
 9025774
 9022000
 9022912
 9023408
 9023608
 9023328
 9023334
 9005008
 9013648
 9015770
 1240576
 1291846
 9023449
 0979080
 9018236
 9021668
 9017877
 9021979
 9022520
 9024941
 9022531
 9022547
 9022662
 9024369
 9024675
 9025811
 9025812
 9025815
 9023943
 9022677
 9022731
 9025925
 9022467
 9022726
 9024019
 9024293
 9010912
 1304223
 1165405
 9021494
 9024644
 1223613
 9023072
 9021835
 9023456
 9023588
 9024775
 9025005
 9024760
 9022818
 9019610
 9007273
 9013240
 9016977
 9021561
 9021724
 9020830
 9022867
 9025184
 9022139
 9023415
 9023478
 9024169
 9023557
 9022943
 9022612
 9022977
 9023349
 1366235
 9023604
 9001673
 9012008
 9015861
 9018990
 1332334
 9019515
 9019873
 1126699
 1126700
 9020607
 9020989
 9017433
 9017221
 9025089
 1126330
 9022645
 9024387
 9022332
 8997256
 9014763
 9016367
 1387257
 9019685
 9019392
 9018487
 9017882
 9018530
 1312346
 9017215
 9020112
 9020902
 9020546
 9019798
 9019224
 9018804
 9019202
 9020308
 1390915
 9018179
 9018709
 9023243
 9023312
 9025067
 9024652
 9024327
 9025261
 9025341
 9022732
 9024052
 9024456
 9025021
 9025419
 9025777
 9025790
 9025140
 1323372
 1323373
 1323384
 1323385
 1323392
 1323397
 1342395
 9022210
 9023122
 9024265
 9025475
 1239670
 1239677
 9024851
 9024563
 9021855
 9025424
 9025514
 9025248
 9023525
 9024849
 9022354
 9025068
 9023307
 9024433
 9024448
 1175467
 9024688
 9021992
 9022944
 1243659
 1243658
 9021868
 9021876
 9021878
 9021879
 9022652
 9025057
 9022114
 9022590
 9022984
 9025164
 9022120
 9024904
 9023471
 9025690
 8999581
 9002728
 9000585
 9006078
 9014544
 9012856
 9015702
 9020089
 9020064
 9019967
 9019289
 9018186
 1390666
 1390922
 9022549
 9024525
 9025031
 9025825
 9023928
 9025509
 9022637
 9022320
 9024403
 9023583
 1175465
 1336151
 1196569
 1196570
 1336030
 9018484
 1381260
 8993618
 9012291
 9014179
 9012493
 1387343
 9019534
 9019169
 1387425
 1312345
 0775876
 9017656
 9018226
 9018611
 9018828
 9020185
 9017701
 9018254
 1324270
 9017978
 9019779
 9025723
 9024204
 9023769
 9023059
 1387445
 9024480
 9023675
 9025452
 9025703
 9023045
 9025269
 8995459
 8993405
 9007412
 9019883
 1381010
 9006512
 9005143
 9010657
 9014381
 9021051
 1387408
 9020921
 9021096
 9005712
 9009321
 9010285
 9007718
 1232112
 9013750
 9016883
 9016280
 9016370
 1243625
 9015618
 9021266
 9021503
 9019400
 9017348
 9017351
 9020867
 1254245
 9022622
 9024668
 9022007
 9025597
 9022933
 9024761
 8990219
 8993419
 9000839
 9001487
 9004847
 9003826
 9009356
 9010274
 9014672
 9014996
 9010910
 9016342
 9021676
 9017788
 9021548
 9018274
 1323312
 1239634
 9020029
 9018874
 1291894
 9018328
 9021996
 1332362
 9024689
 9025224
 9023115
 9024211
 9022067
 9023287
 9024469
 9025694
 9025765
 9025059
 1175461
 1286502
 8981071
 1128446
 8992049
 9001964
 9005521
 9004769
 9011285
 9014660
 9016724
 1381927
 9017044
 9020748
 1366220
 9019357
 9018482
 9019575
 9020410
 9018048
 9020039
 9023254
 9024321
 9021964
 9022131
 9023370
 9023831
 9024843
 9025129
 9025120
 9025445
 9024957
 9022256
 9024350
 9024404
 9021828
 9024686
 9023335
 1286505
 8990223
 9013558
 9014813
 9014870
 9015162
 9015267
 9015572
 9016906
 9015194
 9015662
 9021375
 9019988
 9020920
 9025070
 9025821
 9023491
 9025323
 9025835
 9021872
 9005553
 9008204
 9014519
 9014332
 9016493
 9018839
 9019254
 9021246
 9021438
 1232139
 9021740
 9025611
 9022616
 9024526
 9022709
 9022760
 8995889
 1379352
 1379363
 9006351
 9013647
 9014255
 9011828
 9014931
 1202828
 9016671
 9016520
 1381484
 1254244
 1254397
 9018567
 9019020
 1387410
 9021066
 9017692
 1381265
 9018502
 9021640
 9008950
 1336114
 9011611
 9015453
 9016593
 9019421
 9018076
 9025829
 9024376
 9023875
 9023202
 1323359
 1239683
 9023051
 9024045
 9024627
 9022405
 1175458
 9024786
 1196571
 1324121
 1379458
 1379479
 9014869
 9021730
 9017762
 9019548
 9020133
 9020317
 1324266
 9025196
 9025467
 9023718
 9022172
 1175459
 9024004
 9023564
 9024993
 9022566
 9023346
 9020605
 9023222
 9023545
 9022642
 8991148
 8994677
 8994790
 8997378
 9002105
 1145933
 9006784
 9010132
 9009734
 9011516
 9013602
 9011484
 9014875
 1379469
 9012879
 9014003
 9014234
 9015914
 9015617
 9018309
 9020209
 9020827
 9021596
 9021658
 1323304
 9020926
 1239667
 9018378
 9017163
 9019026
 9019913
 9020873
 9021543
 9021316
 1387414
 1387415
 9020990
 9018508
 9020818
 9018402
 1014319
 9017246
 9018850
 9020015
 9018422
 9020641
 9017973
 9018788
 1324259
 9019015
 9018591
 9019892
 9025715
 9025047
 9025490
 9025692
 9025739
 9025818
 9024253
 9024267
 1223512
 1223610
 9022904
 9023869
 9024773
 9025451
 9022292
 9023516
 9023524
 9023865
 9023878
 9024400
 1323360
 1323398
 9022064
 9023166
 9024228
 9024287
 9022613
 9023764
 9024511
 9024583
 9024594
 9025135
 9025227
 9025393
 9025469
 9025493
 9025806
 9021991
 9023762
 9025616
 9023756
 9023960
 9023847
 9024331
 9025109
 9023694
 9023767
 9023886
 9022674
 9025177
 9022366
 9022385
 1243657
 9022811
 9023506
 9024149
 9024481
 9025617
 9005585
 9004883
 9009537
 9014162
 9013646
 9011121
 9016834
 9015177
 9015208
 9018071
 9019094
 9019834
 9020402
 9022325
 9025536
 9022661
 9025402
 9022973
 8788557
 1393745
 1327112
 8961421
 8974033
 8984480
 8992492
 1175355
 9005549
 1387340
 9019802
 9018592
 9018083
 9020472
 9018861
 9021265
 9021829
 9022878
 9024565
 9025060
 9024266
 9021863
 8996494
 9000897
 9010777
 1379450
 9009244
 9014801
 9011373
 9015575
 9016404
 1387333
 1387335
 1387341
 1387401
 9015185
 0775860
 9018213
 9018538
 9021001
 9021257
 9021442
 9021531
 1387409
 1387432
 9017109
 9002155
 9001149
 9005199
 9011109
 9011111
 9011815
 9016068
 9016450
 9015910
 9021557
 9019801
 9021067
 9021210
 9017235
 9017236
 9017413
 9020353
 9016999
 8999845
 9003638
 9006083
 9006858
 9004157
 9006466
 9009630
 1379400
 9009973
 9011094
 9012380
 9013319
 9015161
 9016263
 9016783
 9016925
 9016976
 9020438
 9020844
 9021432
 9021582
 1323326
 1239665
 9019937
 9018976
 9019045
 9020837
 9021039
 9021170
 9021565
 9021578
 9021611
 9018446
 9017628
 9020179
 9021679
 9017249
 9017353
 9017439
 9018178
 9019262
 9020060
 9021595
 9020486
 9018712
 9019572
 9019850
 1175453
 9021484
 9021156
 9020979
 9020515
 9017731
 9018652
 1240930
 9019959
 9020059
 9020978
 9005577
 9004684
 9010242
 9014890
 9012750
 9013650
 9012033
 9012648
 9016583
 9016964
 1163951
 1379371
 1336131
 8998533
 9004589
 9010214
 9010162
 9013417
 9017157
 1387421
 9019328
 8993277
 8992537
 8992540
 8992542
 8992545
 8992526
 8992529
 8992532
 8998068
 9001904
 9002844
 9004251
 1257734
 9014276
 9014657
 9013657
 9013792
 9016943
 9015154
 9015854
 9016401
 9016707
 9016823
 9016152
 8972410
 8972396
 8988235
 8986881
 1390741
 8999186
 9011655
 9012896
 9012142
 9016080
 9015409
 9015526
 9015190
 1243640
 1243623
 9015463
 1332195
 1217725
 9017329
 1390918
 9000602
 9009861
 1381909
 9019013
 9018079
 9018577
 9019672
 9020716
 9017152
 9017259
 9017866
 9018208
 9017248
 9019377
 1254246
 8995339
 8996818
 9005228
 9010061
 9014454
 9014063
 9014413
 9011003
 1188301
 9012199
 9011751
 1249115
 1323820
 9011548
 9015759
 8974943
 8987512
 1332209
 8999321
 9005719
 9005072
 9005053
 9003954
 1323963
 9010063
 9009602
 9014538
 9011770
 9013301
 9013394
 9011630
 9013126
 9016224
 9015790
 9016355
 9015949
 9015311
 9016256
 9016919
 9016440
 0775869
 9021604
 9021622
 9021650
 9021727
 9017457
 9018601
 9018666
 9018708
 9018717
 1332336
 9020447
 9020853
 9021394
 9021447
 9021678
 9020783
 9019233
 9019791
 9020788
 9021347
 9021459
 9020681
 1323305
 1323344
 9018357
 9018206
 9021505
 9021542
 9020646
 9019815
 9019612
 9017504
 9017900
 9019472
 9019347
 9020557
 9019384
 9018920
 9019043
 9020297
 9019849
 9018846
 9020246
 9021348
 1249137
 9019845
 9017425
 9019370
 9021276
 1202145
 1126786
 1126788
 8998676
 0647190
 9004248
 9005996
 9007495
 9009646
 9010280
 9011053
 9013377
 9014060
 9013262
 9014432
 9016549
 9016899
 9016238
 9021666
 1126314
 9021372
 9020655
 9021042
 9019613
 9020710
 1198757
 1198758
 1198766
 9021205
 9018234
 9003150
 9009335
 9013332
 9012357
 9016275
 9017699
 9017832
 9018979
 8972551
 8975617
 1305097
 8990484
 8989549
 1368652
 8994983
 8998359
 8999274
 8996633
 8996644
 1382558
 8996949
 9001575
 1339414
 9006611
 1366433
 1366435
 1366444
 1328185
 9006366
 9008327
 1379441
 9008757
 9008286
 9011684
 9012026
 1322261
 9011836
 9014268
 9014369
 9014547
 9011773
 9013107
 9014643
 9014358
 9015606
 9016561
 9019156
 9018704
 9019152
 9017889
 9019311
 9017919
 9018888
 1240964
 1390910
 8989161
 9008609
 9008297
 9014825
 9014830
 8994166
 9002079
 1366274
 9000709
 9001088
 9008086
 9010807
 9008422
 9010129
 9011706
 9012591
 1291887
 9013426
 9019717
 9020130
 9019054
 9020205
 1284527
 1284529
 9018588
 9021285
 9019294
 9018054
 1328039
 9010581
 9011788
 9016330
 9015784
 9015723
 9019675
 1240544
 9019956
 9019963
 9020024
 8994483
 8996710
 9000065
 9004602
 9004617
 9007965
 9009279
 9010567
 9012113
 9014251
 1390906
 1336014
 9000542
 9005548
 9006507
 9005114
 9007969
 9013976
 9013714
 9012677
 9015041
 9013773
 9015800
 9016929
 9016957
 9016396
 9016596
 9021198
 9018669
 9019167
 9019331
 9020580
 9018545
 9019626
 9019805
 9019165
 9019925
 9020369
 9019089
 9017825
 9019826
 9017373
 9020351
 9017719
 9019622
 9020335
 9018168
 1354492
 8991607
 9004916
 9009778
 9012430
 1323821
 9018074
 9019983
 9020000
 9017944
 9018230
 8991187
 1390743
 9004889
 1381461
 1379427
 9013202
 9011755
 9015046
 9015697
 9016025
 9016059
 1381936
 9017049
 1332319
 1332320
 1354443
 9018967
 9017357
 9020233
 1387430
 9019605
 9018359
 9020737
 9017211
 9020561
 9021698
 9017693
 9019583
 9019513
 9020491
 9020932
 9012163
 9011847
 9015961
 9015714
 9020302
 9018579
 9003288
 1361336
 9009690
 1239651
 9016717
 9016778
 9017233
 9017707
 1332359
 9020149
 9019666
 1354433
 9020159
 9021433
 9018992
 9020931
 9021328
 9021351
 9021642
 1387435
 9021734
 9019325
 9019615
 9020640
 9019366
 9017705
 9017746
 9018703
 9018690
 9017042
 9017455
 1202146
 8990127
 8997382
 8998264
 9000817
 9006313
 1324216
 9009039
 9009081
 9013885
 9014618
 9013291
 9013313
 9015582
 9015980
 1381043
 9017216
 1126312
 9018922
 1223132
 9019074
 9020706
 9021136
 9020008
 1387416
 9018364
 9021202
 9021095
 9020145
 9020792
 9020817
 9020840
 9021636
 9018751
 9017831
 9019365
 1381258
 9018800
 9016471
 9018926
 9017311
 9018150
 0978667
 9013984
 1390901
 9015649
 9018632
 9019359
 9020388
 9020651
 9019509
 9020003
 9020682
 9020691
 9020768
 9018032
 9018443
 9018542
 9018541
 9018752
 9017912
 1232119
 9018533
 9010621
 9014386
 9011474
 1387322
 9011893
 9015952
 1381914
 1254391
 9019593
 9019314
 9020321
 9020333
 9021345
 9019372
 9018858
 9019835
 9019007
 1387424
 1387427
 9020760
 9017429
 9020621
 1291896
 9017488
 9018044
 9021050
 9019662
 9019679
 9020088
 1376098
 1382583
 9017958
 9018136
 9018351
 9017601
 9019255
 9019496
 9019208
 8995808
 8992629
 1239721
 9001133
 9006292
 9007953
 9008454
 9014457
 1379480
 9011823
 9012985
 9011571
 9012561
 9012995
 9015159
 9015266
 9016776
 9016012
 9016502
 9016657
 9015685
 9020074
 9020141
 9020230
 9021627
 1240093
 1198763
 9017174
 9020007
 9019633
 8962785
 8960759
 8966427
 9006963
 1387210
 9008945
 9015680
 1387326
 9021456
 9019022
 9020832
 9017023
 9004741
 9008636
 8998185
 9003378
 9000037
 9015027
 9011994
 9012029
 9013129
 9015781
 9017523
 9018524
 9018590
 9020610
 9020622
 9017183
 9018051
 9020206
 8997395
 9001637
 9001622
 9003501
 9008759
 1126680
 9008027
 9014804
 9010947
 9012520
 9012116
 1249116
 9012337
 9016215
 9015290
 1243635
 9018769
 9018790
 1323301
 1323332
 9017421
 9019718
 9019864
 1379473
 1328100
 9017022
 9019387
 9020997
 1323316
 1323846
 9021028
 9020669
 1240541
 1198762
 9018114
 8995204
 8998503
 9002898
 9000980
 9006461
 9004749
 9010676
 9010757
 9012267
 9013684
 9014452
 9012324
 9016128
 9016454
 9016307
 9016472
 9016759
 9015182
 9015183
 9016172
 1249122
 1240962
 9018562
 9020833
 9021381
 9021568
 9018758
 9018773
 9020098
 9017730
 9018356
 9018672
 9019531
 9018597
 9020562
 9018663
 9021122
 9021545
 9021553
 9020750
 9019808
 9020868
 9020656
 9019498
 9019866
 9020532
 9017801
 9020728
 1196450
 9021247
 1202149
 8989634
 8998837
 9008918
 9008132
 9009069
 1379457
 1164040
 1196442
 9016970
 9021261
 9018911
 9020797
 9018684
 9018102
 9017755
 9018141
 9018696
 9020375
 9017131
 9017495
 9017539
 9018196
 9020399
 9020713
 1387418
 9017266
 9017073
 9019704
 9018479
 9019571
 9020960
 1202144
 9015974
 9021325
 1332207
 9002321
 9004066
 9004342
 9007768
 8994927
 9003469
 9011745
 9014184
 1239422
 1239748
 9012437
 9014948
 9013200
 9014367
 9013146
 9014390
 9016508
 9016818
 9016902
 9015633
 9015280
 9016840
 9016923
 9016931
 9016933
 9016934
 9016940
 9015518
 9015807
 9016611
 9021655
 9021659
 9020208
 1332301
 9017210
 1332338
 1332354
 1332355
 9017814
 9020260
 9021588
 9020772
 9018311
 9018615
 9019251
 9021547
 9021555
 9021593
 9021601
 1165520
 1284530
 1284543
 9018956
 9020746
 9020769
 9020984
 9020709
 9020724
 9020767
 9019869
 9021492
 9017520
 9017833
 9020073
 9020212
 9017179
 9017807
 9017292
 9018272
 9019075
 9019634
 9021292
 9019721
 9021354
 9020711
 9019213
 9020083
 9020998
 9021300
 9018630
 9019918
 9019556
 9021283
 9017630
 9018021
 9019137
 9017298
 9019361
 1202148
 8998856
 9007218
 9007269
 9008983
 9010476
 9011624
 1291898
 8995407
 9009886
 9009211
 9008993
 9019111
 9018296
 9020477
 1323329
 9020569
 9017774
 9017827
 9020824
 9018836
 9018619
 9017691
 9018511
 9018933
 9017517
 9003089
 9004962
 9010356
 9007795
 9008054
 1354488
 9014621
 9014966
 9011599
 1243631
 9020068
 9019796
 1387431
 9017750
 9019470
 9019084
 9020198
 9020305
 9018006
 9017784
 9018656
 9017686
 9018318
 9017702
 9017740
 9020376
 9019995
 9014505
 9020735
 1387411
 9019829
 9018866
 9018012
 1126623
 1305118
 1249192
 1387067
 1323878
 9007483
 9008840
 9013421
 9012763
 1339435
 9016986
 9015755
 9015918
 9015025
 9014385
 9013634
 9013449
 9013147
 9014069
 9014472
 9013898
 9014180
 9016626
 9016363
 9018463
 9018598
 9019667
 9021736
 9017840
 9017052
 9018428
 9020497
 1332306
 1332310
 9020961
 9021172
 9020980
 9018113
 9018252
 1165679
 9019187
 1323311
 1323331
 1323343
 1323350
 9018058
 9018384
 1239663
 9017349
 9019062
 9019519
 9019527
 9020725
 9017408
 9020379
 9020756
 9021029
 9019453
 9021525
 1387407
 9020311
 9020996
 1312347
 9018183
 9018504
 9019765
 9021317
 9020601
 9020919
 9018829
 9020125
 9018382
 9020161
 9020386
 9019235
 9019324
 9019402
 9020191
 9017002
 9019690
 9019627
 9002522
 9004795
 9008075
 9016485
 9016920
 9015178
 9021681
 9018062
 9021571
 9020962
 9020009
 9018122
 9018498
 9019099
 9020854
 9021580
 9019711
 9020203
 9020055
 9020222
 9018830
 9019479
 9019592
 9018427
 9021087
 1381262
 1341722
 1390735
 9010991
 9012099
 9016196
 9021558
 9021594
 9021649
 9021535
 9021540
 9021146
 9017923
 9018862
 9019123
 9010914
 9016932
 9016507
 9016356
 1249123
 8988652
 1359063
 9003727
 9003537
 9007257
 9009457
 9010057
 9010691
 9008958
 9014028
 9014038
 9012572
 9014488
 9014792
 9012702
 9012845
 9012617
 9013376
 9012333
 9014489
 9011844
 9016311
 9016876
 9016884
 1387332
 9015915
 9016036
 9020592
 9019736
 9017933
 9019006
 9020658
 9021485
 9017822
 9020461
 9020529
 8968680
 8974678
 1291808
 8994072
 8999922
 8999020
 9005081
 9010035
 9011333
 9014935
 9015939
 9015328
 9015415
 9017887
 9020416
 9021425
 9018783
 9019554
 1165449
 1323325
 1284542
 9017150
 9019055
 9017276
 9018119
 9020337
 9017681
 9019734
 0977321
 9011861
 8989876
 8993845
 9000661
 9002767
 9001563
 1323960
 9012290
 9011140
 9014387
 9016982
 9016726
 9015658
 9015150
 1381929
 1381941
 1332317
 9020120
 9018084
 9018126
 1323339
 1323349
 9018354
 9018608
 9018949
 9020991
 9020740
 9018568
 1387412
 9017141
 9017288
 1366197
 9019855
 9018738
 9019665
 1381942
 9018518
 1381275
 1381276
 9012649
 9021315
 8987423
 8984867
 1116199
 9001414
 9004576
 9007022
 9010513
 9007859
 9008888
 9009057
 9010483
 9010575
 9010606
 9010724
 9007494
 9009674
 9010655
 9009574
 9012463
 9014889
 9014941
 9014070
 9011752
 9014148
 9014348
 9010937
 9010936
 9013299
 9014601
 9014984
 9012865
 9013783
 9012871
 9016358
 9015541
 9016545
 9016793
 9015193
 9016543
 9015196
 9020274
 1354432
 9019033
 9020425
 9020464
 9020495
 9021576
 9020862
 9017834
 8997244
 8997997
 9004655
 9004946
 9007124
 9009826
 9013771
 9015945
 9016452
 9019356
 9017369
 9019537
 9019596
 9019434
 1387420
 9019751
 9020462
 9017759
 9019260
 9019367
 9018522
 9018645
 9017869
 1249139
 8971324
 8974929
 1379314
 8993936
 8998602
 8996887
 8997049
 8999115
 9002088
 9002286
 9002092
 9005323
 1324140
 9004432
 9010068
 9014791
 9011179
 9010958
 9014355
 9011590
 9012806
 9013625
 9016787
 9015963
 9016765
 9016862
 9016514
 1387403
 9016321
 9020247
 9018512
 9020435
 9020702
 9021507
 9018505
 9020612
 1364306
 1381261
 9017966
 8990038
 9008974
 9011852
 9014357
 1239736
 9005974
 9007865
 9007877
 9008420
 9007829
 9012690
 9015160
 9015269
 9016254
 9016962
 9015940
 9021665
 1332186
 9018815
 9021450
 9019616
 9020364
 9021379
 9018075
 9021054
 9020323
 9020723
 9018686
 9020627
 9020780
 1198768
 9017546
 9019882
 9017571
 9018770
 9018873
 9017830
 8997230
 9002365
 9001017
 1354468
 9013592
 9018295
 9021015
 9018771
 9019362
 9019894
 9021473
 9020674
 9020150
 9018894
 9003894
 9004511
 9008504
 1368687
 8995344
 8998305
 8988482
 9006071
 9008659
 9007501
 9008841
 9008528
 9009937
 1379397
 1366288
 9010979
 9013043
 9011134
 9014726
 9011710
 9014817
 9014627
 9010957
 9013939
 9011479
 9012941
 9012566
 1330890
 9011386
 9011911
 9012603
 9016220
 9015850
 9016072
 9016803
 9016811
 9016936
 9015188
 9015170
 9017607
 1126324
 9021731
 9018241
 9019508
 9019729
 9020324
 9021384
 9021439
 9021483
 9019567
 9018720
 9019597
 9021102
 9017734
 9020506
 9020803
 9017237
 9018117
 9018123
 9020176
 9020276
 9020864
 9021619
 9021626
 9021637
 9020428
 9020458
 9019417
 9018189
 9017107
 9018778
 9018789
 9019256
 9019287
 9019764
 9020378
 9017852
 9017145
 9020545
 9017690
 9020929
 9021139
 9019584
 9018059
 9019195
 9020079
 9021323
 9017711
 9017720
 9017748
 9018343
 1240967
 9019397
 9002867
 9007708
 9007848
 9009910
 9007925
 9008058
 9008843
 9013720
 9011055
 9011286
 9015545
 9015798
 9016836
 9015461
 1381925
 1381943
 9018087
 9018112
 9021169
 9019993
 8981312
 9018997
 1379952
 9018109
 8981717
 8992510
 8993426
 8993945
 8996181
 9006809
 9010808
 9010809
 9009617
 1379393
 9009579
 1341785
 9013177
 9011010
 9013534
 9013718
 9014513
 9014718
 9012256
 9012503
 9016438
 9015905
 9017060
 9018375
 1312277
 9020875
 9017245
 9020890
 9019317
 9019245
 1390665










