16-07-19
 9072762
 9077018
 9089416
 9092134
 9090883
 9090197
 9093494
 9094225
 9094427
 9092788
 9094892
 9098681
 9098079
 9098746
 9098243
 9096095
 9096893
 9098322
 9096102
 9081538
 9080767
 9089160
 9089234
 9091474
 9091036
 9094650
 9094707
 9095749
 9056059
 9060943
 9068969
 9083996
 9085459
 9088523
 9091538
 9088827
 9089887
 0994515
 9090722
 1324592
 9092585
 9093186
 9093414
 9094264
 9092679
 1239497
 9093806
 9093474
 9093633
 9093770
 9094083
 9092768
 9092405
 1115672
 9098297
 9096616
 9097451
 9098476
 9098604
 9097307
 9095371
 9096358
 9097310
 9095718
 9097911
 9098387
 9095529
 9097993
 9095384
 9098133
 9095305
 9096846
 9098214
 1160777
 9095707
 1376681
 9095685
 9096796
 9095997
 9094695
 9095951
 1243694
 1249048
 9095654
 9094339
 9073983
 0994506
 9083844
 9087306
 1381703
 9083732
 9083343
 9088006
 9087175
 9091194
 1359284
 9093420
 9093437
 9093475
 9093072
 9094604
 9094637
 9097709
 9097882
 9095049
 9095438
 9096209
 1243686
 1243690
 1382665
 1382667
 1382655
 1382656
 1382658
 1382666
 9062679
 9020086
 9066069
 9070554
 9076842
 1240549
 9085586
 9086152
 9087620
 9085014
 9087082
 9087180
 1331407
 1331412
 9092677
 9098809
 1115684
 9096049
 9074931
 9079256
 9091681
 9093046
 9093091
 9093152
 9093541
 1115683
 9096387
 9096391
 9095868
 9096979
 9097658
 9095403
 9098059
 1381727
 1381728
 1381807
 9095496
 9087383
 1368347
 9085196
 9089734
 9093799
 8921125
 9047134
 9047102
 9053115
 9052873
 9057712
 9056920
 9057853
 9062465
 1368337
 9061951
 1387759
 9064862
 9065302
 9064993
 9056197
 9058525
 9063525
 9074534
 9074541
 9077091
 9083685
 9088529
 9088319
 9092213
 9089807
 9091758
 1324417
 9091286
 9092396
 9093379
 9092626
 9093086
 9093842
 9094433
 9093559
 9093664
 9093868
 9093879
 9092672
 9092673
 9092624
 9093466
 9093558
 9093788
 9094476
 9094301
 9092398
 9092664
 1379264
 9093464
 9093701
 9097175
 9095969
 9098368
 9098632
 9096375
 9097509
 9097613
 9098661
 9096357
 9097867
 1341390
 9095660
 9094733
 9095757
 9095871
 9096735
 9097652
 9098200
 9098567
 9098631
 9098588
 9095451
 9095795
 9096037
 9096419
 9098061
 9098330
 9098593
 9096004
 9097808
 9097214
 9094746
 9094751
 9098487
 9098517
 9098826
 9094795
 9095018
 9096123
 9096409
 9094794
 9098091
 9097096
 9082785
 9080911
 9086641
 9085620
 9088395
 9087219
 9089835
 9091138
 1351018
 9094069
 9093959
 9094355
 9094292
 1387981
 9094212
 1236796
 9096227
 1387904
 9077321
 9081469
 9090140
 9090873
 9094368
 9093422
 9092914
 9092421
 9089187
 9094270
 9094278
 9095190
 9098019
 9048719
 9053920
 9060778
 9063949
 9065261
 9069208
 1164394
 9075128
 9076967
 9082611
 9084383
 9081704
 9085324
 9085325
 9086301
 9087975
 1332929
 9091285
 9090775
 1304556
 9091018
 9093561
 9093757
 9094290
 9092915
 9097011
 9096333
 9097749
 9094769
 9097135
 9097893
 9094798
 9097048
 1382784
 9096833
 9096036
 9097076
 9071049
 9071050
 9088055
 9087316
 9091909
 9092059
 9088901
 9079525
 9084796
 9093960
 9094872
 9098848
 9098849
 9098850
 9097694
 9097702
 9098668
 9057518
 9060298
 9066168
 9070363
 9074865
 9076803
 9079843
 9084379
 9084142
 9084390
 9082786
 1163494
 9085550
 9090227
 9089107
 1324473
 9091691
 1351023
 9093910
 9094349
 9092839
 9096856
 9094797
 9098691
 9094968
 9095325
 9098233
 9096606
 9098087
 9080729
 9088150
 1362524
 9089253
 9094458
 9090296
 9089968
 9042615
 9080658
 9081531
 9088386
 9087637
 9086062
 9089129
 9091044
 9076938
 9085600
 9086344
 9085067
 9089811
 9092241
 9088750
 9091692
 9088688
 9090710
 1390995
 9093929
 9093719
 9093424
 9093450
 9093792
 9094470
 9094499
 9093162
 1236886
 9098409
 9098477
 9098524
 9096751
 9097110
 9096743
 9096894
 9094962
 9096386
 1014521
 9097478
 9097928
 9094923
 9096687
 1324664
 9095266
 9095315
 9096121
 9097805
 9097992
 9065293
 9082066
 9088167
 9089256
 9088668
 9088680
 9088703
 9088716
 9088883
 9088884
 9089132
 9089458
 9089541
 9091823
 9092854
 9093308
 9097191
 9094988
 9097551
 9098583
 9096561
 9097691
 9088701
 9090000
 9093613
 9093440
 9093560
 9094588
 9095526
 9096040
 9097647
 9094825
 9096800
 9095353
 9096412
 1387921
 9096487
 9097701
 9096767
 1014520
 9097942
 1321741
 9095977
 9096777
 9095708
 9092849
 9090254
 9092705
 1387991
 9096324
 9084127
 9088391
 9086796
 9086742
 9088123
 9085937
 9086472
 9090825
 9091908
 9091220
 9088689
 9089428
 9089508
 9092766
 9094135
 1323651
 9093436
 9093720
 9093825
 9094401
 9094272
 9094436
 9093657
 9094187
 9093383
 9092443
 1324450
 9096823
 9097335
 9095699
 9095514
 9098159
 9098637
 9098759
 9095213
 9097507
 9098198
 9094645
 9097102
 9098510
 9096028
 9096903
 9098676
 9095716
 9095740
 1324654
 9097004
 1379635
 1371460
 9070553
 9073355
 9079259
 9078268
 9079466
 9084246
 9083880
 9083467
 9083249
 9083367
 9087434
 9087533
 9090560
 9090088
 9088817
 9091963
 1351025
 9093922
 9094142
 9097999
 9097127
 9096400
 9095306
 9097699
 9097010
 9096010
 9096675
 9096685
 9097744
 9095291
 9097192
 1371490
 9097604
 9095733
 9096642
 9095079
 9095202
 9079356
 1163455
 1163477
 9083042
 9094076
 9096822
 9094828
 9096137
 9094594
 9096575
 1354712
 9041658
 9062353
 9071535
 9077003
 9078579
 1305342
 9084801
 1297534
 9083979
 9084203
 9086302
 9087322
 1368752
 9085565
 9086817
 9089895
 9091726
 9090929
 1304554
 9090735
 9089274
 9090324
 9090338
 9093990
 1387989
 9092783
 9094099
 9092974
 9098134
 9097710
 9096835
 9096296
 9098444
 9097402
 9097183
 9096332
 9098441
 9078723
 1387952
 9087290
 9091005
 9091273
 1387971
 9090206
 9091620
 9089219
 9090698
 9090693
 9092703
 1381769
 9095641
 1115677
 9096342
 9095126
 9097355
 9096696
 9094814
 9094815
 9095207
 9097522
 9095565
 9097304
 9095432
 9096018
 9096477
 9096907
 1381331
 9094993
 9095965
 9096406
 9097167
 9097523
 1387845
 9080173
 9092266
 9093629
 9094184
 9094234
 9094512
 9093758
 9094636
 9097470
 9094792
 9095777
 9098463
 9096807
 9097678
 9098612
 9095070
 9097692
 9095698
 9098449
 8949569
 9035746
 1339864
 9044451
 9092040
 1196867
 9091050
 9090714
 9097414
 9096478
 9096996
 1368768
 9098406
 9087433
 9056891
 9064114
 9065067
 1366978
 1323272
 9063774
 9064141
 9068394
 1387824
 9079648
 9086400
 1387963
 9095843
 9079878
 9090168
 9088655
 9088925
 9094059
 9093544
 9094161
 9094509
 9094426
 9096878
 9096153
 9096366
 9097533
 9063970
 9071800
 1324068
 1243238
 9074991
 1249068
 9077799
 9088402
 1239844
 1239850
 9090060
 1239494
 9090789
 1359285
 9089067
 9089774
 9093123
 9093274
 9094282
 9094171
 9094452
 9093801
 1341254
 1341261
 9093479
 9093924
 9093384
 9092814
 9093947
 9093108
 9092592
 9093075
 9093557
 9096792
 9096219
 9097311
 9098526
 1341369
 1341371
 9096809
 9098685
 9094570
 1014513
 9095442
 9094834
 9095681
 9095644
 1196898
 9098076
 1332906
 9091820
 1324551
 1324562
 9090816
 9093918
 1223732
 1223736
 9096780
 1239916
 9095272
 9095408
 9097628
 9095138
 9096359
 9098566
 9095436
 9096427
 9095091
 1390869
 9097397
 1366877
 9083653
 9081077
 9085260
 9091528
 9090804
 9092135
 9091977
 9089196
 9093255
 9092740
 9093808
 1331413
 9095248
 9098247
 1341354
 1341375
 9096783
 9095319
 9097968
 9095549
 9096351
 9096814
 9098741
 9098798
 9097064
 9097771
 1160776
 9094605
 9094721
 9095105
 9097262
 9096768
 9084856
 1239773
 9086277
 9089418
 9089630
 9091546
 1324472
 9091998
 9092439
 9093884
 9094219
 9096585
 9095802
 9095812
 9097503
 9096250
 9096775
 9097168
 9094759
 1387918
 9096081
 9097427
 9097015
 9097787
 9094701
 9098536
 9095865
 9095792
 9096310
 9096638
 1163990
 1196889
 9095816
 9051446
 9060184
 9067470
 9067472
 9067561
 9067566
 9074481
 9074492
 9079520
 9079933
 1297539
 9083654
 9086959
 9089061
 9091327
 1381336
 1387907
 9097901
 9063638
 9067312
 9090706
 9091972
 9089031
 1324432
 9092828
 9093737
 9094044
 9093952
 9094112
 1331409
 9094318
 9093048
 9098370
 9096404
 9096149
 9097245
 9095497
 9097939
 9098582
 9095016
 9095124
 9096911
 9097799
 1321742
 9098033
 9097751
 9097997
 9097797
 9098194
 9096733
 9067585
 9076178
 9079357
 9078980
 9084682
 9081573
 1239840
 9082155
 9087326
 9088301
 9087760
 9086624
 9085808
 9087675
 9086005
 9086981
 9088353
 9091567
 9091877
 9089139
 9091448
 9091163
 1323729
 9089283
 9090994
 9089998
 1324568
 1324570
 1324579
 1324580
 1324410
 9090394
 9091462
 9093249
 9092808
 1351020
 9093233
 9093786
 9094193
 9092686
 9093731
 9094220
 9094434
 9093315
 9093989
 1314741
 9093848
 9093304
 9093460
 9094447
 9094511
 9093239
 9093708
 9094298
 1387986
 1387988
 9092625
 9092966
 9093833
 9093483
 9093477
 9092657
 9094578
 9094800
 9096112
 9095821
 9098056
 9095720
 9097768
 9096212
 9098300
 9098315
 9098733
 9098743
 9098754
 9098619
 9095121
 9095846
 9094649
 9094760
 9094762
 9094788
 9097117
 9097419
 9097601
 9098266
 9098294
 9096598
 9098176
 9094943
 9095606
 9096059
 9097460
 9098628
 9097664
 9097896
 9098145
 9098634
 9097779
 9096825
 1236969
 9097273
 9098378
 1376684
 9098042
 9095747
 1202735
 9096779
 9096802
 9096811
 9065773
 9084220
 9088421
 9087978
 9089308
 9082516
 1291407
 1291408
 9084151
 9085679
 1291417
 9088393
 9085520
 9092461
 9093432
 9092414
 9092684
 9092523
 9082696
 9081465
 9088954
 9090848
 1371479
 9090395
 9089060
 9092911
 9093640
 9094287
 9092514
 9092764
 9093493
 9096652
 9098385
 9094603
 9097059
 9097684
 9095521
 9094796
 9098645
 9096840
 1359299
 9080851
 9087832
 9089543
 9092619
 9092475
 9092527
 9096875
 9095754
 9095051
 9095244
 9097480
 9097990
 9098752
 9096941
 9096990
 9096292
 9098622
 9095594
 9095942
 9097494
 9095182
 9097181
 9054641
 9090570
 9089133
 9096268
 9095077
 9097639
 9055302
 9061952
 9061237
 1341584
 9079622
 9080032
 9082289
 1126982
 1341627
 9081731
 9083584
 9087394
 9086665
 9092179
 9092290
 1323712
 1323728
 9089384
 9093639
 9094024
 1351015
 9094210
 9094053
 9094113
 9093588
 9093608
 9094387
 9092518
 9096910
 9098472
 1341368
 9095973
 9075014
 9082767
 9081300
 9084212
 9088411
 9088424
 9087536
 9085298
 9091183
 9091905
 9092171
 9090186
 1223748
 9093765
 9094268
 9094367
 9094047
 9092553
 9093627
 9094110
 9093090
 9096534
 9096682
 9097563
 9097510
 9098172
 9096423
 9095223
 9096658
 1341386
 9095687
 9097156
 9095067
 9095746
 9097219
 9097948
 9095790
 9097833
 9098075
 9098192
 1387913
 9097851
 9098027
 9095061
 9098226
 9097247
 9098386
 9095269
 9094700
 9098301
 9096398
 9098416
 9094688
 9096505
 9097043
 9097748
 9097315
 9097373
 9097890
 9095632
 9097323
 9095137
 9096374
 9096845
 9072294
 9075957
 9080811
 9083707
 9086303
 9086832
 1284469
 9088516
 9085216
 9086147
 9090622
 9094467
 9093456
 9093670
 9092865
 1115679
 9098064
 9094977
 9095054
 9097548
 9096218
 9097796
 9095163
 9095262
 9098720
 9098117
 1160778
 9096830
 9095807
 9096022
 9095615
 9097832
 9070656
 9085431
 9095417
 9096975
 1339686
 9094208
 9098100
 9098328
 9098671
 9098700
 9098739
 9095400
 9097378
 9095062
 9097636
 9097646
 9095544
 9096247
 9097063
 9095057
 1327068
 9069957
 9071182
 9075879
 9080833
 9085521
 9085184
 1239482
 9088857
 9088858
 9084226
 1366101
 9056747
 9064626
 9071300
 9078622
 9077263
 9084154
 9086000
 9085154
 1163324
 9092022
 1387961
 9089672
 9092246
 9089145
 9089671
 9091815
 9091976
 9089050
 9089468
 9090555
 9094249
 9093599
 9094489
 9093374
 9094326
 9094395
 9092909
 1390852
 1381770
 9092427
 9096812
 9098735
 9098334
 9096264
 9097623
 9094656
 9095904
 1390870
 9097013
 9095850
 9065504
 9067290
 9069223
 9069603
 9073825
 9071793
 9073111
 9071702
 9075544
 9077051
 9077062
 9078085
 9079085
 9080335
 9079955
 9079150
 9079158
 9078370
 9077401
 9077584
 1196811
 9082366
 9083426
 1341509
 9084338
 9084624
 9084198
 9081909
 9081918
 9081926
 1014509
 9080858
 9081611
 9082148
 1196739
 1196742
 9086231
 9087011
 9087580
 9086269
 1387887
 9086756
 9085171
 1330898
 1146269
 9087074
 9091103
 9091423
 9092036
 9092195
 9091167
 9090762
 9088762
 9093605
 9094334
 9093141
 9094294
 9093938
 9093454
 9093885
 9093876
 9096070
 9096957
 9094791
 9096207
 9097673
 9098426
 9095388
 9096951
 9098410
 9098518
 9098521
 9098028
 9098690
 9095940
 9097014
 9097763
 9043230
 9057696
 9064795
 9075174
 9075399
 1286522
 1286524
 1223746
 9093838
 9093553
 9092927
 0978778
 1010833
 0979495
 0979496
 9095490
 9094697
 9097443
 9095010
 9095133
 9095204
 9096641
 9097222
 9098207
 1387915
 9097130
 9097501
 9094587
 9094718
 9094833
 9095763
 9097459
 9096223
 9097309
 9095880
 9096795
 9094284
 9095894
 1381731
 9069404
 9098574
 9069490
 1240795
 9092138
 9089108
 1323710
 9094488
 9093782
 9095510
 9098497
 9095635
 9097853
 9098513
 9094764
 9096301
 9096647
 9098452
 9095228
 9097508
 9098169
 9095703
 1010657
 9094590
 9094698
 9064079
 1322384
 9086785
 9087443
 9091294
 9091003
 9091624
 9091827
 9093606
 9093966
 9093191
 9096924
 9097161
 9096482
 9097703
 9097931
 9095680
 9096661
 9097052
 9095342
 9097921
 9096862
 9096287
 9098046
 9096117
 9094827
 9095188
 9097301
 9097354
 1202736
 9063461
 9074539
 9077856
 1236854
 9077540
 9082596
 9086802
 9087340
 9087049
 9086874
 9092192
 1239486
 9092153
 9090664
 9090097
 1324555
 9094078
 9094289
 9092922
 9093121
 1381335
 9093877
 9098149
 9097715
 9096692
 9098420
 9095149
 9096067
 9098369
 9095208
 9096955
 9073153
 9074664
 9076053
 9080391
 9085522
 9091348
 9090436
 9091677
 9089973
 9092463
 9093800
 9093038
 9093540
 9092510
 1010834
 1324447
 9092767
 9093619
 9092639
 9094275
 9096782
 1341389
 1239856
 9098509
 9096738
 9096763
 9098689
 9097712
 9096995
 9098834
 9097370
 9083656
 9082949
 9091215
 9089314
 9091475
 9091490
 9089690
 9094409
 9093216
 9092968
 9093125
 1236883
 9096928
 9096422
 9097124
 9095346
 9097217
 1366808
 9097139
 9097644
 9097881
 9097889
 1236970
 9094961
 9096691
 9095020
 9075924
 9078145
 9082958
 1332963
 1332269
 1368349
 9089784
 9093011
 1236917
 1381319
 9092505
 9097326
 9098072
 9095185
 1381510
 9096144
 9098316
 9095992
 9068469
 9071507
 9079293
 9079522
 9083136
 9083329
 9080939
 9084032
 1323675
 9087509
 9088328
 9086103
 9087471
 9085017
 9086466
 9091491
 9091198
 9091216
 1323727
 9090795
 9091197
 9091274
 9089489
 9090487
 9091324
 9092099
 1324569
 9094557
 9093501
 9094052
 9094453
 9094478
 9093583
 9093058
 9093183
 9093470
 9093660
 9093742
 9093762
 9094496
 9094336
 9093598
 9093840
 1236918
 1236797
 9094276
 9092417
 9093396
 9093772
 9092513
 9092519
 9092531
 9095127
 9096048
 9098629
 9097536
 9098317
 9098493
 9096291
 9096448
 9098135
 9098466
 9098581
 9095804
 9096815
 9097204
 9097802
 9097823
 1341356
 1341378
 9097607
 1239910
 9095375
 9095536
 9095643
 9096741
 9097193
 9097891
 9097953
 9098284
 9097677
 9095739
 9097321
 9097671
 9098239
 9098250
 9098439
 9098551
 9098607
 9098614
 9098660
 9098701
 9097325
 9098228
 9098389
 1387916
 9095101
 9095772
 9096586
 9095863
 9097365
 9096700
 9097837
 9098017
 9098688
 9098692
 9095136
 9095463
 9097981
 9096425
 1324653
 9094773
 9094633
 9094865
 9094868
 9098447
 9095196
 9096985
 9075913
 9078097
 9084014
 9088519
 9088271
 9086166
 9091146
 9091928
 9090431
 9089091
 9090377
 9093209
 9093818
 9092666
 9093634
 9092530
 9095688
 9096684
 9096756
 1341278
 9096904
 9094613
 9095783
 9097807
 9098051
 9042644
 9056071
 9078392
 1196800
 9087753
 9089169
 1381725
 9094713
 9096804
 9098153
 9095932
 9064315
 9089524
 9080326
 9083764
 9080891
 9081610
 9088515
 9091809
 9091731
 9094451
 9095630
 9098254
 9098262
 9096135
 9096020
 9095593
 9096146
 9101892
 9102576
 9101052
 9101686
 9101734
 9102108
 9102119
 9102459
 9102264
 9102347
 9102482
 1387946
 9102273
 9101561
 9099492
 9099191
 9101469
 9078380
 1387877
 9082300
 9091735
 9092655
 9092469
 9094866
 9097163
 9098642
 9094584
 9095745
 9095776
 9102529
 9102098
 9101035
 9101038
 1324490
 1196922
 9099172
 9066930
 9064341
 1324394
 9076481
 9078759
 9085975
 1324460
 1324461
 1324465
 9093276
 9093139
 9093626
 9093337
 9097680
 9096364
 9094806
 9098023
 9097645
 9094708
 9096428
 9098454
 9096693
 9100417
 9100493
 9101050
 9100628
 9102315
 9102496
 9101117
 9102283
 9100624
 9099526
 9099553
 9100279
 9101845
 9101959
 9102375
 9100212
 9102041
 9102473
 9102631
 9100552
 1160389
 9101019
 9101060
 9101390
 9099466
 9100641
 9099378
 9100006
 9100439
 9100847
 9100518
 9090495
 9095867
 9097667
 9093986
 9092433
 9095505
 9070486
 9089773
 9092413
 9090451
 1243688
 9099403
 9101287
 9099804
 9101993
 9101856
 9101884
 1390797
 9079718
 9087369
 9089300
 9092100
 9092140
 9092186
 9091377
 9091010
 9094022
 1351021
 9093507
 9093193
 9094508
 9093628
 9093673
 1322300
 9067920
 9074731
 9072882
 9073083
 9038218
 9043096
 9063241
 9070908
 9075361
 9075366
 9075369
 9082988
 9081270
 9085624
 9086182
 9086792
 9088775
 9089296
 1331406
 9093361
 9094115
 1381333
 9097215
 9097284
 9094816
 9095651
 9094643
 9094785
 1243692
 9101075
 9098924
 9101837
 1331419
 9101143
 9098882
 9100276
 1286531
 9100465
 9096728
 9088639
 9089331
 1365690
 9090361
 9093766
 9093932
 9097274
 1321748
 1373518
 9052093
 9071468
 9077186
 9077572
 9078813
 9081899
 9082421
 9082156
 9090236
 9092149
 9089035
 9089353
 9092062
 9093850
 9093856
 9093859
 9093014
 9093711
 9093874
 9092859
 9093729
 9098039
 9097042
 9097413
 9095962
 9096744
 9097665
 9098558
 9098508
 9098219
 9096615
 9097571
 9096851
 9096737
 9094670
 9100642
 9102649
 9099416
 9101887
 9100827
 9102483
 9099238
 9099794
 9099920
 9100011
 9100375
 9101591
 9102487
 9102543
 1373529
 9100607
 9102109
 9098915
 9101722
 9102301
 9099744
 9099137
 9102037
 9099291
 9101492
 9099530
 9100423
 9101983
 9102183
 1160353
 1160795
 1236982
 9100580
 9101960
 9102530
 9098885
 9100426
 9100176
 9099158
 9101397
 1249806
 9090605
 9093648
 9101007
 9100782
 9101857
 1236974
 9093671
 9096740
 9095072
 9094544
 9076479
 9085846
 1387969
 9090386
 9093630
 9093327
 9095748
 9095085
 9096461
 9096038
 1291590
 9096948
 9097648
 9095300
 9102519
 9100204
 9100291
 9100245
 9101072
 9101896
 9100145
 9101716
 9102462
 9099768
 9100202
 9100349
 9089614
 1359293
 9078595
 9050049
 1126953
 9065317
 9068553
 9090043
 9088853
 9088899
 9089263
 1239782
 9093469
 9092426
 9095229
 1341351
 1341392
 1239925
 9097954
 9097366
 9101086
 9101125
 1373503
 9100127
 9101065
 9102587
 9099248
 9099450
 9043522
 9082834
 9092268
 9091086
 9090529
 9092009
 9093480
 9092620
 1361500
 9074879
 9077954
 9077369
 9078449
 9081874
 9086335
 9092361
 9087563
 9091110
 0994514
 9090681
 9092418
 9094454
 9094185
 9097922
 9096771
 9095042
 9094947
 9102600
 9101091
 9100667
 9101905
 9098902
 9100901
 9102111
 9102150
 9100026
 9100362
 1362476
 9100473
 1327075
 9071126
 9071093
 9071072
 9071420
 9075578
 9075147
 9075439
 9075441
 9065607
 9090534
 9089535
 9095743
 9095674
 1387901
 9097202
 9100455
 9101158
 9101992
 9102224
 9099309
 9099740
 9083128
 9087676
 1387968
 1371489
 9089381
 9094295
 9094034
 9097970
 9098351
 9096670
 9095383
 9097845
 9096096
 9098996
 9100342
 9099532
 9101350
 9101811
 9101073
 9101200
 9101762
 9100258
 9101508
 1366754
 9100930
 1160373
 9101729
 9099987
 9099892
 9099979
 9099908
 9101209
 9100312
 9100548
 9100483
 9095393
 9094342
 9094431
 9097218
 9097650
 9098706
 9099314
 9099599
 9102154
 1188053
 9083543
 9084967
 9085478
 9087731
 9089889
 9089033
 9094223
 9092681
 9093165
 9094033
 9093919
 9093106
 9094487
 1236901
 9094180
 9094188
 1390855
 9093143
 9098440
 9095737
 9095648
 9096791
 9097558
 9097830
 9096799
 9097046
 9096133
 9095830
 9097350
 9097290
 9094855
 9096824
 9102557
 9102491
 9101598
 9102512
 9101078
 9101071
 9102137
 9101101
 9102181
 9101930
 9099000
 9100521
 9102446
 9100600
 9100914
 9100749
 9101764
 9099173
 9100550
 9077005
 9083223
 9086634
 9090484
 9091545
 9093577
 1115676
 9097382
 9095974
 9096258
 1371491
 9098819
 9094837
 9102105
 9100672
 9100692
 9099814
 9101946
 9102380
 9099400
 1371495
 9101255
 9099896
 9101809
 9100908
 9099010
 9100715
 9100941
 9100916
 9048673
 9050869
 9054911
 9054165
 9057707
 9058504
 9064126
 9066320
 9064350
 9066165
 9067752
 1196781
 9075015
 9078394
 9080014
 9077397
 9076904
 9078462
 9083462
 9081650
 9080815
 9081126
 9085622
 9087252
 9087344
 9086346
 9088093
 9088842
 9092355
 9089244
 1243676
 1243677
 1243678
 9090161
 9093057
 9095424
 9094819
 9096402
 9096659
 9095730
 9095911
 9097593
 9096369
 9095822
 9097902
 9097933
 9099534
 9101225
 1387932
 1387938
 1387949
 9100143
 9100395
 1160792
 9101330
 9101097
 9067310
 9074293
 9085391
 9091533
 9091870
 9092781
 9096389
 9097029
 9097713
 1387906
 1387919
 1387920
 9097741
 9095723
 9097886
 9098325
 9096484
 9097683
 9098778
 9096262
 9097352
 9101033
 9100685
 9101149
 9100370
 9100201
 1387931
 1387942
 1189566
 9101972
 9101977
 9101981
 9099895
 9100366
 9102158
 9102403
 9100707
 9101911
 9101260
 9100124
 9100802
 9101770
 9100476
 9049128
 9079598
 9090295
 9094899
 9095667
 9096399
 9098256
 9095142
 9096433
 9097972
 9097611
 0978958
 9099795
 9101841
 9102401
 9102442
 9101112
 9101539
 9099055
 9101726
 9100675
 1324488
 9101026
 9101282
 9098052
 9065411
 9072765
 9079980
 9088586
 9089163
 9096772
 9097995
 9101688
 9100886
 1387934
 1387947
 9094156
 1236884
 9075597
 9078176
 9088182
 9093538
 9093923
 9098450
 9095485
 9099881
 9101133
 9102234
 9100057
 9101077
 9080393
 1381778
 9083687
 1390963
 9085799
 9091129
 9089528
 1379232
 9093793
 9097296
 9096260
 9096681
 1379238
 9096636
 9098136
 9098011
 9099853
 9102395
 9101723
 1312244
 9102085
 9101472
 9101166
 9100803
 9101157
 9099897
 9077362
 9090819
 1324566
 9093441
 9095460
 9096581
 9097417
 9097662
 9096222
 9096713
 1236961
 9095725
 9098269
 9099033
 9102215
 9101791
 9054944
 9061918
 1354742
 9075636
 9082019
 9086525
 9086593
 9092074
 9089868
 9091687
 9089554
 9093998
 9093465
 9093324
 9094443
 9096197
 9095192
 1341391
 9097054
 9097071
 9097511
 9097651
 9098078
 9098468
 9096686
 9098577
 9098580
 9095237
 9096973
 9096854
 9098162
 9096630
 9097044
 9094573
 1243681
 9097070
 1249476
 9095386
 9100627
 1332286
 1332291
 9099834
 1373528
 9099307
 9100776
 9100788
 9100874
 9102032
 9102173
 9100029
 9100696
 9100994
 9101607
 9102278
 9102282
 9102381
 1387607
 9099634
 9099037
 1366751
 1236983
 9099074
 9099156
 9101066
 9101074
 9101327
 9101155
 9099576
 9099829
 9101372
 9068645
 9084251
 9086238
 9086389
 9086428
 9086300
 9086734
 9093903
 9098512
 9097895
 9097182
 9096629
 9095907
 9098341
 9095538
 1339919
 9094575
 9096706
 9102610
 9102650
 9100412
 9100154
 9102176
 9100408
 9099342
 9100785
 9101294
 9101403
 9100435
 9101954
 9100786
 9099441
 9099202
 9100564
 9057555
 9063768
 9076137
 9078792
 9082559
 9081301
 9081342
 9081349
 9082169
 9093305
 9094065
 9093554
 1366814
 9100036
 1305312
 9075298
 9084659
 9093511
 9097584
 9098560
 9094967
 9097610
 9099691
 9100230
 9101721
 9100367
 9100799
 9100679
 1331420
 1160797
 9102185
 9075045
 9084507
 9090085
 9090702
 1324571
 9090782
 9094484
 9094017
 9093004
 9093458
 9094388
 9094397
 9094432
 9093288
 9093548
 9093594
 9093140
 9093153
 9094322
 9092972
 9093243
 9093290
 9096346
 9095167
 9098710
 9095832
 9098163
 9102636
 9100273
 9101110
 9102361
 9101889
 9100290
 9100508
 9100998
 9101849
 9102130
 9102372
 9102508
 9099509
 9102029
 9102080
 9102211
 9100551
 9101513
 9101640
 9100392
 9102330
 9102453
 9102478
 9102635
 9102212
 9100309
 9102208
 9102379
 9100842
 9102620
 9100237
 9100905
 9102125
 9102250
 9102502
 9101990
 9102218
 9102393
 9101814
 9100386
 9099790
 9102056
 9091802
 9093426
 9078791
 9079285
 9079296
 9077136
 9079673
 9095801
 1366828
 9097614
 9101548
 9100396
 9099305
 9060228
 9081645
 9090519
 1371480
 9088907
 1381721
 9098818
 1381509
 9099316
 9099322
 9099718
 9101835
 9100606
 9099298
 9101387
 9100043
 9099090
 9101090
 1286533
 9099483
 9083985
 9089387
 9091265
 9098342
 9096371
 9096031
 9098923
 9100338
 9099087
 9101717
 1324486
 9099727
 1324573
 9091727
 9091745
 9095501
 9096952
 9101651
 9100000
 9099315
 9099358
 9100897
 9101613
 9102219
 9100796
 9099733
 9100630
 9090729
 9099288
 9079304
 9088525
 9090399
 1128334
 9096994
 9101928
 9099393
 9101868
 9101129
 9099335
 9077772
 9087970
 9090870
 9090304
 9094095
 9096480
 9097206
 9097241
 9098034
 9097557
 9097784
 9096936
 9095548
 9098199
 9097145
 9099145
 9100818
 9101022
 9102352
 9098931
 9099773
 9100096
 9100846
 9101142
 9101660
 9102522
 9101305
 9099395
 9101851
 1341283
 1373501
 9101843
 9101630
 9101895
 9102397
 9102639
 9102059
 1387944
 9100746
 9098893
 9099392
 9100067
 9100708
 9100399
 1160386
 9098984
 9101331
 9101608
 9099280
 9099661
 9099687
 9100939
 9100968
 9100441
 9100448
 9099596
 9101144
 9099465
 9102624
 1381076
 9081557
 9084595
 9091186
 1314735
 9093587
 9095448
 9095794
 9102611
 9102382
 9101311
 9101018
 9101707
 9099967
 9100166
 9100965
 9101058
 9101057
 9101787
 9101886
 1236980
 9099563
 9101266
 9100791
 9099049
 9101335
 9089231
 9078971
 9098878
 9095074
 9095247
 9094687
 1291429
 1366827
 9095741
 9095508
 1010651
 1243682
 9096198
 9100687
 9102514
 9102532
 9100235
 9099901
 9101752
 1387923
 1387926
 1387935
 1387608
 1252629
 9098988
 9099385
 9100558
 9100645
 9100671
 1324493
 1324491
 9098978
 9100755
 9099359
 9100594
 9059789
 9060322
 9073753
 9083403
 9098677
 9095194
 9097974
 9097798
 9097038
 9100868
 9083857
 9083027
 9087296
 9091064
 9089126
 9094200
 9093181
 9097187
 9097454
 9098431
 9097341
 9097775
 9097486
 9095527
 1196887
 9102485
 9101242
 9102387
 9101045
 9100663
 9101629
 9102008
 9102396
 9102422
 9101194
 9102139
 9100371
 9100989
 9099221
 9049111
 9063504
 9063597
 9063603
 9064544
 9077455
 9085114
 1284470
 1324466
 9091196
 9090517
 9093081
 9094648
 9096764
 9095769
 9097487
 1010653
 1010659
 1010845
 9094996
 9096469
 9098040
 9102504
 9102651
 9102605
 9099843
 9102419
 9099034
 1373506
 1373510
 1373512
 1373531
 9100433
 9099578
 9102312
 9102480
 9099883
 9102437
 9101952
 9100578
 1304570
 9100330
 9100013
 9101092
 9101987
 9101224
 9101453
 1390771
 9078663
 9083065
 9086266
 9088243
 9092075
 9090513
 9092048
 1332949
 1332276
 1341387
 9095075
 9096169
 9098470
 9097961
 9095984
 1366830
 9094945
 9094950
 9097553
 9096662
 9097544
 9097591
 9098305
 9099075
 0978962
 9100573
 9101559
 1373524
 9099095
 9099649
 9100299
 9102099
 9102116
 9102536
 9101328
 9099200
 9099203
 9100721
 9102246
 9099015
 9099024
 9099638
 9102534
 9101829
 9099505
 9101231
 9100052
 9102107
 9102235
 9101163
 9101808
 9102179
 9101416
 9102100
 9100398
 9100414
 1381730
 1381341
 9100513
 1312245
 9098648
 9100055
 9079858
 9083591
 9090969
 9093820
 9092466
 1010835
 9098210
 9094902
 9096620
 9100438
 9102573
 9100653
 9102163
 9101745
 9099912
 9062181
 9069574
 0964864
 9078543
 9090503
 9095670
 9095638
 9097528
 9098748
 9095994
 9100784
 9101648
 9100626
 9100574
 9101479
 9099960
 9100416
 9100794
 9099921
 9100540
 9100568
 1160374
 1160791
 9101257
 9101979
 9101407
 9100684
 9101820
 9102155
 1011144
 1010894
 9048772
 1010760
 1010761
 9066390
 9066401
 9066412
 9070444
 9069560
 1188790
 9074500
 9077405
 9079913
 9079511
 9081769
 9085383
 1332926
 9091529
 9092107
 9090777
 9094473
 1381310
 9098332
 9098077
 9098531
 9098350
 9098616
 9095466
 1160783
 9098483
 1381513
 9098975
 9100182
 9101773
 9101982
 9100458
 9100478
 9101044
 9101227
 9102255
 9100008
 9099190
 9101261
 9070938
 9076070
 9080264
 9080463
 9080466
 9081029
 1239460
 9089506
 9093748
 1312629
 1196864
 9092131
 9090042
 9092747
 9093009
 9094192
 9092659
 9098606
 9098070
 9102568
 9102647
 9101417
 9102166
 1341497
 1373504
 1373517
 1239946
 9099399
 9100854
 9099603
 9099789
 9100032
 9100147
 9101138
 9101731
 9101107
 9099324
 9100805
 9099670
 1196916
 9099162
 9101512
 9076350
 9083066
 9087148
 9087963
 9089627
 9089311
 1361496
 9094383
 9098123
 9098528
 9094686
 9094874
 9096110
 9096926
 9095050
 9101798
 9100267
 9100816
 9101184
 9101198
 9101507
 1324482
 1324483
 1324484
 9082634
 9088657
 9095576
 9071780
 9079891
 9077959
 1239838
 9084239
 9087692
 9086154
 1223729
 9090067
 9090989
 9091721
 9091822
 9092004
 9089867
 9089661
 9088797
 9094211
 9092676
 1341267
 9093430
 9094495
 9092970
 1387976
 1387996
 9093814
 9093821
 9093839
 9094692
 9097525
 9094845
 9095134
 9097660
 9098625
 9096901
 9098235
 1387914
 9095520
 9097632
 9095338
 9097359
 9095239
 9096690
 9099068
 9100194
 9101131
 1354943
 9099224
 9101485
 9101701
 9101945
 9102349
 9099255
 1373516
 9099019
 9099303
 9101059
 9101464
 9100888
 9100895
 9101702
 9102384
 1387937
 1387943
 9100160
 9101980
 9100190
 9102237
 9101624
 1160391
 9101415
 9101893
 9099605
 9100984
 9101410
 9102439
 9099911
 9099975
 9100559
 9099823
 9100255
 9099602
 9099678
 9100325
 9099762
 9100164
 9101135
 9099294
 9099310
 9099594
 1286534
 9100114
 9084395
 9084244
 9081092
 1381507
 9088965
 1115681
 9097907
 9096942
 9096655
 9097440
 9094682
 9102102
 9102270
 9102351
 9100728
 9101772
 9101389
 9100640
 1387842
 9078368
 9090047
 9097475
 9101174
 9101498
 1236976
 9083086
 9087901
 9097986
 9094706
 9098761
 9094681
 9096017
 9098833
 9095912
 1243693
 9098704
 9098707
 9098713
 9098718
 9100614
 9099779
 9099784
 9102451
 9099401
 9101318
 9099962
 9101049
 9100570










