16-07-26
 9088924
 9096787
 9099572
 9109898
 9106433
 9107034
 9114051
 9113234
 9115031
 9117246
 9117497
 9117603
 9117699
 9115969
 9117547
 9117348
 9118810
 9120331
 9120137
 9120557
 1378162
 9116110
 9116133
 9116943
 9118119
 9118623
 9120386
 9119477
 9119456
 9119474
 9118562
 9060781
 9085638
 9091706
 9094917
 1332284
 9107890
 9114446
 9113893
 9113614
 9115513
 9115515
 9117709
 9117393
 9117843
 9118904
 9118909
 9119066
 9118722
 9120021
 9120081
 9118780
 9119717
 9120562
 9120342
 9120187
 9118500
 9119919
 9119927
 9118099
 9119820
 1366684
 9119064
 9119438
 9119469
 9119718
 9118083
 9118919
 9120624
 9118429
 9118586
 9108348
 9105010
 0978770
 9104419
 9106177
 9103333
 9103237
 9109830
 9109884
 9109750
 9106773
 9105175
 9111078
 9111146
 9112425
 1378164
 1176206
 9119912
 1364321
 9118256
 9119152
 9118065
 9095918
 9099742
 9101693
 9105311
 1353907
 9112124
 1160532
 9116768
 9116815
 9092288
 9092982
 9094098
 9098617
 9075229
 9081283
 9088862
 9088876
 1382799
 9102691
 9103323
 9104733
 1243706
 9106591
 9107760
 9110746
 9110749
 1394010
 9111237
 1331444
 9118325
 9114566
 1191917
 9120062
 9118895
 9118507
 9118764
 9118552
 1253872
 9118136
 1160543
 1196947
 9111044
 1332767
 1340000
 9115514
 9113441
 9084606
 9110861
 9110952
 9110895
 9114501
 9112556
 9114740
 9117523
 9116694
 9115792
 9115804
 9115876
 9117423
 9114816
 9114826
 9120738
 9120971
 9120976
 9119725
 9118931
 9119141
 9119210
 9120676
 9120870
 9118593
 9119560
 9119985
 9120361
 9120715
 9118054
 9119532
 9119543
 9119605
 9120001
 1341431
 9118277
 9118614
 9119548
 9120076
 9120267
 9119287
 9120446
 9120791
 9120813
 9120858
 9119083
 9119425
 9119754
 9120166
 9120150
 1357777
 1357782
 9119510
 9119967
 9120300
 9120335
 9120420
 1160616
 9119633
 9118973
 9117877
 9117878
 9118285
 9118818
 9118109
 1253873
 9120093
 9096643
 9103918
 9108122
 9110889
 9112198
 9114078
 1252103
 9115422
 9101806
 1332841
 9111916
 9116123
 1163996
 9115739
 9103866
 1358231
 1371470
 9088564
 9086581
 9090258
 9101855
 9106144
 9107688
 9110220
 9112577
 9111498
 9114377
 9114384
 9115119
 9116919
 9117370
 9117431
 9116722
 1366658
 9114843
 9115765
 9119861
 9119127
 9117965
 9117988
 9118358
 9118997
 9119757
 1390569
 9119843
 1202553
 9110070
 9107477
 9114456
 9114808
 9117473
 9064584
 1332992
 1332994
 9080947
 1331401
 9111132
 9112468
 1359050
 9114373
 9115362
 9117097
 9117341
 9117343
 9116135
 9116341
 1365814
 9116311
 1010071
 9118495
 1341426
 9119150
 9118599
 9118738
 9120623
 9117955
 9119413
 1160860
 9117906
 9118467
 9118323
 9119940
 9108080
 1358282
 9112388
 9113416
 9112224
 9111496
 9110495
 9111775
 9113813
 9117243
 9114925
 9086091
 9099919
 1249805
 1196928
 9110072
 9108973
 9109978
 9108065
 9110046
 9107161
 9110267
 9110549
 9113059
 9111431
 9114429
 9111642
 9111489
 9114863
 9117279
 1239861
 9116194
 9115775
 9115782
 9116675
 9116909
 9116857
 9115186
 9115429
 9119333
 9119341
 9118714
 9119482
 9118839
 9118843
 9119849
 9119903
 9120236
 9120424
 9120752
 9118088
 9118173
 9120612
 9119709
 9119375
 9119489
 1365909
 9118158
 9119589
 9118827
 9119297
 9118939
 9115941
 9101521
 9103451
 9103030
 1378013
 9107586
 9108207
 9108297
 9113227
 9114062
 9113251
 9113113
 9114766
 9117086
 9116796
 9117891
 9118477
 9120690
 9120714
 9120568
 9119357
 9119873
 9097758
 1239963
 9105485
 9107728
 9112157
 9113000
 9112166
 9113755
 9115496
 9115781
 9117030
 9117511
 9117933
 9119268
 9118524
 9118653
 9119672
 9120312
 9118921
 9120427
 9119715
 9117871
 9119098
 9119567
 9113722
 1393985
 9112185
 9116712
 9117448
 9116200
 9118132
 9119262
 9120359
 9120640
 1297954
 1223743
 9104412
 9103533
 1223829
 9106404
 9108510
 9110704
 9110573
 9110155
 9110172
 9110398
 9110531
 9111106
 9112562
 9111777
 9115460
 9115469
 9115641
 9116249
 9117230
 9116445
 9115851
 9114813
 9116357
 9114753
 9114772
 9115005
 9118900
 9118797
 9118892
 9119442
 9120687
 9120761
 9120788
 1315152
 9120214
 9119712
 9119852
 9118706
 1339748
 9102141
 9104285
 9104478
 9105108
 9105532
 9104557
 9105854
 9108577
 9109560
 1378048
 9109612
 9109667
 9107758
 9110325
 9110379
 9110468
 9110784
 9110272
 9112403
 9111541
 9111550
 9114181
 9111586
 9117350
 1378156
 9115584
 9117513
 9119678
 9119129
 9118958
 9119968
 9118698
 1359303
 1359305
 9118889
 9119373
 9120235
 9120337
 1202087
 9101832
 9111568
 9120089
 9120117
 9119401
 9074143
 9072312
 9078315
 9078858
 9077122
 9086905
 9086932
 9086957
 9086968
 9086157
 9092260
 9090256
 9090268
 9090288
 9089350
 1188797
 9100712
 9101240
 9102221
 9100745
 9100323
 9104931
 9104908
 9107387
 9110470
 1339195
 1339196
 9110263
 9111823
 9112519
 9112247
 1294048
 1393981
 1328428
 9117076
 1191918
 9118635
 9119115
 9119950
 1378172
 9119687
 9120500
 1160636
 9118135
 9118268
 9119494
 9119188
 9119184
 9118886
 1202594
 1327107
 9116961
 9115459
 9115694
 9117044
 9118139
 9120650
 9120294
 9120184
 1378173
 1252059
 9118330
 9120780
 9118553
 9120362
 9119042
 9119342
 9120000
 9120762
 9118411
 1390565
 1366809
 9108745
 9109980
 0978975
 9110955
 1239982
 9112150
 9113777
 9113654
 9114205
 9114444
 9113487
 9112221
 9117468
 9116777
 9116566
 9117593
 9117686
 9115030
 9119399
 9118715
 9055639
 9057432
 9056431
 9058998
 9060798
 9084717
 9090475
 9098267
 9100879
 9112596
 9083063
 9086189
 9089388
 9099139
 9109459
 9112709
 9115867
 9120970
 9120857
 9047477
 9050929
 9053046
 9089478
 9076808
 1323667
 9087857
 1323722
 1323726
 1341357
 9100119
 9099126
 9104145
 9105954
 9105915
 9103528
 9105318
 9109263
 1310939
 9106569
 9110240
 1341405
 1341066
 1236936
 9117679
 9116116
 9116041
 9116794
 9115239
 9116567
 9117392
 9114687
 9115733
 9117452
 9115863
 9118301
 9119855
 9119886
 9120073
 9118808
 1314749
 1341421
 1341434
 1297960
 9118015
 9118924
 9120173
 9118356
 9117884
 9118386
 9120224
 9118685
 9114578
 9117458
 1341441
 9119458
 1366671
 9094054
 9109452
 9108505
 9109042
 9109706
 9109894
 9109991
 9108251
 9108851
 9106470
 9108673
 9107744
 1191854
 9111896
 9111912
 9113037
 9112256
 9112484
 9111382
 1177914
 9115721
 9116485
 9116390
 9114875
 9117310
 9114619
 9116534
 9116541
 9114645
 1332795
 9120412
 9118899
 9119837
 9120747
 9120821
 9119252
 9118197
 9118134
 9119001
 9118147
 9118988
 9098464
 9105799
 9104357
 9109102
 9109903
 9108536
 9108918
 9114023
 9113512
 9111437
 1324713
 9116473
 9115771
 1160529
 9116955
 9117641
 9114660
 9115790
 9116097
 9118879
 9118051
 9118792
 1341415
 9120276
 9120410
 9120439
 9120758
 9119979
 1378166
 1378177
 9120667
 1160615
 9118150
 9118361
 1379316
 8989701
 9046177
 9046974
 1366997
 9081388
 9085359
 9088670
 9094951
 9095398
 9096514
 9096634
 9098874
 1304569
 9105895
 9105613
 9109034
 9110376
 1176202
 9114178
 9114196
 9114238
 1372240
 1372205
 9115558
 9116505
 9116546
 9120452
 9118696
 9119502
 1252060
 1379250
 9118236
 9118244
 9119213
 9118989
 9113081
 1240621
 9116824
 9115456
 9116594
 9120237
 1378163
 9118052
 9119805
 9120174
 9098875
 1332288
 9102093
 1387948
 9100999
 9102064
 9099824
 9104563
 9105014
 9105150
 1234235
 9104102
 9105829
 9106471
 9108053
 9107548
 9111433
 9113237
 9111788
 9116309
 1160534
 9117406
 9098952
 9104887
 9108936
 9108064
 9108352
 9113184
 9112430
 9114095
 9114163
 9113341
 9111600
 9111671
 9113457
 9113610
 9112641
 9117700
 9116264
 9115932
 9115345
 9116186
 9116873
 9116986
 9115622
 9117436
 9117046
 9116119
 9116183
 9120869
 9120872
 9119181
 9119379
 9117806
 9118177
 9119112
 9120558
 9120629
 9120692
 9120801
 9120826
 9118497
 9118399
 9118968
 9118992
 9119309
 9120349
 9120665
 9120711
 9119740
 9120563
 9120708
 1378168
 1378178
 9119578
 9120467
 9118273
 9120039
 9120760
 9117846
 9120265
 9119572
 9107231
 9083487
 9086370
 9090926
 9091367
 9112851
 9114783
 9118522
 9119760
 9118100
 9118305
 9119938
 9120763
 9119161
 1291989
 1291990
 1291991
 1291992
 1291993
 1291994
 1291996
 1291997
 9119485
 1359307
 1359216
 9120944
 9120945
 9117970
 9117935
 9118733
 9119304
 9119288
 1372470
 9114688
 9119292
 9118227
 9117844
 9119488
 9120031
 9099954
 9107603
 9108744
 9107910
 9111133
 9116305
 1393997
 9119499
 9119594
 1315106
 9118003
 9118436
 9118400
 9119051
 9119492
 9081345
 9094916
 1362477
 9105111
 9103614
 9114506
 9112463
 1194196
 9114891
 1373207
 9116677
 9120355
 9119110
 9107262
 9112685
 9112758
 9111200
 9113204
 9112889
 9116628
 9117140
 9117391
 9114907
 9115234
 9116468
 9117888
 9119812
 9117845
 9120525
 1191912
 9119596
 9120138
 9120371
 9120384
 9120454
 9120668
 9120686
 1268124
 1341428
 9118550
 9118809
 9118990
 9119439
 9118126
 9119908
 9119935
 9117929
 1357770
 9118796
 9119197
 9120121
 9118604
 9119728
 9119987
 9120435
 9118824
 9118321
 9119123
 9119391
 9119692
 9118428
 9119327
 9119339
 9118203
 9118275
 9118826
 9119996
 1202682
 9116950
 9114971
 9115570
 9119980
 9118281
 9119043
 9119114
 1160632
 9118829
 9118893
 1390559
 9118922
 9099216
 9117442
 1339993
 9114661
 1378176
 1378149
 9117960
 9118166
 9118677
 9118907
 9118391
 1161223
 9034244
 1324347
 9057954
 9083239
 1359402
 0978974
 9113513
 9111273
 9106035
 1249818
 9114133
 1393973
 9115673
 1322403
 9117306
 9086707
 1390881
 9090462
 9111210
 9114298
 9113394
 9112921
 9113390
 9117508
 9116856
 9117043
 9115720
 9117565
 9117762
 1331441
 9115962
 9117154
 9120871
 9119848
 9119771
 9120591
 9120642
 9120659
 9080902
 9080906
 9089600
 9095677
 9095639
 9101395
 9098976
 9104215
 9105119
 9109718
 9107726
 9106694
 9111303
 9113125
 9111441
 9117586
 1373201
 1373239
 9115324
 9117124
 9114795
 9117772
 9116147
 9115793
 9118814
 1341433
 1341444
 9119238
 9118439
 9119610
 9119839
 1387965
 1387985
 1387903
 1378043
 9107142
 9108212
 9111229
 1128578
 9087147
 9088864
 1366836
 1353908
 1353909
 9109878
 1191806
 9112910
 9112711
 9111588
 9113165
 9111275
 9113017
 9116518
 1252190
 9117367
 9115384
 9119542
 1341429
 9119040
 9118390
 9118397
 9119844
 9120681
 1357787
 9119412
 9120277
 9118753
 9119352
 1372172
 1372158
 9077057
 9094092
 9100020
 9104539
 9113689
 9113516
 9112106
 1379240
 9112416
 9113230
 9114319
 9114963
 9114968
 9115889
 9115807
 9116065
 9115561
 9115571
 9116673
 9117578
 9117103
 9115160
 9114828
 9116760
 9117117
 9120075
 9118784
 9119784
 9120713
 9120466
 9120594
 9120602
 9120755
 9120405
 9119308
 1365910
 9120641
 9082281
 9102911
 9113504
 9116113
 9116320
 9116511
 9115245
 9120333
 1191895
 9119315
 9119193
 9119454
 9120155
 9119586
 9119349
 9120307
 9119655
 9120020
 9118641
 9119147
 9120128
 9118303
 9119646
 9118508
 9119291
 9095370
 1332289
 9104112
 9104922
 9109314
 9107071
 9108853
 9111523
 9111883
 9112779
 9114284
 1358290
 9113362
 1160500
 9115956
 9116281
 9114882
 9116293
 9120867
 1296709
 9118494
 9119133
 9120082
 9120806
 9120622
 9119992
 9120471
 9116140
 9105105
 9108692
 9113933
 9112082
 9113538
 9112420
 9116827
 9116587
 9115332
 9115582
 9115904
 1379246
 9115330
 9116500
 9115144
 9117566
 9118040
 9119303
 9119325
 9120710
 9118480
 9118466
 9119859
 9119479
 9119247
 9119440
 9120517
 1366678
 1365913
 9111322
 9116394
 9116456
 9117238
 1366654
 9116844
 9115723
 9099544
 9107162
 9112369
 9112898
 9117006
 9116529
 9115000
 9118191
 9096701
 9101720
 9109877
 9107636
 1191868
 9114117
 9114311
 9113139
 9113381
 1252101
 9114207
 9112280
 9111202
 9115787
 9116735
 9116783
 9116932
 9115315
 9114634
 9118915
 9119038
 9119052
 9119125
 9119392
 9120037
 9118571
 9119466
 9120208
 9118732
 1341416
 9120074
 9117911
 9118481
 9118485
 9118590
 9118848
 9119897
 9119974
 9120682
 9119299
 9118296
 9118908
 9119086
 9119446
 9120756
 1376851
 1376852
 1376853
 9118160
 9119035
 9117936
 9119414
 9119443
 9118559
 9119082
 9099447
 9104001
 9107522
 9107173
 9106319
 9112485
 9113590
 9114236
 9111619
 9117424
 9116747
 9120242
 9120151
 9119360
 9101195
 9103856
 9109023
 9114431
 9112070
 9116366
 9119711
 1291927
 9068655
 1164399
 9092601
 9099780
 9104037
 1160427
 9104146
 1362415
 9110798
 1331436
 9113134
 9113495
 9115173
 9117661
 9115163
 1359210
 9115604
 9115412
 1390315
 9120721
 9120875
 9118018
 9118300
 9118122
 9120901
 1390560
 9116028
 9098411
 9109647
 9106693
 9113365
 9112491
 9117464
 9115132
 9117672
 9119727
 9120078
 9120818
 9118920
 9120248
 9120742
 9122833
 9123637
 9122760
 9123473
 9123883
 9122886
 9123495
 9123268
 1378187
 9121057
 9121083
 9123565
 9113228
 9116125
 9114595
 9119169
 9117849
 9118649
 9118963
 9123692
 9124120
 9122978
 9123443
 9071712
 9071720
 9073627
 1291402
 9084123
 1291409
 9083898
 9083925
 9083940
 9083958
 9082357
 9090616
 9101865
 9099349
 9104283
 9105152
 9109092
 1310949
 9106440
 9110198
 9110448
 9116549
 9116799
 9119319
 9120105
 1357776
 9120651
 9122592
 9122088
 9123502
 9121997
 9123287
 9121418
 9121432
 1311562
 9122891
 9123040
 9123499
 9123573
 9123980
 9123567
 9122087
 9122153
 9121988
 9121060
 9123022
 9123829
 1243268
 9121318
 9121763
 1011974
 9122489
 9122361
 9118745
 9119424
 9121462
 1394008
 9116828
 9114580
 9114774
 9117335
 9105140
 1010114
 9112186
 1359447
 1359217
 9119464
 9121056
 9122935
 1359220
 1243275
 9117463
 9116098
 9119384
 1390948
 9045741
 9052422
 9060391
 9067763
 9106151
 9108920
 9111180
 9111596
 9111065
 9113620
 9111249
 9112193
 9112314
 9112321
 1305272
 9116988
 9115062
 9117390
 9117387
 9116260
 9114569
 9116290
 9114985
 9114716
 9119504
 9119766
 9118364
 1196837
 9118711
 1202055
 9122078
 9121105
 9121089
 9121092
 1379270
 9122560
 9121640
 9121968
 1339924
 9123775
 1253882
 1253884
 1253885
 9087523
 9106260
 9103943
 1341060
 9117101
 1010116
 9116900
 9064883
 9067814
 1378151
 9106414
 9106417
 1323747
 9114070
 9114713
 9117573
 1373218
 9116755
 9115785
 9115811
 9116136
 9119090
 9120175
 9118896
 9119496
 9119533
 9120041
 9120254
 9120764
 9120370
 9120733
 9120605
 9118372
 9124167
 9124241
 9121414
 9123055
 9123122
 9123256
 9123632
 9123865
 9124085
 9124086
 9124105
 9121420
 9123004
 9123116
 9123823
 9123842
 9124026
 9124068
 1393567
 9121963
 9122140
 9122239
 9121239
 9123215
 9123248
 9123274
 9123767
 9124033
 9124035
 9124056
 9121401
 9122178
 9122621
 9123257
 9123647
 9124004
 9124005
 9124101
 9124157
 9121184
 9121251
 9121372
 9122729
 9124163
 9123284
 9122812
 9122616
 9123454
 9121632
 9121253
 9123390
 1339814
 9123866
 1253878
 1253886
 9123192
 1324697
 9105021
 9107015
 9111030
 0647238
 9114442
 9114185
 9113854
 9117696
 1390307
 1390318
 1390320
 9120488
 9119958
 9119422
 9120912
 9118049
 1390561
 1202587
 9123868
 9123919
 9122703
 9123193
 9121258
 9121584
 1011973
 9121947
 9114169
 9114582
 9118755
 9118170
 9117256
 9049357
 9097260
 1387922
 9099212
 9105522
 9103296
 9111278
 9114600
 9116825
 9115190
 9118120
 9123477
 9123533
 9121983
 9123131
 1378051
 9122689
 9121349
 9121375
 9122798
 9122956
 9109779
 9110790
 9110849
 9113331
 9065746
 9117268
 9120564
 9120737
 9122835
 9091277
 9098065
 9096648
 9100915
 9100504
 9113214
 1359444
 1239996
 1379247
 1379248
 9116595
 9116498
 9116616
 9117963
 9118430
 1160617
 9118831
 9121877
 9120990
 1360001
 9123591
 9123645
 9124064
 9123618
 9121598
 9123311
 9121085
 9123595
 9121827
 9121213
 9123993
 9080915
 9094549
 9093520
 9096140
 9097111
 9101715
 9100959
 9105822
 9106842
 9107132
 9109208
 9108952
 9114458
 1160514
 0978776
 0978777
 9107537
 9111626
 9113456
 9112079
 9117569
 9116467
 9118096
 9117961
 9117903
 9122047
 9122066
 9123282
 9122866
 9123381
 9123395
 9122300
 9121525
 9123221
 9122763
 9123799
 9124047
 9121041
 9122259
 9121772
 9122523
 9097674
 9099118
 9098982
 9099148
 9099197
 9100327
 9100603
 9099175
 9100538
 9103507
 9105042
 9105484
 9102894
 9102694
 9103243
 9102880
 9109681
 9106536
 9106680
 9106924
 9107982
 9106513
 9106514
 9106517
 1305256
 9107285
 9110537
 9115699
 9120669
 9120833
 9122596
 9122793
 9122190
 9124008
 9121783
 9123792
 9121181
 9121890
 9122641
 9122882
 1378050
 9113936
 9113557
 9112072
 1382809
 9117307
 9117465
 9118128
 9120281
 9118807
 9118746
 9119688
 9122734
 9121995
 9121142
 9121353
 1378191
 9123840
 9123327
 9122390
 9123266
 9121546
 1394016
 1378184
 9103510
 9106825
 9111137
 1376134
 9112794
 9114242
 9114380
 9111408
 9111321
 9115696
 9117029
 1378155
 9116389
 9120923
 9119195
 1240000
 9118701
 9119457
 9118419
 9118190
 9119428
 1202558
 9123893
 9123271
 9123340
 9122865
 9123857
 9122421
 9123630
 9123727
 9121702
 9123702
 9122756
 9122108
 9079584
 0978772
 1371493
 9099745
 9103072
 9108046
 9111476
 9111334
 9113664
 9114811
 9116471
 9116850
 9115442
 9115491
 9119850
 9119271
 9119078
 9123396
 9121520
 9121311
 9121834
 1378195
 9123788
 9123732
 9124087
 9121425
 9122456
 9122498
 9123031
 9122897
 9106432
 1332785
 9118414
 9122255
 1332411
 1332412
 9123461
 9121144
 9121805
 9122270
 9122902
 9057185
 9085949
 9088500
 9090012
 9090430
 9092587
 9096859
 9100591
 9099642
 9105286
 9104332
 9104623
 9103231
 9108460
 9109078
 9113448
 9116877
 9117475
 9114771
 9114750
 9116462
 9120863
 9120615
 1296705
 9119544
 9118841
 9120069
 1160856
 9118905
 9118127
 1249829
 1202698
 1202597
 9121781
 9121867
 9121577
 9121991
 1328220
 9100602
 9105594
 9104662
 9108092
 9107626
 9113299
 9112471
 9112456
 1372215
 9117411
 9115658
 9117333
 9116689
 9120547
 9120878
 1365911
 9120329
 9120783
 9120617
 1382825
 1382826
 9120048
 9118548
 1351074
 1191928
 9122779
 9122124
 9121559
 9121564
 1379295
 9124077
 9123748
 9123751
 9122017
 9122025
 9122620
 9123448
 1379052
 9121703
 9121814
 9123739
 9122040
 0994521
 9089087
 9093611
 9097785
 9106917
 9109012
 9106372
 9110360
 9114350
 9114404
 9114275
 9113463
 1372167
 9111492
 9114804
 9116756
 9117553
 9117556
 9116458
 9116130
 1359208
 9114751
 9115432
 9120776
 9119155
 9120004
 9120459
 9120657
 9120207
 9119316
 9119519
 1359308
 9118002
 9122353
 9097380
 1115674
 1358714
 9119207
 9118634
 9119385
 1378189
 9105281
 9108423
 9108101
 9106457
 9113553
 9116913
 9101295
 9106583
 9115531
 9119865
 9120356
 9118816
 9124215
 9122122
 9123263
 9123451
 9121790
 9122619
 9094084
 9098331
 1324669
 9096718
 9102289
 1239973
 9105226
 9105697
 9107266
 9115565
 9116034
 1373225
 9115059
 9116510
 9117676
 9117114
 9117375
 1341447
 9119512
 9119354
 9118071
 9118291
 9120567
 9119372
 9121892
 1373243
 9122975
 9121544
 9122890
 9123662
 9121657
 9122306
 9122701
 9122368
 9122284
 9112220
 9119331
 1332783
 9118657
 9119943
 9120029
 9118369
 1373364
 9123681
 9121102
 9104013
 9109068
 1160461
 9107930
 9110242
 9111971
 9111230
 9111979
 9113324
 9112940
 1372471
 9116918
 9117412
 1249966
 9116154
 1351059
 1341432
 9119132
 9117812
 9120320
 9120865
 1366673
 9118944
 9119324
 9123374
 9123735
 1284449
 9122095
 9122391
 9123146
 9123269
 9123290
 9124036
 9124199
 9124155
 9123831
 9122053
 9122894
 9122899
 1243720
 1341290
 9104611
 9104989
 9102841
 9104571
 9104587
 1324677
 9110232
 9111499
 9111443
 9114758
 9115191
 9116859
 9120502
 9118007
 9118056
 9124140
 9123186
 9124012
 1373249
 1373360
 1373371
 9122373
 9122348
 9122755
 9123937
 9124071
 9121413
 1378180
 9123462
 9121956
 9122363
 9121282
 9121284
 9123575
 1243262
 1243266
 8999671
 9019423
 9025013
 9035276
 9039520
 9067421
 9113650
 9117562
 9115588
 9116941
 9117400
 9116836
 9118130
 9119122
 9120259
 9120575
 9119863
 1359215
 9119418
 9123768
 9122652
 9121576
 9123318
 9121009
 9122780
 9119694
 9119000
 9118766
 9118674
 1324601
 9102081
 1324489
 9105264
 9108214
 9108499
 9112018
 9112102
 9112730
 9116632
 9115818
 9116070
 9116023
 9119113
 9118048
 9120495
 9120724
 9120314
 9118666
 9119430
 9120589
 9118214
 9120220
 9120683
 9119551
 9119407
 1160861
 9120303
 9119410
 9121028
 9121224
 9121977
 9121188
 9121957
 9122031
 9122051
 9122645
 9122809
 9123954
 9124111
 1268125
 1373248
 9122827
 9123050
 9123691
 9124046
 9121864
 9123544
 9123670
 9121351
 9123384
 9121874
 9121976
 9122773
 9123656
 9123763
 9123041
 9121352
 9122838
 9123753
 9124043
 9123165
 9123276
 1379284
 9076882
 9115553
 9116312
 9122055
 9121471
 9122903
 9123478
 9122020
 9122420
 9123157
 9121910
 9122747
 9122196
 9121642
 9102870
 9108219
 9113248
 9113764
 9112872
 9119682
 1378170
 9119937
 9117860
 9121761
 9122806
 1378196
 9124050
 9122123
 9120997
 9123470
 9123875
 9111234
 9114561
 9117976
 9119057
 9122650
 9121106
 9121244
 9123025
 9123520
 9122686
 9123556
 9121416
 9122162
 9103653
 9117689
 9120819
 1160606
 9123219
 9113584
 9113290
 9115341
 9115407
 9116103
 9116148
 9116199
 9116682
 9114955
 9119100
 9120071
 9118934
 9119199
 9118884
 9118297
 9119789
 1160631
 9120341
 9120426
 9119699
 9118692
 1390556
 1202052
 9122100
 9122097
 9122393
 9122634
 9122659
 9123968
 9124132
 9121902
 9122521
 9122893
 9122898
 1373246
 1373359
 1373363
 1373374
 9122482
 1311563
 1311564
 1311570
 9122800
 9122928
 9121100
 9122377
 9122995
 9123070
 9121928
 9121385
 9124022
 9124135
 9121093
 9123085
 9121299
 9121339
 9123361
 9123837
 9122219
 9121103
 9123733
 9121138
 9121621
 9123358
 9123202
 9123321
 9121064
 1243719
 9121601
 9123750
 9121943
 9122074
 9122249
 9122412
 9122880
 9102939
 9105357
 9105462
 9109604
 9107140
 9116533
 9117217
 1390314
 9118707
 9118728
 1341424
 9120142
 9118788
 9119027
 9119658
 9120256
 9119447
 1390562
 9118998
 1351098
 9124029
 9121312
 9122099
 9122705
 9121527
 9124054
 9124106
 9124160
 9122507
 9123436
 9123781
 9121488
 9121515
 9111725
 9120712
 9120717
 9121263
 9120775
 9118878
 1202696
 9122111
 9122358
 9121169
 9121171
 9123607
 9124107
 1378188
 9121030
 9121275
 9123309
 9121136
 9122704
 9123683
 9094771
 9117426
 9117250
 9117314
 9115662
 9118407
 9119528
 1296711
 9119629
 9119963
 9118004
 9123812
 9091415
 9092460
 9098977
 9104858
 1359450
 9112960
 9116160
 9116343
 9115161
 1253867
 9120974
 9119075
 9120735
 9118740
 9119105
 9119550
 1196840
 1196841
 1196842
 1196843
 9118617
 9121653
 9122541
 9122080
 9123286
 9123379
 9123926
 9123962
 9121623
 9122362
 9123819
 9123708
 9122602
 9122543
 9123080
 9090606
 1324411
 9102942
 1011957
 1011960
 9105570
 9107255
 9108912
 1191809
 9111533
 9116348
 9116019
 9116428
 9118184
 9120743
 9118767
 9121831
 9123874
 9124097
 9122187
 9123094
 9124042
 9123229
 9121175
 1249977
 9122974
 9096014
 9099194
 1223828
 9107853
 9110219
 9112253
 1191870
 9117612
 9117355
 9115411
 9115452
 9115637
 9117847
 9119580
 9118479
 9118247
 9118253
 9117864
 9120403
 9119025
 9119396
 9118205
 1202557
 9121309
 1351099
 9122388
 1373244
 9121649
 9122466
 9122667
 9123388
 9123009
 9122633
 9121689
 9123046
 1332710
 9121817
 9124172
 9122008
 9122566
 9124014
 9123731
 9120983
 9121371
 9121672
 9121898
 9122293
 9121854
 1243711
 1011978
 9122877
 1191826
 9114993
 9120181
 9120336
 9120670
 9117894
 9119453
 9119620
 9119804
 9119817
 9121638
 9124067
 9087693
 9098093
 9108958
 1304572
 9107932
 9116929
 9120893
 9120469
 9124150
 9121714
 9122790
 9121869
 1378185
 9122682
 9123013
 9123432
 9122201
 9107009
 1381425
 1322393
 9110633
 9113007
 9111817
 9112831
 9115455
 9115656
 9116172
 9117489
 9115314
 9117609
 9118770
 9118225
 9119119
 1322408
 9120616
 9117831
 9118902
 9119870
 9119871
 9118565
 9120285
 9119022
 9122410
 9121580
 9121974
 9123589
 9121205
 1379289
 9123676
 9122853
 9124010
 9124112
 1339816
 9111449
 9117026
 9119463
 9104159
 1249812
 9106926
 9110489
 9113618
 1393986
 1394000
 9117588
 9114677
 1160527
 9115554
 1239863
 9120129
 9119598
 9123861
 9123160
 1311568
 9121697
 9123365
 9121194
 9123516
 9122441
 9102971
 9110958
 9113124
 9116352
 9115229
 9120486
 1315021
 9123403
 9123715
 9123675
 9121962
 1325008
 1014519
 9100957
 9109761
 9119398
 9118185
 1253874
 1390755
 9105230
 9108408
 9107829
 9106498
 9111016
 9112771
 9114497
 9114498
 9115091
 9116141
 9117597
 9115050
 9117644
 9114743
 9117817
 9118058
 9118061
 9120546
 9118906
 9120345
 9120391
 1378167
 9118949
 9118345
 1291445
 9118196
 9119742
 1160862
 9118208
 9118929
 9120675
 1376854
 9118209
 9120110
 9120395
 1390567
 1390570
 9124237
 9121333
 9121270
 9121937
 1351064
 9121296
 9123440
 9122778
 9123701
 9121290
 1373370
 9123218
 9122271
 9122687
 9123686
 9121099
 9121533
 9121566
 9122844
 9123205
 9123364
 9123511
 9123667
 9123672
 9121723
 9121758
 9122458
 9123680
 9123944
 9121460
 9122517
 9121710
 9122601
 9124226
 9120991
 9122280
 1243259
 1243260
 9124057
 9121452
 9123225
 9123572
 9107314
 9107644
 1239994
 1272853
 9111198
 9115827
 9120472
 9118324
 9120143
 9120162
 9120402
 9118952
 9119818
 9122649
 9123164










