16-07-28
 9059344
 1339992
 9119993
 1390557
 9102812
 9114318
 9117876
 9122580
 9127104
 9127117
 9126631
 9127093
 9125434
 9125007
 9129997
 9129769
 9130210
 9127841
 9127669
 9117485
 9123960
 9124102
 9128332
 9129536
 9129770
 9129847
 9128353
 9128190
 9128751
 9128005
 9109532
 9106442
 9110755
 9112902
 9111320
 9112551
 1191923
 9122841
 9124038
 9121917
 9122609
 9127283
 9126254
 9126746
 9126488
 1389459
 9124406
 1381845
 9124347
 9129466
 9129580
 9129969
 9130150
 9128680
 9130021
 1341297
 1373273
 9127949
 9129534
 9129520
 9129720
 9129760
 1358336
 9130326
 1297947
 9129763
 9127416
 9127419
 9127421
 9127624
 9127629
 9127636
 9127376
 1010255
 9129187
 9127459
 9128897
 9129379
 9130209
 9129307
 9123616
 9126861
 9128657
 9130131
 9084764
 9104006
 9104486
 9113357
 9116109
 9118123
 9120916
 9123833
 9122357
 9123148
 9128123
 9129743
 9129906
 1194565
 9095897
 9097989
 9095557
 9099541
 9100031
 9099511
 9099517
 9102539
 9102541
 9099181
 9100736
 9102394
 9099187
 9104574
 9103401
 9103405
 9103409
 9105259
 9105973
 9104216
 9112231
 9118444
 9118731
 9111256
 9120338
 9120501
 9120842
 9118413
 1315116
 9122476
 9122486
 9121873
 9122767
 9123657
 9121010
 9122611
 9126129
 9126189
 9127069
 9127235
 1390960
 1011977
 9051437
 9058466
 9059571
 9067436
 9083640
 9081265
 9081333
 1390966
 9089621
 9092885
 9094072
 9096886
 9095738
 9096013
 9100677
 1382798
 9100878
 9102058
 9098966
 9101582
 9100373
 9102891
 9103883
 9102752
 9103041
 9103195
 9103257
 9114433
 9114655
 1291448
 1390564
 0978994
 9123319
 9123721
 1331447
 9121012
 9121769
 1240338
 9124523
 9128763
 1390606
 9103623
 9105302
 9105540
 1223840
 9106736
 9107310
 9108777
 9108837
 9109029
 9112848
 9113477
 1372171
 9115635
 9120160
 9122177
 9122930
 9123915
 9125561
 9124558
 9129093
 9127609
 9129340
 9127446
 9127637
 9128150
 9129302
 9127694
 9128196
 9127489
 1372376
 1372377
 1372378
 9107600
 9114274
 9115727
 9123711
 9099879
 9100961
 9117619
 1254926
 9099870
 9108289
 9108302
 9109460
 9108734
 9111311
 9114263
 9111463
 9115440
 9117074
 9117403
 9116121
 9118310
 1202090
 9123853
 9123871
 9122438
 9127162
 9125265
 9125381
 9125229
 9125318
 9125633
 9124861
 9126735
 9124703
 9126584
 9124965
 9126628
 9124325
 9127161
 9125364
 9125801
 9125827
 9126176
 9127759
 9130299
 9129448
 9129460
 9129987
 9130288
 9129955
 9127826
 9128779
 9130067
 9130171
 9130343
 1373394
 9128052
 9127840
 9130340
 9129440
 9128359
 9128974
 9129764
 9129991
 9130007
 9130233
 9130357
 9130425
 9127876
 9129287
 9129848
 9130445
 9128093
 9128064
 9127545
 1160893
 9129575
 9130329
 9127572
 9127831
 9128297
 9127616
 9129412
 9127762
 9128500
 9128506
 9128510
 9127922
 9128236
 9129074
 9129240
 9117624
 9129149
 9112304
 1331443
 1011909
 9119117
 9120158
 9120720
 9125016
 9126980
 9125771
 9125281
 9127146
 9124925
 9125186
 9129812
 9129898
 9128651
 9129044
 9129147
 9114059
 9114069
 9118446
 9123762
 1337013
 9125045
 9124869
 9125710
 1387974
 9098189
 1341281
 9101614
 9103763
 1324497
 9107727
 9109633
 9109645
 9113585
 1322405
 9119787
 1359309
 1332419
 1337006
 9125906
 9129654
 9127731
 9127911
 1378531
 9128048
 9129218
 9129727
 9097620
 9112046
 9096766
 1389458
 9127539
 9128681
 1358358
 1358382
 9084401
 9082600
 9090715
 9102916
 1010063
 9116409
 9114764
 9114644
 9115226
 9118602
 1366679
 9118102
 9124007
 9122350
 9122861
 9122319
 1351090
 9126501
 1332852
 9128753
 9127476
 9128035
 9130041
 1359240
 9128933
 9128546
 9128575
 9129106
 9129347
 9117135
 9121815
 9121283
 9126668
 9112466
 9116376
 9119318
 9117974
 0978775
 9120059
 9118955
 9123506
 9121716
 9124563
 9126649
 9126884
 9127245
 9125126
 9130185
 9129966
 9130127
 9128061
 9128065
 9128843
 9129421
 9130456
 9130482
 9127770
 9127677
 9128840
 9130133
 9127769
 9129053
 9127611
 9127835
 9127975
 9130055
 9130111
 1351093
 9129592
 1358192
 1358366
 1358361
 9127326
 9127832
 9104827
 9104407
 9118137
 9121860
 9123531
 9122181
 9125656
 9126904
 9125393
 9124844
 9127360
 9127373
 9127795
 9129686
 1332858
 1332862
 9128431
 9130225
 9129152
 9129305
 1358333
 9129036
 1378527
 1378529
 9128097
 9129779
 9129171
 9127386
 9129425
 9127297
 9128404
 9128448
 9130135
 9123880
 9124048
 9130159
 9127604
 9102371
 9102644
 9112439
 9113284
 9116957
 9119408
 1364324
 9118932
 9121292
 9123453
 9124493
 9124904
 9126855
 9124505
 1311577
 9126751
 9124792
 9092352
 9108432
 9113523
 9114483
 9114485
 9113408
 9117108
 9120115
 9120038
 9119842
 1359306
 1202690
 9123527
 9122411
 9124137
 9122326
 9126313
 9124880
 9124702
 9125559
 9130578
 9129804
 9129935
 9128079
 9129784
 9129447
 9130201
 1358335
 9128690
 9127294
 9127295
 9127296
 9128566
 9129896
 9127761
 9128280
 9129005
 9128458
 9128872
 1372400
 9128270
 9127757
 9129540
 9128621
 1160891
 9128481
 9129423
 9098323
 9097612
 9101509
 9100193
 1378028
 9108340
 1382715
 9111501
 9111373
 9116085
 9115012
 9119573
 9118983
 1326154
 9125958
 9125608
 9125150
 9124989
 1359235
 9125938
 1324610
 9126169
 9126257
 9127074
 9129022
 9128556
 9129047
 9129929
 9127403
 9127405
 9129064
 9128470
 9128386
 9129263
 9129809
 9127718
 9128596
 9053674
 9075212
 9083208
 9088865
 1366723
 9116470
 9120854
 9117901
 9123185
 9123610
 9123744
 1189567
 9126459
 9125593
 9129161
 9129387
 9129439
 9128050
 1189346
 9128193
 9130215
 9127729
 9128747
 9128864
 9129364
 9129542
 9129577
 9129600
 9127806
 9129406
 9128258
 9111438
 1239866
 1315115
 9118832
 9121500
 9123153
 9123698
 9121267
 9121934
 9122868
 9123906
 9124412
 9124810
 9126963
 9127196
 9127197
 9126553
 9124714
 9126141
 9125857
 9126098
 9127474
 9129591
 9129810
 9128068
 1373461
 1311587
 9129328
 9129648
 9130003
 9128390
 9128731
 9128169
 9029908
 9035782
 9037819
 9095841
 9098898
 1297955
 9100817
 9114883
 9123163
 9124730
 1389455
 9125508
 9128514
 9128935
 9098208
 1202734
 9106840
 9110181
 9110280
 9111144
 9111160
 9111219
 9123542
 9124108
 9127168
 9126463
 9127207
 9129516
 9130012
 9127893
 9127925
 9127317
 9128755
 9130382
 9077630
 9093265
 9096356
 9097527
 1373526
 9101205
 9104204
 9108982
 1196952
 1160513
 9119538
 9119625
 9123786
 9121709
 9122485
 9124556
 9125525
 9126989
 9125013
 9125504
 9125182
 9125098
 9125117
 9127156
 1332851
 9128522
 1373286
 1373296
 1373299
 1373378
 1373379
 1311588
 9130058
 9129083
 9130354
 9128930
 9127411
 9127898
 9130126
 9127810
 9106625
 9119539
 9126885
 9126281
 1373264
 1378535
 9127570
 9129844
 1315155
 9127407
 9049211
 9101100
 9106695
 9107402
 9106913
 9110676
 9112688
 9111409
 9111172
 9112630
 9118794
 1297961
 9121885
 9122707
 9122643
 9121357
 9126441
 9125528
 9126662
 9127016
 1377257
 9124484
 9124948
 9126186
 9125937
 9125660
 9125775
 9126850
 9126968
 9128917
 9129129
 9128789
 9130053
 9130310
 9130398
 9130473
 9128407
 9130230
 9128201
 9127720
 9129645
 9129758
 9129729
 9093686
 9107861
 9112154
 9112817
 9116493
 9120528
 9123736
 1243716
 1351097
 9124492
 9126922
 9127029
 9124701
 9127231
 9125640
 9126727
 9124289
 9125684
 9124797
 9130477
 9128406
 9130384
 9130483
 9130502
 9128537
 1373300
 1373377
 9129115
 9129125
 9129314
 9129135
 9128601
 9130476
 1393027
 9128281
 1377018
 9127808
 9128025
 9128741
 9127486
 9127592
 9128197
 9128146
 9128160
 9089070
 9112440
 9112734
 9113093
 9113580
 9115945
 9120847
 9120868
 9120394
 9118426
 1202092
 9121570
 1331445
 9127153
 9126843
 9126577
 9127219
 9126484
 9125629
 9128723
 9130434
 9129940
 9130169
 9128805
 9128450
 9129691
 9130039
 1160895
 1160899
 9114372
 9113258
 9115631
 9115884
 9120221
 9118910
 9120490
 9118945
 9119547
 9118526
 9122610
 9123172
 9123208
 9125450
 9126268
 9127001
 9124640
 9126789
 9126574
 9126161
 9125846
 9125667
 9124915
 9129871
 9130284
 9127508
 9128670
 9130437
 9130524
 9129338
 9129678
 9130278
 9130349
 9128224
 1373256
 1373386
 9127885
 9130142
 9130148
 9128078
 9128085
 9129443
 1358365
 9130286
 9130306
 9129267
 9129436
 9128397
 9127544
 9128319
 9128370
 9129166
 9130287
 9130290
 9130404
 9127956
 9128372
 9128412
 9128187
 9130017
 9128330
 9129197
 9129289
 9126886
 1366812
 1362488
 9115357
 9122627
 9122671
 9122332
 1372198
 9127435
 9130345
 9127342
 9127397
 1378534
 9128156
 9127485
 9130457
 9130328
 9130555
 9127375
 9127406
 9127524
 9129972
 9128114
 9128987
 9129775
 9129856
 9129357
 9130320
 9113759
 9115405
 1381817
 9125951
 9124426
 9127758
 9129097
 9130164
 9129054
 1359241
 1328226
 9090993
 9112874
 9122044
 9125298
 9124997
 9129045
 9129498
 9129467
 9127400
 9128545
 9129039
 9130261
 9130347
 1372383
 9130362
 9127998
 9128062
 9128661
 1387925
 9117021
 9120768
 1382828
 9122042
 9123600
 9127193
 9125211
 9127322
 9128117
 1191884
 9117286
 9118129
 9121825
 1379286
 9124860
 9124828
 1239092
 9125092
 9125378
 9126486
 1366799
 9125202
 1377270
 9129077
 1332855
 1332864
 9128764
 9130166
 9127755
 9128726
 9128839
 9128972
 9129734
 9129980
 9130361
 9130379
 9127877
 9128087
 1373268
 1373269
 1373274
 1373285
 1373295
 1373387
 9127491
 9127926
 9129118
 9129880
 9128671
 9129234
 9130292
 9129985
 1189329
 9127423
 9127805
 9127558
 9127988
 9129493
 9127304
 9128892
 9129544
 9130145
 1160892
 9127543
 9128521
 9128838
 9127996
 9128377
 9129513
 9127598
 9128108
 9130285
 1390604
 9129535
 9129698
 9130479
 9100023
 9104598
 9108182
 9110140
 9115397
 9120609
 9120148
 9120308
 9121191
 9124467
 9124854
 1312959
 9126243
 9125844
 9128822
 9129491
 9130112
 9130369
 9130463
 9127683
 1240346
 9128605
 9129860
 9130348
 9129281
 1339819
 9127218
 9127220
 9127622
 9121503
 9124950
 9125549
 9125395
 9124608
 9127766
 9130580
 9129918
 9130487
 9129134
 9129385
 9130394
 9128846
 9128327
 9128333
 9130029
 9127687
 9128395
 9128490
 9116104
 9123162
 9122167
 9122068
 9126748
 9130204
 1291432
 1291433
 9113571
 9116481
 9116487
 9123940
 9126866
 9126788
 9127058
 9127144
 1394020
 9129777
 9129368
 9130372
 9130429
 9128877
 1389424
 1377004
 9127600
 9129651
 9130154
 9129242
 9130179
 9130304
 1372398
 1372399
 9092557
 9107500
 9108359
 9114601
 9123722
 9121582
 1379290
 9123360
 9121842
 9127105
 9127206
 9126391
 1359228
 9129749
 9130512
 9127939
 9129930
 1373465
 1373266
 1373298
 1373385
 9129957
 9130407
 9130091
 1315169
 9128785
 9129251
 1011919
 9127548
 9104158
 9112855
 9115952
 9118887
 9119208
 1357780
 9118598
 9118606
 9122120
 9121984
 9122766
 9121120
 9121122
 9121124
 9121128
 9124065
 9124441
 9125128
 1389416
 9125881
 1114052
 9127246
 9126199
 9125019
 9128962
 9130223
 1373381
 9130084
 9128653
 9129168
 9128430
 1389429
 1377037
 9128698
 9128167
 9129122
 9127613
 9128392
 1372380
 1372385
 9125755
 9130200
 9120716
 9122606
 9122772
 9122132
 9121243
 9124078
 9123235
 9121146
 9123693
 9120988
 9121906
 9126294
 9127123
 9124818
 9125011
 9124536
 9127205
 9125837
 9125977
 9126579
 9130240
 9130532
 9130536
 9128401
 9114947
 9119802
 9123264
 9126580
 9125997
 1378507
 9125230
 9125427
 9125832
 9126721
 9126724
 9126868
 9125621
 9126126
 1373463
 9127464
 9129200
 9129300
 9130011
 1393032
 1378520
 9128881
 1377002
 1377035
 9128516
 9130255
 9127783
 9128099
 9128893
 9090680
 9104508
 9105657
 1304571
 9104431
 9104592
 1328213
 9106524
 9109846
 9106512
 9106600
 1202053
 9122945
 9122640
 9123998
 9125014
 9125207
 1296501
 9125321
 9126251
 9129105
 9130213
 9128235
 9128273
 9129949
 9129974
 9129220
 9129787
 9129947
 9129690
 9130214
 9130460
 9130500
 9129330
 9086124
 9114351
 9118646
 9123859
 9122697
 9125108
 9114334
 9116726
 9122327
 9123439
 9125005
 9125367
 9126921
 1311578
 9126907
 9126739
 9125268
 9130581
 1373281
 1373380
 9127773
 9130489
 9129737
 9128271
 9128951
 9128919
 9129740
 1366832
 9115427
 9120107
 9124715
 9129143
 9128076
 9128990
 9129744
 1315168
 9130393
 9127738
 9129430
 9128911
 9111208
 9112518
 9113922
 9119416
 9119128
 9119364
 9121199
 9121856
 1253877
 1320037
 1372196
 1377274
 1377294
 9124329
 1393034
 9099900
 9109326
 9109787
 9107942
 9113793
 9111205
 9116157
 9118557
 9118471
 9119889
 1378165
 1160544
 9119854
 9118322
 1191926
 9123254
 9122759
 1378100
 9123105
 9124099
 9121985
 9122160
 9122500
 9123073
 9123027
 9127215
 9126489
 9126849
 9125526
 9126937
 9125069
 9125538
 9126500
 9126716
 9126960
 9127199
 9127201
 1320853
 1378519
 1240341
 9124898
 9124553
 9125131
 9124528
 9126546
 9125545
 9126270
 9124434
 9125260
 9125465
 9125940
 9130006
 9130470
 9128767
 9128948
 9129285
 9130005
 9130253
 9127325
 1373257
 1373261
 1373265
 1373291
 9129817
 9127726
 9128288
 9130198
 9127819
 9129662
 9129692
 9130390
 9130450
 1358193
 9129015
 9129071
 9129823
 9128110
 9129216
 9127511
 1240343
 9128090
 9128915
 9128433
 9129142
 9129583
 9130400
 9129702
 9127445
 9127590
 9129830
 9127525
 9127854
 9127910
 9128758
 9128507
 9113276
 9115241
 9120334
 1291995
 9119498
 9123261
 9122732
 9124843
 9125485
 9124458
 9127135
 9125017
 9124824
 9126558
 9124432
 9125882
 9125770
 9129824
 9127967
 9129841
 9130254
 9130078
 9128505
 9112646
 9112063
 9120168
 9118940
 9120491
 9121000
 9120993
 1243713
 1365810
 9123969
 1324502
 9122236
 1011983
 1378513
 9126680
 9125121
 9125665





