16-08-10
 9167036
 9170590
 1359687
 9170606
 9169403
 9156206
 9170991
 9172418
 9158529
 9172554
 9172790
 9173233
 9172052
 9167833
 9168382
 9159910
 9169391
 9167690
 0775884
 9171286
 9166848
 9158905
 9161475
 9163647
 9165687
 9169393
 9171275
 9172855
 9172695
 9170647
 9172502
 1324659
 9151272
 9152777
 9164153
 9172955
 9173104
 9148431
 9165558
 9168472
 9167438
 9169196
 9170418
 9170602
 9170372
 9173038
 9170554
 9165571
 9171230
 9161975
 9169106
 9143994
 9161348
 9169442
 1365834
 9170252
 9155817
 9167819
 9171691
 9170613
 9171433
 9169654
 9172608
 9170662
 9171662
 9146210
 9163670
 9167663
 9145325
 9168109
 9167664
 9172008
 9171003
 9163252
 9171887
 9163981
 9172332
 9155314
 9161996
 9160201
 9170134
 9172840
 0775885
 9168861
 9172494
 9157927
 9170174
 9172221
 1315778
 9165726
 9168047
