16-08-11
 9174514
 9173646
 9175763
 9173504
 9175895
 9165410
 9176240
 9161157
 9165305
 9172447
 9174816
 9167352
 9176272
 9174553
 1382908
 9173874
 9147142
 9150555
 9167424
 9171032
 9174219
 9173475
 9176349
 9173074
 9174841
 1365844
 9155985
 9155618
 9163353
 9174622
 9174051
 9174439
 9173095
 9167638
 9173081
 9172483
 9163440
 9169390
 9170007
 9176759
 9168514
 9166859
 9167441
 9168609
 9172696
 9170708
 9176754
 9155168
 1382899
 9176750
 9175755
 9175726
 9163857
 9175143
 9169126
 1310376
 9158334
 9171509
 9171911
 9176287
 9174279
 9175659
 9105232
 9170636
 9165468
 9167468
 9171465
 9175166
 9175646
 9175708
 9175762
 9174724
 9175247
 9172440
 9173890
 9174097
 9175541
 9175547
 9175909
 9176485
 9173813
 9164324
 9172510
 9175272
 9175795
 9173078
 9176027
 9173566
 1365848
 9176627
 9169094
 9174689
 9165963
 9170656
 9172622
 9175098
 9175090
 9148275
 9170595
 9174880
 1365846
 9172977
