16-08-12
 9175702
 1383157
 9179889
 9179709
 9165858
 9177383
 9178546
 9178134
 9174538
 9175353
 9166838
 9171265
 9173626
 9172953
 9172469
 9176260
 9174940
 9176354
 9179830
 9170727
 9179006
 9154633
 9176731
 1373680
 9171427
 9179273
 9177070
 9179083
 9175109
 9179700
 9179251
 9179645
 9179968
 9165495
 9179010
 9179305
 9170506
 9174256
 9173640
 9164925
 9171134
 9176015
 9178849
 9178153
 9175190
 9163126
 9174602
 9173500
 9176690
 9174043
 9177454
 1326122
 9172975
 9173664
 9173568
 9178904
 9178187
 9174630
 9176620
 9174707
 9180099
 9177754
 9177590
 9165728
 9114018
 9134220
 9174521
 9178059
 9179341
 9179761
 9180065
 9179934
 1359566
 9172967
 9179165
 9175400
 9176780
 9176716
 9177873
 9176285
 9179728
 9123120
 9178755
 9178794
 9179636
 9179290
 9176763
 9180142
 9176587
 1365847
 9175133
 9179404
 9163525
