16-08-13
 9180980
 9181734
 9179880
 9183656
 9174930
 9181702
 9181477
 9134470
 9162389
 9180971
 9183114
 9183590
 9183868
 1286942
 9180968
 9181899
 9183017
 9177933
 9181892
 9178433
 1365845
 9181198
 9181361
 9183272
 9178601
 9182280
 9182432
 9183376
 9182743
 9127084
 9152218
 9172585
 1205213
 9179350
 9180487
 9181895
 9180986
 9181364
 1382952
 9178621
 9179524
 9182635
 9182647
 9174470
 9180583
 9182707
 9149232
 9169475
 9170734
 9173975
 1322707
 9179587
 9183598
 1365979
 9182297
 9181977
 9182333
 9180846
 9182825
 9182812
 9181185
 9166654
 9167107
 9180380
 9181457
 9182388
 9182623
 9182684
 9183765
 9181559
 9182747
 9181654
 9172040
 9170563
 9182685
 9182740
 9168544
 9173204
 9178610
 9179778
 9167862
 1194512
 9173620
 9179958
 9183407
 9175413
 9177631
 9179626
 9180106
 9181176
 9181724
 9170213
 9174705
 9177387
 9179231
 9179515
 9179980
 9183330
 9180879
 9178151
 9179197
 9182620
 9175214
 9178973
 9183739
 9179533
 9170617
 9154359
 9175718
 9176598
 9180151
 9183470
 9181043
 9170779
 9172369
