16-08-15
 9181732
 9187546
 1359573
 9187126
 9181041
 9173200
 9176625
 9181696
 9175347
 9187116
 9171276
 1310375
 9182226
 9145980
 9145999
 9144016
 9146117
 9155548
 9159391
 9164640
 9177762
 9179787
 9182304
 9182094
 9186854
 9187291
 9183780
 9181714
 9185968
 9183290
 9182234
 9182235
 9184586
 9186633
 9183180
 9183559
 9175145
 9182017
 9168538
 9171892
 9175581
 9178952
 9183191
 9183494
 9184425
 9186421
 9185269
 9157054
 9167647
 9173683
 9179917
 9179688
 9183182
 9185853
 9187743
 1382976
 9137891
 9155507
 9181333
 9170170
 9182302
 9181731
 9185339
 9187550
 9186983
 9184790
 9185818
 9183224
 9186165
 9186182
 9182782
 9145460
 9143712
 9180675
 9184973
 9187812
 1382978
 9181020
 9180066
 9167429
 9185781
 9187566
 9186719
 9162063
 9177186
 9177621
 9182651
 9169140
 9178160
 9186862
 9183196
