16-08-15
 9186507
 9190071
 9185450
 9189651
 9188788
 1359590
 9177835
 9175865
 9171623
 9179542
 9188896
 9188909
 9189924
 9188967
 9191112
 9191527
 9190793
 9166862
 9169067
 9173632
 9178529
 9180909
 9181372
 9174614
 9179955
 9181013
 9182713
 9187297
 9185514
 9188474
 9170562
 9189708
 9184313
 9188867
 9189571
 9191266
 9190923
 9172192
 9188483
 9179066
 1373677
 9187719
 9175651
 9187803
 9190156
 9186330
 9186940
 9186219
 9188874
 9190449
 9191548
 9191487
 9183018
 1284062
 9184799
 9152143
 9191000
 9176462
 9188957
 9180832
 9188227
 9183640
 9186499
 9186689
 9187442
 9188769
 9189815
 9190924
 9191175
 9191518
 9182085
 9190280
 9187513
 9191675
 9186658
 9187472
 9191310
 9190634
 9175467
 9182667
 9184404
 9187725
 1373787
 9189997
 9181653
 9184547
 9190095
 9190954
 9174825
 9188880
 9191278
 9184862
 9190695
 9188287
 9190664
 9188411
 9188886
 9171037
 9170666
 9187029
 9187609
 9191441