16-08-10
 9043980
 9095362
 9141719
 9146288
 9149819
 9147595
 9165145
 9163829
 9163969
 9166499
 9169587
 9169141
 9169303
 9167445
 9168820
 9169543
 1378783
 9167136
 9169333
 9171198
 9173293
 9172398
 9170219
 9171139
 9173005
 9173249
 9173252
 9173265
 9171995
 9173043
 9170070
 9172389
 9170577
 9110222
 0978973
 1324876
 9161582
 9163850
 1394215
 9167549
 9167858
 9167954
 9168116
 9173263
 1358523
 9170661
 9171687
 9172149
 9132589
 9130789
 9130791
 9135029
 1390327
 1377739
 9155627
 9160289
 9164679
 9169601
 9167510
 9169545
 1273160
 9166497
 9169711
 9169364
 9168603
 9168913
 1377329
 1315846
 9168280
 9172427
 9172226
 9173144
 9173302
 9169973
 9170912
 9170699
 9170021
 9171281
 9172774
 9172867
 9173012
 9173299
 9173089
 1331957
 9171730
 9170726
 9171531
 9170909
 9172533
 9172784
 9170389
 9173246
 9172919
 9170203
 9171514
 9171804
 9172538
 9165118
 9172334
 9145900
 9147570
 9153124
 9159978
 9161218
 1378757
 9167302
 9148750
 1359536
 9165579
 9166656
 1349276
 9171803
 9172721
 1368785
 1359686
 9171121
 9172392
 9170286
 9170823
 9171788
 9172106
 9128989
 9128983
 9128620
 9132461
 9130826
 9130832
 9132663
 1308162
 9146107
 9148525
 9148763
 9155234
 9157403
 9157889
 9160306
 9128749
 9144454
 9144479
 9145642
 9144838
 9146877
 9148287
 9149197
 9146951
 9154954
 9161973
 1358611
 9167344
 9169206
 9168499
 9168224
 1372635
 1349279
 9170374
 9172416
 1286920
 1286921
 1286922
 9137982
 9154487
 1373860
 9154873
 9160051
 9161118
 9162090
 9161080
 1315807
 9163431
 9139924
 9137265
 9140083
 9138943
 9140646
 9142341
 9134618
 9153027
 9159140
 1339927
 9158192
 1373168
 9152238
 9152123
 9159827
 9159171
 9160709
 9165665
 9164044
 9163982
 9164737
 9168548
 9167260
 9168718
 9169202
 9169484
 9168879
 1324643
 9167596
 9167166
 9171805
 9172626
 9171084
 9171854
 9171946
 9173153
 9171227
 9170284
 9171637
 9173080
 9173219
 9173271
 9170756
 9170223
 9171448
 9172889
 9173088
 9173109
 9173259
 9171907
 9172871
 9170329
 9170331
 9170795
 9170335
 9173036
 9171443
 9172886
 9171670
 9171483
 9172057
 9171087
 9170158
 9170496
 9170626
 9171142
 9171878
 1364608
 9172526
 9170145
 1286919
 9167337
 9165346
 9166751
 9166708
 9167411
 9168582
 9147083
 9155702
 1351188
 9162666
 1378721
 9167164
 9144201
 9150216
 1351180
 9159310
 9158181
 9156570
 9162046
 9164712
 9164754
 9164353
 9163959
 9167666
 9168736
 9168740
 9168013
 9167909
 9169149
 9170140
 9170914
 9170489
 9171024
 9171519
 9170992
 9170413
 9099041
 9164868
 9165277
 9168811
 9173146
 9172654
 9170519
 9171545
 9135543
 9133924
 9137957
 9138719
 9141716
 9144927
 9147445
 9150166
 9150290
 1360428
 9159159
 9158381
 9160744
 9165163
 9165496
 9163855
 9163786
 9169438
 9168290
 1373196
 9168146
 9167781
 9167997
 9167339
 9167922
 9167929
 9167921
 9167616
 9171335
 9170609
 1315770
 9172684
 9171697
 9162370
 9161750
 9163001
 9163324
 9165524
 9166509
 9158268
 9162387
 9154848
 9160228
 9162676
 9165815
 9169231
 9166500
 9158273
 9161847
 9160695
 1253762
 9168652
 9168795
 9168808
 1378770
 1382894
 1382890
 9172863
 9139626
 9158856
 0647220
 9161013
 9164896
 9163738
 1011987
 1011998
 9167143
 9166901
 9169929
 9169936
 9169938
 9170119
 9172225
 9171218
 9171334
 9171922
 9172182
 9172710
 9172848
 9171067
 9170906
 9172012
 9170444
 9171006
 9170941
 9170808
 9170310
 1390583
 1390591
 9170709
 9127532
 9171974
 9171596
 9172704
 9141887
 1378673
 9157817
 1372670
 1273155
 9163220
 9163035
 1365828
 9165092
 9164349
 9168127
 9166183
 9167340
 9167168
 9166632
 9166660
 9167065
 9168454
 9170452
 9171695
 9173086
 1349277
 9171041
 9171209
 1284017
 9170189
 9171659
 1315777
 9170584
 9170618
 9170630
 9170877
 9172870
 9170225
 9170998
 9172295
 9170074
 9173031
 9172323
 9171166
 9171781
 9137595
 9142726
 9151317
 9154425
 9155786
 9152936
 9152953
 9153809
 9153922
 9155239
 9158271
 9156532
 1368380
 9157279
 9158494
 9160981
 9161633
 9161227
 9161957
 9160816
 1358627
 9165302
 9165371
 9164904
 9164134
 9164858
 9166877
 9169307
 9166562
 9169347
 9168535
 9167726
 9167754
 9167480
 9169028
 9168123
 9167500
 9172302
 9172130
 9170099
 9172569
 9172683
 9173052
 9171613
 9172383
 9171546
 9172547
 9170467
 9172493
 9169840
 9170729
 9170081
 9170089
 9170097
 9171211
 9172794
 9170536
 9170771
 1205226
 9165140
 1359674
 9170224
 9171875
 9172423
 9171919
 9169993
 9171013
 9124468
 9125581
 9128691
 1394052
 1394057
 9137466
 9138572
 9139582
 9146150
 9154931
 9154076
 9159630
 9158660
 1377681
 9158807
 9159169
 9161299
 9165225
 9163259
 9163887
 9164446
 9169063
 1377330
 9167658
 9166607
 9170919
 9172145
 9171603
 9170722
 9172041
 9170279
 9170167
 9170172
 9171103
 9169911
 1390593
 9069945
 9079262
 9110216
 9146624
 9146662
 9157033
 9164454
 9162920
 9168165
 9168493
 9168800
 9168427
 1372685
 1372689
 9166374
 9173227
 9170683
 9172841
 9170434
 9170247
 9170253
 9171370
 9172176
 9172434
 9170616
 9173135
 9171507
 9170621
 9172242
 9172401
 9169915
 9170527
 9170539
 9172707
 9152961
 9159819
 9158853
 9164054
 9165804
 9163648
 9166770
 9168977
 9169248
 9168111
 1324644
 9168575
 9168277
 9173355
 9169955
 9171031
 9172327
 1273168
 1284016
 9172939
 9172598
 9173180
 9173292
 9172797
 9173202
 9173253
 9170712
 9173184
 9170799
 9157278
 9167602
 9167992
 9168348
 1368787
 9166522
 9168767
 1340025
 1349275
 9172607
 9171536
 1378060
 9171469
 9163462
 9169673
 9170631
 9171111
 9172979
 9173312
 9110108
 9144842
 1209407
 9147556
 9147077
 9149102
 9155170
 9152742
 9157489
 9162349
 9160924
 9161026
 9160893
 9160282
 9161516
 9165226
 9165004
 9165781
 9165916
 9165799
 9163811
 1344989
 9169113
 9169241
 9167755
 1273156
 9168510
 1389864
 9168070
 9168634
 9168142
 9167039
 9168269
 9171216
 9171757
 9172018
 9172539
 9171466
 9172788
 9171710
 9171959
 1389393
 9173155
 9170925
 9172543
 9169952
 9170385
 9170430
 9172665
 1344992
 9170064
 9172536
 1372708
 1205215
 9166390
 9171647
 9170201
 9170340
 9172150
 9170146
 9171118
 9172597
 9171751
 9171989
 9172936
 9172291
 9137696
 9141837
 9157937
 9156580
 9160438
 9160782
 9161136
 1253761
 9164164
 9165752
 9165952
 1359654
 9165527
 9164775
 9167675
 9167000
 9167791
 9169176
 9169527
 9166530
 9166357
 9168487
 9170270
 9171016
 9171960
 9171444
 9171436
 9172463
 9172666
 9172996
 9170287
 9170299
 9172457
 9172742
 9172749
 9170371
 9170620
 9172909
 9169939
 9134483
 9147972
 9154645
 9153727
 9152928
 1373161
 9164595
 9163784
 9165487
 9164067
 9164103
 1376011
 9165900
 1389932
 9164484
 9167945
 9169537
 9167498
 9168209
 9169765
 1188022
 9168561
 9169824
 1324636
 9171871
 9172337
 9170810
 9172471
 9172400
 9170520
 9170581
 9171585
 9171709
 9169972
 9172823
 1315774
 1364601
 9171653
 9170478
 9171665
 9138154
 9157764
 1376026
 9170851
 9171388
 9170940
 9171903
 9170275
 9171844
 9172065
 9139498
 9162226
 9162492
 1351226
 9163536
 9163952
 9164817
 9164799
 9167213
 9169686
 9169062
 9168217
 9166858
 9168255
 9169335
 9169489
 9169720
 9167592
 9167811
 9168468
 9172984
 9172024
 9172521
 9172675
 9172681
 9173267
 9172734
 9172419
 9173058
 9172230
 9172387
 9172717
 9170022
 9170054
 9171812
 9172667
 9173151
 9173194
 9173226
 9173241
 9173305
 9171935
 9172857
 9169987
 1331959
 9171109
 1377365
 9172612
 9170445
 9170804
 9171415
 9172891
 1326057
 9171711
 9156078
 9158009
 9162189
 9165171
 9165121
 9172195
 9170192
 9150668
 1359665
 1349274
 9171626
 9172352
 9172473
 9172500
 9171565
 1368788
 9171317
 9170487
 9173349
 9171312
 9171336
 9171373
 9171771
 9171820
 9169835
 1324632
 9166465
 1284002
 9171397
 9172375
 9169950
 9172203
 1377351
 9171543
 9172431
 9165851
 9172829
 9173105
 9172529
 1315780
 9171070
 9172063
 9172479
 9171973
 9170885
 9171848
 9172157
 9171789
 9161564
 0937186
 9165901
 9164160
 9166368
 1150213
 9168105
 9170996
 9172466
 9169885
 1324612
 9157260
 9161174
 9164175
 9167047
 9168847
 9169531
 9168640
 1310352
 9168657
 1273106
 9167008
 1284281
 9168946
 9168950
 9169652
 9166501
 9167951
 1377335
 1324631
 9167288
 9168866
 9168428
 9171862
 9172634
 9172791
 9170843
 9171560
 9172828
 9170315
 9170932
 9171414
 9170282
 9170538
 9171441
 1284098
 1284100
 9173222
 9173306
 9172004
 9172101
 9172765
 1378791
 9171644
 9170323
 9171840
 9171941
 9171523
 9170283
 1377354
 9170900
 9172661
 9169931
 9169946
 9170136
 9171964
 9172407
 9171181
 9172293
 9170502
 1243170
 9171849
 9170514
 9171220
 9171297
 9171632
 9171984
 9172345
 1390590
 9151605
 9158233
 9156980
 0647219
 9162954
 9164808
 9169529
 9168014
 9169677
 9166716
 9168647
 9166786
 9166302
 1394227
 9173040
 9170574
 9171682
 9170953
 9161186
 1378763
 9169810
 9168801
 9167486
 9168163
 9169046
 9167728
 9168337
 9167061
 9173231
 9173279
 9170751
 9173247
 1378065
 9171061
 9172992
 9171635
 9170780
 9170510
 1373170
 9161809
 9161817
 9161889
 9161908
 9161929
 9161960
 1390581
 9168234
 9168957
 9168658
 1324985
 9154089
 9154096
 9159302
 9157648
 9160789
 9162830
 9164743
 9168471
 1372603
 9173077
 9171567
 0976412
 9172456
 9172947
 9173216
 9170880
 9171638
 9172179
 1372714
 9171830
 9172446
 9127716
 9137667
 9154658
 9155718
 9154663
 1351207
 1373944
 9158282
 9161078
 9160466
 9165913
 9165978
 9165460
 9164002
 9164008
 9164013
 9169321
 9169721
 9169724
 9169730
 9167742
 9168716
 9169693
 9168334
 9169501
 1378777
 9167585
 9169624
 1376862
 9166401
 1372607
 9172026
 9172628
 9172519
 9172775
 9172787
 9173136
 9173262
 9172166
 9170118
 9171851
 9171825
 1372838
 9171838
 1378741
 9168339
 9168023
 1378793
 9141683
 9155745
 9157653
 9164389
 9166262
 9168356
 9172931
 9173311
 9173317
 9170938
 9171219
 9170815
 9171689
 9170546
 9170556
 9171322
 9172119
 9171438
 9170782
 9171991
 9170262
 9172378
 9172877
 9173056
 9172384
 9173352
 9170137
 9170555
 9172218
 9170668
 9170160
 9171375
 9172316
 9172403
 9171460
 9166646
 9167160
 9169483
 1351223
 9165050
 9164236
 9164496
 9165002
 9165009
 9162883
 9165260
 9165981
 9169085
 9172830
 9170956
 9173107
 9171927
 9172279
 9173201
 9172987
 0775888
 9172318
 9145373
 9146426
 9149825
 9153563
 9159082
 9164985
 9165845
 9164655
 9163124
 9164659
 9163266
 9165309
 9164369
 9165835
 9167355
 9166393
 9167116
 9169294
 1378780
 9166317
 9169602
 9166677
 9168389
 9167677
 9169055
 9170266
 9170149
 9170387
 9171451
 9170451
 9171310
 9172995
 9170104
 9172722
 1378798
 9170889
 9172437
 9170891
 9171783
 9170450
 9171082
 9170604
 9170408
 9170481
 9171741
 9172551
 9173059
 1205229
 9139078
 9158526
 9164142
 9165706
 9164710
 9165825
 9167465
 1378782
 9168080
 9169883
 9170204
 9170291
 9172546
 9171419
 9173050
 1331956
 1379086
 1378688
 9153301
 9159277
 9160365
 9161285
 9165059
 9165987
 9163129
 9165137
 9167692
 9169099
 9168593
 9169071
 9173094
 9172621
 9171112
 9173030
 9172615
 9171747
 9173061
 9172275
 9170159
 9171479
 9172872
 9173010
 9147044
 9164128
 9163099
 9166227
 9169493
 9170954
 9172578
 9170528
 9171824
 9172739
 9170184
 9171640
 9156382
 1373904
 9159267
 9160821
 9168441
 9166431
 9172107
 9126217
 9131762
 9130722
 1324856
 9159354
 9161969
 9163514
 9165676
 9163588
 1373185
 9164065
 9165950
 9165683
 9164726
 9163852
 9166787
 9169138
 1310878
 9166599
 9169322
 9169742
 1378779
 9168128
 9168241
 9168470
 9169814
 9168424
 9167133
 9168520
 9170521
 9173160
 9171701
 9172197
 9169967
 9169971
 9172688
 1273167
 9172449
 9171850
 9169862
 9172336
 9173301
 9173303
 9173316
 9171962
 1378311
 9172413
 9171311
 9172636
 1150152
 9171113
 9170390
 9171355
 9170248
 9170582
 9171639
 9170215
 9170888
 9171649
 9147063
 9156994
 9162671
 9162144
 9163785
 9163749
 9168682
 9169349
 9168038
 9166756
 9167806
 9168959
 9168790
 9168641
 9166703
 9168172
 9168293
 9173044
 9173049
 9173245
 9173020
 9147141
 9148267
 9146906
 1378605
 9154399
 9154169
 9162283
 9163490
 9163051
 9163204
 9167849
 9171895
 1324877
 9154647
 9157055
 9160420
 9163845
 9168148
 9168787
 1359673
 9166908
 9166687
 9166801
 9166475
 9166485
 9173260
 1331958
 9170747
 9170196
 9171798
 1390588
 1390589
 T900014773
 T900000589
