16-08-20
 T900018515
 T900015760
 9204714
 9208099
 9196314
 9198586
 9196964
 9202273
 9201377
 9206027
 9204837
 9210147
 9207649
 9208979
 9209964
 9206761
 9207434
 9191991
 9197925
 9199209
 9199847
 9204008
 9206443
 9204813
 9202999
 9209201
 9209844
 9209879
 9209259
 9165185
 9175674
 9177699
 9178480
 9182128
 9185359
 9189252
 9195763
 9202571
 1273376
 9199656
 9201462
 9200881
 9201563
 9203871
 9205295
 9205194
 9205701
 9205975
 9203588
 9205458
 1377133
 9203155
 9203323
 9203543
 9206981
 9208056
 9209498
 9209897
 1417227
 1417229
 9207169
 9209655
 9206637
 9207450
 9207480
 9207919
 9208675
 9208961
 9209687
 9210126
 9210139
 9210233
 9206817
 9208288
 9208895
 1389771
 9208639
 1377093
 1359636
 9209288
 9209170
 9208800
 9206693
 9207195
 9210078
 9203268
 9207230
 9167079
 9178375
 9182857
 9189759
 9190046
 9193419
 1273230
 1377152
 1378948
 9202668
 1378831
 9198580
 9201730
 9202094
 9205239
 9205888
 9204535
 1394133
 9209686
 9209730
 9207543
 9208722
 9208030
 9207606
 9208632
 9190059
 9199034
 9203526
 9205865
 1202208
 9210226
 9209081
 9209570
 1359642
 9207381
 9175040
 9176380
 9185986
 9186704
 9188591
 9195131
 9192945
 9192878
 9197268
 9199719
 9171885
 9173403
 9174440
 1365966
 9174477
 9164392
 9178204
 9181245
 9182873
 9185506
 9189258
 9196551
 9196709
 9206352
 9206468
 9203496
 9204713
 9206124
 9205864
 9206234
 9205202
 9210275
 9210286
 9209232
 9208857
 9209683
 9209861
 9209917
 9210064
 9208724
 9207687
 9208104
 9209868
 9210111
 9210271
 1417230
 9207773
 1284154
 9207532
 9207486
 9209674
 9209691
 9210066
 9210132
 9209237
 9207358
 9207684
 9208278
 9209661
 9208478
 9208485
 9208706
 9206756
 9209647
 9209535
 9206727
 9209942
 1377096
 9208063
 9209268
 9206803
 9208141
 9208518
 1353833
 9208188
 9206991
 9207028
 1177923
 9163326
 9177719
 9178384
 9181838
 1379815
 0959634
 9205307
 9188747
 9197660
 9200891
 9202580
 9203324
 9204455
 9162498
 9164722
 1324638
 9179397
 9196277
 9196584
 1377514
 1377526
 1377495
 9205068
 9204688
 1377126
 9209340
 9208708
 9208331
 9209171
 9209376
 1202874
 9204569
 9208267
 9208912
 9209965
 9207990
 9169166
 9167644
 9188645
 9194413
 9198808
 9200634
 9204338
 9203031
 9202920
 9204531
 9202956
 1202379
 9208536
 9207984
 9208586
 9209802
 9208075
 9209559
 9207583
 9207976
 9208545
 9208181
 9206672
 9196195
 9200820
 9203042
 9205525
 9204584
 9200256
 1326140
 1372296
 1351782
 9163626
 9164384
 9166590
 9175011
 9187280
 1284087
 9192791
 9193262
 9191882
 9196303
 9195948
 1377456
 1344918
 9198371
 9201789
 9200325
 1378825
 9205797
 9204173
 9204717
 9204313
 9206337
 9203002
 9203948
 9204572
 9205053
 9206472
 9204426
 9205034
 9204698
 9203927
 9206270
 1315554
 9204877
 9205679
 1362605
 9204018
 9204139
 1202222
 9207926
 9209306
 9208637
 9209553
 9207375
 9207307
 9207409
 9207681
 9209501
 9210244
 9206591
 9209048
 9209063
 9209968
 9208547
 9207236
 9206946
 1315568
 9178428
 9197146
 9199454
 9202013
 9199433
 9201480
 9203339
 9206187
 9203826
 9203512
 9205880
 9208138
 9210099
 9208807
 9207109
 9207755
 9208184
 9209994
 9210007
 9209878
 1372034
 1286715
 9175719
 0959620
 9182166
 0959632
 0647151
 9192698
 1301026
 1301027
 9201561
 1301022
 9205633
 1417123
 9205851
 9206569
 9207209
 9207842
 9207402
 9208390
 9207881
 9208956
 9206909
 9207588
 1377143
 9209264
 9206613
 9207584
 9208748
 1404001
 9171233
 9201272
 9202657
 9207042
 9209799
 9208258
 9180715
 1315629
 1365853
 9201830
 9200767
 9202368
 9199568
 9202055
 9205192
 1417134
 9204608
 9203414
 9203000
 9203168
 9204013
 9204847
 9204177
 9206360
 1340169
 9208154
 9208849
 9209754
 9209928
 9208842
 9208799
 9207505
 9210110
 9209496
 9206759
 9208270
 9209491
 9209613
 9206647
 1146482
 9210215
 9207668
 9154191
 9161561
 9160269
 9171160
 9180694
 9182946
 9183274
 9182261
 9185788
 9187393
 9185988
 1362651
 9191623
 9190353
 9193999
 9194606
 9197696
 9195904
 9197711
 9196886
 1359614
 1301009
 9196999
 9197288
 9199362
 9201357
 9201805
 9199608
 9200607
 9205998
 9206136
 9204954
 9204960
 9204189
 9208944
 9207913
 9206899
 9209608
 9209678
 9207953
 9207983
 9209767
 1194402
 9206538
 9206539
 9206626
 9209278
 9207612
 9208084
 9208092
 9209996
 9208243
 9208731
 9209426
 1362877
 1372941
 1202613
 9208778
 9209554
 9207795
 9209309
 9206666
 9207729
 9159884
 9179128
 9180467
 9190125
 9197068
 9200974
 9203358
 9203841
 9203674
 9204351
 9207594
 9207802
 9209316
 9209646
 9208330
 9206861
 9208114
 9209882
 9208158
 9208100
 9208420
 9178972
 9190472
 9199592
 9200655
 1202916
 9205800
 9204612
 1301045
 9210021
 9209389
 9207938
 1378846
 1378860
 1378861
 9208935
 9209144
 9208304
 9208847
 9209522
 9207106
 9209425
 9209688
 9210171
 9207229
 9207187
 9208167
 1351230
 9162928
 9175598
 9189622
 9192039
 9193750
 9196183
 9197474
 9196236
 1351788
 9200807
 9199099
 9199414
 9199238
 9201081
 9200283
 9200294
 9200327
 9201492
 9200979
 9199472
 9203993
 9205628
 9206483
 9205343
 9205670
 9203249
 9203252
 9204583
 1382995
 9205183
 9203310
 9203315
 9209092
 9209855
 9210060
 9209163
 1284479
 9207642
 9208714
 9209345
 9209934
 9210128
 9210268
 9206579
 9207004
 9209999
 1378857
 9207675
 9209900
 9207989
 9206948
 9206954
 9206656
 9208992
 9208784
 9208647
 9200939
 9179449
 9185357
 9184778
 9197457
 9201913
 9201191
 9169431
 9185654
 9190996
 9194992
 9200145
 9199102
 9199347
 9184117
 9184224
 9184549
 9184642
 9185127
 9185397
 9189101
 9191819
 9194162
 9199453
 9206112
 9207127
 9207345
 9207597
 9178353
 9185899
 9187461
 9190839
 9195046
 9193838
 9194708
 9191779
 9194274
 9197200
 1253794
 9200019
 9200476
 9202116
 9203195
 9206461
 9203731
 9204578
 9204778
 9203842
 9205667
 9203514
 9204736
 9205671
 9204991
 9203662
 9202963
 9204793
 9205332
 9207215
 9209796
 9210203
 9207812
 9209437
 9209485
 9209798
 1417211
 1417236
 9207469
 1273391
 9209684
 1331907
 1359634
 9208716
 1286712
 1202625
 9188875
 9192256
 9205126
 9205309
 9204030
 9202779
 9205688
 9204901
 9208657
 9209032
 9175490
 9183529
 1150005
 9197874
 9199951
 9200286
 9200936
 9200435
 9199228
 9204888
 9205325
 1296623
 1417046
 1273383
 9203230
 9204114
 9206381
 9206412
 9206418
 9204004
 9204017
 9203122
 9203846
 1372277
 9208804
 9209348
 9209494
 9209720
 9207801
 1417217
 1417222
 9209350
 9209469
 9209937
 9207226
 9208470
 9206649
 9207479
 9207982
 9208640
 9209733
 9210088
 9210101
 9210225
 9209838
 9207158
 9207785
 9207472
 9208607
 9163535
 9175959
 1286929
 9182856
 9183046
 9187146
 9189556
 9190150
 9192209
 9198562
 9197760
 9197981
 9201918
 9201620
 9204999
 9206129
 9204027
 9204524
 9206344
 9206967
 9209962
 9209374
 9207477
 9209774
 1417207
 9206928
 9208427
 9210009
 9207264
 9209387
 9209892
 9209874
 9209096
 9206876
 1377566
 9208076
 9206767
 9207903
 9208140
 9210083
 9178070
 9187410
 9190635
 9197804
 1194533
 9200465
 1378838
 9202845
 9205445
 9209226
 9208105
 9207781
 1378854
 1286714
 9198298
 9204416
 9204493
 9203974
 9204271
 9205718
 9206036
 9204751
 9209827
 9207110
 9207713
 9208504
 9206962
 9210150
 9210153
 9206814
 1377558
 9207411
 9208911
 9208980
 9171481
 9178976
 9187936
 9191020
 9191418
 9194439
 9198364
 9201828
 9200959
 1311635
 9199312
 9201443
 9200525
 9204308
 9205167
 9204006
 9206419
 9203285
 9202876
 9206239
 9206246
 9204657
 9209549
 9210276
 9206802
 9209951
 9210254
 9206828
 9207712
 9208002
 9208723
 9208740
 9208877
 9209748
 9209919
 9209950
 9209998
 9208106
 1417228
 9208367
 9209282
 9209982
 9208454
 9208400
 1378852
 9210077
 9206621
 9207175
 9207385
 9206863
 9209125
 9208946
 1377551
 9208422
 9209791
 9206700
 9206729
 9206939
 9208277
 9208426
 9207082
 9207113
 9186076
 9198611
 9202336
 9201325
 9201001
 9204447
 1372001
 9202141
 9200830
 9201746
 9201392
 9199242
 9201904
 9204029
 9210283
 9208898
 9208767
 9208737
 9210138
 9209816
 9208090
 9208553
 9207998
 9208850
 9209331
 1372947
 1202886
 1378849
 9208663
 9209110
 9207252
 9208411
 9207235
 9207980
 9201947
 9201548
 9200364
 9205935
 9207231
 1378862
 9206589
 9203796
 9207724
 9160270
 9181708
 9180535
 9184380
 1194526
 9199360
 1417052
 1417075
 9199792
 9199527
 9206376
 9204703
 1351246
 9206764
 9189574
 9198034
 9202734
 9199377
 9204789
 9206295
 9206390
 9205692
 9205845
 9205407
 9202863
 9206209
 9206223
 9203980
 9203486
 9204080
 9204052
 9205605
 9207189
 9209239
 9208839
 9207582
 9208260
 9209790
 9209905
 9210103
 9207267
 9209040
 1417213
 1417231
 1417232
 1417238
 9206616
 9209436
 9208067
 9208272
 9209317
 9207447
 9207786
 9210047
 9210096
 9207196
 9208760
 9210004
 9206994
 9206702
 9209578
 9209070
 9209884
 9209724
 9206636
 9208508
 1389773
 9208268
 9209530
 9208450
 9208928
 1377145
 9208008
 9209865
 9208156
 9208329
 9208879
 9210179
 9206988
 9209046
 9207051
 9207069
 9207662
 9207955
 9208324
 9208395
 9208643
 9208894
 9209173
 9209837
 9208433
 9202207
 9204462
 9175814
 9185437
 9184568
 9194806
 9197792
 9197698
 1301003
 9202244
 9201234
 9201173
 0959649
 1301024
 9204490
 9206343
 9203985
 1417118
 9206397
 9205417
 9205649
 1301048
 9210031
 9208890
 9209851
 9210250
 9208860
 9207458
 1417226
 9207569
 9207124
 9207467
 9207093
 9209936
 9198472
 9202731
 9207033
 9207046
 9199233
 9201038
 9208464
 9207223
 9209603
 9210212
 1378848
 1378871
 1378875
 9206780
 9207233
 9207753
 1378914
 9170085
 9177337
 9189877
 9195711
 9197536
 1372025
 9201366
 9202074
 9199256
 9202356
 9200246
 9200605
 9201426
 9205665
 9206358
 9206424
 9204871
 9203583
 9194121
 9165404
 9163313
 1394216
 9189949
 9194916
 9191856
 9194600
 9198407
 9198578
 9196078
 1286842
 9201025
 9202465
 9201682
 9201932
 9199048
 9200203
 9199487
 9199890
 1202343
 9202858
 9203801
 9204203
 9204410
 9206252
 9205846
 9203559
 9206063
 9203289
 9203656
 9205528
 9204083
 1202399
 9210087
 9207715
 9209626
 9210210
 1378859
 9209638
 1315575
 9208284
 9209465
 1326171
 9157284
 9160896
 9172982
 9173514
 9176086
 9178075
 9179842
 9178338
 9179996
 9183129
 9182113
 1273192
 9186583
 9187884
 9184968
 9185671
 9184713
 9189287
 9188660
 9189352
 1326139
 1253726
 9195291
 9192859
 1194524
 9195290
 9193377
 9195169
 9193065
 9198190
 9197236
 9198753
 9197680
 9197936
 1011900
 9195857
 9195649
 9197058
 9198063
 9199116
 9199123
 9199191
 9202630
 9199199
 1389682
 9199177
 9201004
 9201882
 9199441
 9199175
 9199627
 9200517
 9200594
 9206423
 9206323
 1417108
 9204611
 9205336
 9206429
 9206432
 9206452
 9205908
 9204417
 9206235
 9204449
 9205310
 9205984
 9206200
 9202936
 9205200
 1202216
 9210131
 9207807
 1417223
 9209527
 9209233
 9208341
 9207685
 9208634
 9210105
 9208612
 9208213
 9207120
 1377552
 1377564
 9209029
 9208263
 9207243
 9208925
 1378679
 9167885
 1378633
 9190208
 9196569
 1315625
 9181026
 1389806
 9195885
 9196940
 1301016
 9200848
 9202531
 9199909
 9205203
 9203112
 9203800
 1240378
 9205005
 9204543
 9202967
 1202375
 1202376
 9208274
 9209490
 9208352
 9209871
 9206770
 9208335
 9206816
 9209519
 9207335
 9209723
 9207735
 1357920
 9208115
 9208237
 9209593
 9207072
 9207448
 9207743
 9209013
 1404702
 9198232
 9202371
 1372724
 9194333
 9208843
 9200289
 9202639
 9199870
 9199474
 1417004
 9202452
 1240370
 9201033
 9198953
 9206498
 9209136
 9209639
 9210055
 9207791
 9206890
 9210201
 9210228
 9210247
 9208965
 9165567
 9199927
 9200332
 9204836
 9203426
 9208811
 9208038
 1417235
 9207514
 9207117
 9207050
 9207578
 9207551
 9208077
 9206872
 9207378
 9207405
 9206692
 1372722
 9147032
 9147036
 9150104
 9150110
 1011860
 9156638
 9163481
 9187935
 9185144
 9190868
 9189349
 9193430
 9195588
 9199771
 9199986
 9201951
 9201451
 9203361
 9202906
 9204328
 9205238
 9204617
 9204963
 9204978
 9206159
 9203501
 9203840
 9202992
 1340166
 9208265
 9208342
 9207939
 9209697
 9209895
 9207040
 9207502
 9210057
 9208680
 9209143
 9209806
 9207322
 9197464
 9197641
 1202360
 9204229
 9204339
 9203794
 1377140
 9203478
 9203402
 9205849
 9207192
 9209286
 1284152
 9209128
 9209393
 9210143
 9209005
 9209018
 9209073
 9207858
 9209624
 9208079
 1202231
 1202612
 9194125
 9192248
 1389713
 9198103
 9201430
 9200459
 1273385
 9205833
 9205855
 9203768
 9204424
 9202993
 9203931
 9208690
 9206708
 9206927
 9208088
 9208997
 9207590
 9208186
 9207810
 9209158
 9207956
 9208901
 9150215
 9167914
 1360447
 9176687
 1376876
 9186529
 9190662
 9198279
 9198502
 1235456
 9195784
 9199950
 9201774
 9201298
 9201344
 9201006
 9200705
 9201332
 0959650
 9204053
 9205521
 1273379
 9206169
 9202816
 9203685
 9203319
 9203604
 9204407
 9202903
 9203405
 9203756
 9204048
 9204631
 9208164
 9208317
 9207490
 9208538
 9207463
 9207487
 9208182
 9206774
 9207618
 9208443
 9209505
 9206763
 9208452
 9209137
 9209680
 9209966
 9210161
 9210232
 9210243
 9210252
 9210255
 9208083
 9208204
 9209217
 9210089
 9208951
 9209685
 9209981
 9209367
 9208579
 9209539
 9210073
 9207309
 9206937
 9206945
 9206951
 9207139
 9207869
 9208902
 9209011
 9209349
 9207254
 9207070
 9201874
 9205057
 9204586
 9207431
 9208833
 9210142
 9208563
 9207591
 9209394
 9173430
 9173801
 9174211
 9174292
 9177065
 9178333
 1362374
 9180409
 9182082
 9186021
 9184167
 9195894
 9199073
 9199829
 9199915
 9204468
 9207544
 1373591
 9198048
 9198694
 1240368
 9198950
 0959645
 9204225
 9204040
 9202797
 9206598
 1331904
 9209932
 9209311
 9206625
 9208431
 1301057