16-08-09
 9152881
 9156489
 9140697
 9158471
 9161558
 9161514
 9165375
 9165264
 9163710
 9164560
 9167671
 9168600
 9169356
 9166241
 9169748
 9169666
 9169687
 9167320
 9162196
 9165827
 9169539
 9169578
 9168401
 9168437
 9168455
 9145740
 9148218
 9148721
 9157919
 9162130
 9162720
 9162461
 9164721
 1332571
 9164178
 1273152
 9165608
 9165942
 9165393
 1146329
 9165147
 9167860
 9166454
 9167322
 9166766
 9168587
 9169107
 9169350
 9169468
 9169684
 9169716
 9169743
 9169351
 9166879
 9167157
 9167163
 9169496
 9169541
 9169723
 9166842
 9169605
 9166439
 9166256
 1377327
 9166835
 9167228
 9166754
 9168916
 9168934
 9166608
 9167210
 9144395
 9151448
 9148087
 9148635
 9150137
 9155725
 9158285
 9157916
 9150134
 9159387
 9158771
 9156895
 9164341
 9164638
 9168341
 9167792
 9169109
 9166154
 9166395
 9131761
 1378557
 9133949
 9138112
 9143367
 9143483
 9140830
 0976409
 1010139
 9147526
 9149598
 9149143
 9147219
 9155486
 9159009
 9158836
 9162780
 9162717
 9164039
 9117479
 9127204
 9125458
 9124565
 9163813
 9130076
 9128031
 9134253
 9138870
 9141635
 9144747
 9145445
 1324507
 9149388
 9148158
 9148364
 9147753
 9149017
 9149028
 1351202
 9157718
 9160120
 9163526
 1359666
 9159013
 9167022
 1358425
 9167973
 9166731
 9168328
 9167350
 9167904
 9167273
 9168238
 1372598
 9166635
 9166194
 9166201
 1364315
 9140315
 9145707
 1368365
 9148390
 9148722
 9152336
 9153403
 9155710
 9154177
 9155701
 9159889
 9160035
 9159878
 9130368
 9129322
 9130365
 9129594
 9129700
 9132306
 9136919
 9135155
 9134255
 1323147
 9155898
 9155356
 9152969
 9157803
 1243151
 9157494
 9121378
 9146005
 9152355
 9150451
 9155868
 9158930
 9158647
 9161601
 9162381
 9161770
 9164571
 9162865
 9165275
 9163765
 9165354
 9165720
 9166520
 9167913
 1322501
 9167310
 9169564
 9169651
 9169696
 9166578
 9167739
 9169019
 9169436
 9169246
 1373197
 9167070
 9167859
 9167365
 9167802
 9166099
 9167879
 9168345
 9169146
 9169681
 9169825
 9167568
 9166137
 9166806
 9166811
 9166953
 9167082
 9168170
 9168037
 9168016
 9169264
 9166320
 9167233
 9167939
 9168387
 9168100
 9167388
 9168473
 9167453
 9167887
 9168651
 9168324
 9168335
 9146427
 0647210
 9153795
 9157599
 9160217
 9163133
 9163979
 9165338
 9163559
 1160924
 9163812
 9164414
 1011988
 9168732
 9167971
 9166744
 9169638
 1150211
 9167684
 1373813
 9158214
 9158108
 9162660
 9133388
 9139397
 9146620
 9147604
 9148289
 9150721
 9152622
 9152963
 9155209
 1378612
 9155135
 9158362
 9159907
 9157590
 9160513
 9161228
 9161843
 9162329
 9165614
 1378750
 9164759
 1160945
 9163896
 9164049
 9164064
 1011997
 9166170
 9166181
 9168985
 9169208
 9167670
 9168995
 9168042
 9167716
 9167013
 9167323
 9169387
 9167037
 9168315
 9169584
 9168817
 9168824
 9167034
 9156585
 9157587
 9159046
 9162087
 9162300
 9164887
 9169445
 1358447
 1389975
 9157094
 9158816
 9159877
 9162439
 9160895
 9164217
 9163476
 9165257
 9165710
 9165606
 1315815
 9164004
 9167254
 9169184
 9167363
 9168507
 9167937
 9167297
 9169065
 9166186
 9168003
 9157665
 9159960
 0647221
 9158640
 9157410
 9156807
 1351213
 9162651
 9162722
 9160309
 9162545
 9160539
 9161925
 9165494
 9164185
 9162919
 9164522
 9163521
 9163330
 9165396
 9166919
 9167815
 9168231
 9169598
 9167614
 9166764
 1310884
 9166193
 9167381
 9168002
 9168041
 9169669
 9168738
 9168621
 9169118
 9168206
 9166461
 9169080
 9167364
 9168624
 9167186
 9168705
 9168253
 9141213
 9140845
 1357735
 9144584
 9143666
 0647211
 9150907
 9154104
 9154029
 9153028
 9153471
 9157486
 1358412
 9156569
 9162474
 9164885
 9164976
 9165028
 9165021
 9169036
 1358614
 9166508
 9168311
 9168432
 9168878
 9153515
 9161832
 9162336
 9160359
 9163299
 1304626
 9167291
 9167171
 9166566
 9167719
 9167446
 1378772
 9166244
 9169510
 9166350
 9169098
 9163253
 9159296
 9165555
 9165980
 9164052
 9164819
 9168531
 9169511
 9169727
 9146440
 9153916
 9161523
 9162728
 9160126
 9160860
 9161325
 9165648
 9163421
 9163444
 9164381
 9163585
 9168707
 9167767
 9168491
 9167809
 9166249
 9166310
 9169672
 9167086
 9166263
 9167635
 9167204
 9167897
 9167906
 9166762
 9169384
 1249842
 9138300
 9149502
 9155871
 1360415
 9158163
 9157287
 9159887
 9157044
 9162008
 1160915
 9162680
 9164098
 9163334
 9165160
 9163985
 9163401
 9163903
 9166004
 9166005
 9164636
 9163350
 9163455
 9163920
 9163948
 9163954
 9163405
 9164912
 9167112
 9168816
 9168380
 9168962
 9168698
 9167012
 9169289
 9167966
 1252271
 9166505
 9166700
 9168871
 9167662
 9168018
 9167431
 9166748
 9167920
 9168404
 9169796
 9166745
 9169504
 9168798
 9168166
 9167882
 9169513
 9168435
 9154725
 9162538
 9168407
 9166117
 9168221
 1304604
 9166675
 9168159
 1202863
 9104762
 9141140
 1368369
 9146971
 9149243
 9153323
 9152982
 9157389
 9159201
 9161264
 9161942
 9163512
 9165748
 9165508
 9165202
 9163961
 9165937
 9164493
 9164173
 9165541
 9166637
 9167503
 9167517
 9169031
 9169355
 9168350
 9166954
 9167558
 9168854
 9167049
 9167054
 9168974
 9166972
 9167267
 9167784
 1249844
 9167999
 9167328
 9168285
 1351174
 9162034
 1376016
 9163797
 9164476
 9169232
 9169514
 9166480
 9167946
 1378788
 9169595
 9167249
 9168243
 9169186
 9166324
 9166565
 9167127
 9167455
 9167516
 9167746
 9168279
 9168497
 9169223
 9166096
 1372643
 1372683
 9166453
 9143473
 9148828
 9150123
 1253751
 9161635
 9161800
 9164026
 9164162
 9164416
 9163002
 9163984
 1389933
 9163235
 1359655
 9163655
 9169014
 9168915
 9168296
 9167797
 9167865
 9169009
 9169216
 9169715
 9169817
 9166211
 9168527
 9167378
 9169056
 9168267
 9144217
 9155885
 9153477
 9157932
 9158463
 9157912
 1243159
 9160861
 9160399
 1359549
 9160607
 9162623
 1324887
 9158482
 9162566
 9162734
 9169746
 9169818
 9169823
 9163565
 9134011
 9134060
 1359527
 9149503
 9148745
 9154414
 9154548
 1324899
 9158386
 9157523
 1373177
 9161815
 9163042
 9165427
 9164154
 1311615
 9165206
 1357902
 1357903
 9164126
 1344988
 1344987
 9167278
 9168306
 9169460
 1373188
 1310869
 9168321
 9168340
 1358429
 9169369
 1359670
 9166250
 9167987
 9168057
 1253775
 1253777
 9158610
 9167208
 9169579
 9168352
 9166242
 9168286
 1315848
 9166356
 9167165
 9167556
 9166914
 9141612
 9146796
 9153746
 9155506
 1372788
 1351187
 9157762
 9157610
 9156728
 9159238
 9158708
 9157866
 9161462
 9161312
 1332565
 9164633
 9165397
 9164190
 0937176
 9165599
 9163913
 9162917
 9164708
 9164319
 1359659
 9162857
 9162965
 9163587
 9162844
 9169832
 9169544
 9167735
 9166203
 9166424
 9166605
 9167376
 9168155
 9169521
 9169536
 9169562
 9169737
 9166891
 9168728
 9168617
 1315751
 9166101
 9167081
 9167252
 9168075
 9168027
 9168756
 9169189
 9169279
 9168924
 1390631
 9147710
 9156314
 9158808
 9156490
 9162463
 9160427
 9162628
 9160216
 9161716
 9164929
 9163747
 9163835
 9165921
 9165594
 9164379
 9164563
 9163697
 9165824
 9169661
 9169834
 9168926
 9169048
 9169220
 9169371
 9169574
 9168177
 1310860
 9166200
 9166372
 9167788
 9168618
 9166104
 9167067
 9168869
 9169479
 9169688
 9169642
 9167308
 9166352
 9166351
 9166886
 9167052
 9168918
 9126474
 9124607
 9124529
 9139575
 9139768
 9150899
 9154482
 9153828
 9165429
 9165385
 9165588
 9165971
 1240389
 9164269
 9169459
 9169310
 9168354
 9168997
 9169463
 9169702
 9168043
 9167198
 1377337
 9167354
 9168336
 9142510
 9154345
 9154273
 9158384
 9159276
 9162646
 1373183
 9161852
 9162546
 9161822
 9160778
 9162164
 9160608
 9165266
 1376024
 9164818
 9165679
 9163065
 9164802
 9165199
 9163947
 9164662
 9167595
 9166243
 9166546
 9166949
 9167398
 1332694
 9169157
 9169179
 9169293
 9169520
 9166685
 9168925
 9166456
 9169007
 9169428
 9169503
 9169671
 1310873
 9167804
 1272768
 9169265
 9169272
 9169278
 9169346
 9168230
 9169610
 9169694
 9168078
 9166148
 9166348
 9166760
 9166588
 9168167
 9167494
 9168945
 9166434
 9168216
 9167581
 9167890
 9166551
 9168157
 9169084
 1324637
 1324646
 9166969
 1372681
 1372684
 9161895
 9167207
 9167015
 9166166
 9167843
 9167988
 1360441
 9167427
 9166362
 1359675
 9168942
 9166176
 9166540
 9168747
 9166813
 9166982
 9169405
 9168605
 1372796
 9162507
 9165525
 9163751
 9163171
 9167491
 9166114
 9166139
 1378764
 9167744
 1304635
 1160943
 9146323
 9150063
 9156689
 9160080
 9164965
 9165754
 9165808
 1322503
 9166616
 9167106
 9167123
 1377322
 9167515
 9167154
 9169227
 9166559
 9167117
 9125536
 9151081
 1358947
 9159737
 9158309
 9160798
 9162833
 0937159
 9165882
 9162907
 9164778
 1362792
 9168545
 9161541
 9161180
 9164892
 9162885
 9164537
 1389948
 9164253
 9163704
 9164686
 9165045
 1340022
 9168357
 9166379
 9166920
 9168474
 9169366
 9167085
 9167250
 9168287
 9168762
 9167808
 9169006
 9169161
 9169170
 1310868
 9169478
 9169559
 1311618
 9166195
 9167495
 9167693
 9168973
 9168780
 9169618
 9169708
 9167640
 9167855
 9168703
 9169053
 9169136
 1378768
 1378771
 9166561
 9167546
 9168051
 9168433
 9168518
 9166554
 9166769
 9168270
 1359672
 1315758
 9169500
 9166358
 9166961
 9167456
 9168953
 9166340
 9166974
 9167368
 9166498
 9168010
 9169244
 9145539
 9142660
 9143741
 9148777
 9151450
 9152367
 9155142
 9154107
 9154838
 9161243
 9161639
 9165613
 9163391
 9163558
 9163130
 9163600
 9169760
 9167636
 9167285
 9169437
 9167506
 1310883
 9166941
 9167810
 9169505
 9167144
 9168464
 9169456
 9169222
 9159985
 9160119
 1372644
 1324867
 9165898
 1390522
 9165235
 9169569
 9169394
 9168247
 9012028
 9112796
 9121516
 9134551
 9138694
 9144269
 9146133
 1367202
 1367204
 9146626
 1322467
 9146645
 9150669
 9150429
 9150433
 9150777
 9151402
 9151414
 0959061
 0959062
 9155556
 9152968
 9154719
 9154750
 9154763
 9156138
 9152925
 9154290
 9154298
 9155044
 9155052
 1011938
 9157675
 9157683
 9157691
 9156631
 9156645
 9156647
 9156650
 9157727
 9158496
 9159279
 9142969
 9163389
 9166575
 9137661
 9145912
 9158243
 9159393
 9157226
 9158777
 9161535
 9162589
 9160897
 9161222
 1351231
 9164974
 9165854
 9163696
 9165033
 9148827
 9153119
 1377662
 0647217
 0647225
 9162489
 9162638
 9163766
 9164492
 9165489
 9165743
 1377303
 9164750
 1011993
 9165786
 9167393
 9169502
 9169617
 9169722
 9167403
 9167237
 9167140
 9166384
 9166569
 1146332
 1372633
 1372679
 1372602
 1372604
 9137836
 9139154
 9139059
 9146353
 9144365
 9148660
 9155224
 9153210
 1324893
 1351209
 9157993
 9158650
 9159529
 9158834
 9156854
 9157371
 9157438
 9161537
 9160187
 9161388
 9162533
 9160629
 9161926
 9161328
 9161861
 9161542
 1332688
 9164725
 9163102
 9163160
 9165419
 9162941
 9164193
 9163208
 9164316
 9165513
 9164713
 9166667
 9169119
 9168458
 1310862
 1310870
 9167185
 9168558
 9169082
 9168266
 9168442
 9168459
 9166830
 9166938
 9166655
 9166717
 9168986
 1389911
 1378732
 1378758
 1378533
 9143942
 9147949
 9154050
 9154971
 9155512
 9160063
 9159553
 9159885
 9158133
 9156482
 1378727
 9160226
 9161608
 9166049
 9163849
 9163513
 9165148
 1358608
 9164176
 9164113
 9162837
 9164701
 1011990
 9168149
 9166930
 9167627
 9169035
 9168169
 9168750
 1310889
 9169575
 9168782
 9169590
 1378765
 9169406
 9166633
 9167941
 9166387
 9167342
 9167239
 9166118
 9167567
 9168055
 9168193
 9166909
 9168972
 9168046
 1372596
 1372597
 9169168
 9169344
 9169554
 1389955
 9143468
 9153141
 9154018
 9155285
 9162579
 9160369
 9162355
 9162348
 9164157
 9162800
 9164893
 9168260
 9167269
 9168532
 9167729
 9169284
 9169315
 9169667
 9169270
 9166814
 9168179
 9169586
 9168715
 9169620
 9167125
 9169199
 9143285
 9159322
 9157808
 9158159
 9159362
 9162811
 9164366
 9165110
 9164376
 9165820
 9164021
 1344990
 9167980
 9167866
 9169187
 9168533
 9166638
 9168330
 9168522
 9169606
 9169612
 9169051
 9168511
 9168412
 9142614
 9153315
 9155975
 9155691
 9155345
 9159342
 9162554
 9161501
 9162371
 9164075
 9164535
 9165294
 9163110
 9164202
 9165030
 9165077
 9164179
 9165889
 9164469
 9165408
 9165439
 9165686
 9165803
 9165847
 9163091
 9167947
 9168528
 9168881
 9169701
 9167829
 9169269
 1376027
 9167817
 1358419
 9168272
 9168608
 9169648
 9167420
 9166204
 9164767
 9141274
 9154408
 9156405
 1378737
 9161828
 9161783
 9164351
 0937164
 9163918
 9163375
 9165755
 9165912
 9164791
 9164609
 9164450
 9164564
 9165224
 9163345
 9165126
 9163877
 9165642
 9169191
 9169674
 9168004
 9168346
 1272767
 9166750
 9167870
 9168699
 9168494
 9168011
 9167545
 1394236
 9163195
 9164097
 9163894
 9164048
 9163135
 9166645
 9169313
 9166385
 9166182
 9168536
 1315837
 1315850
 9139281
 9141002
 1339094
 1254946
 1351178
 9152702
 9159655
 1253758
 9165501
 9168964
 9166600
 9145111
 1297305
 9148666
 9160064
 9157493
 9158774
 9156499
 9157547
 9156517
 9159938
 9161940
 9162014
 9160157
 9160417
 9163163
 9162869
 9162984
 9163520
 9165280
 9165285
 9163447
 9163953
 9163667
 9166031
 9164647
 9166730
 9166933
 9167620
 9167761
 9168485
 9168789
 9169447
 9169557
 9168637
 1376028
 9166719
 1373187
 1310851
 1310861
 1310866
 9166305
 9168496
 9166180
 9166191
 9166334
 9166462
 9166466
 9166610
 9166937
 9167170
 9167660
 9169104
 9169577
 9169582
 9169713
 9169726
 9166740
 9167766
 9167812
 9169508
 9169680
 1378766
 1378774
 1378784
 9167076
 9168827
 9166840
 9167903
 9167467
 9169297
 9167604
 9167915
 9169828
 9167078
 9166123
 9168650
 9168246
 9167099
 9167565
 9169088
 9166481
 9166493
 9166843
 9166865
 9167370
 9168233
 9168288
 9144125
 9147813
 9150699
 9151983
 9157733
 9159273
 9159315
 9156804
 9160385
 9160411
 9162863
 9164504
 9164035
 9163745
 9164055
 9164666
 9168492
 9166184
 9166737
 9167872
 9169296
 9166746
 9169309
 9168563
 9129790
 1378591
 1378592
 9144563
 9144315
 1315867
 9168956
 9166555
 9162662
 9160598
 9162315
 9163077
 9165510
 9163551
 9165595
 9165636
 9163380
 1324960
 9150570
 9155373
 9156161
 9155659
 9154791
 9159345
 9161356
 9162225
 9166046
 9163291
 9165810
 9165982
 9165175
 9164511
 9164714
 9164738
 9147961
 9153262
 9153593
 1358935
 9155994
 9159605
 9160018
 9158699
 9156673
 9157399
 9162778
 9161075
 9161856
 9161583
 9162525
 9162284
 9165902
 9164728
 9165809
 9164216
 9165112
 9163778
 9163678
 9165341
 9163546
 9165727
 1378759
 9164120
 9163371
 9164036
 9165442
 1304628
 9162822
 9163084
 9164926
 9162738
 9160956
 9160791
 9165287
 9142326
 9144961
 9160389
 9159807
 9158575
 9157811
 9159854
 9157249
 9161004
 9162350
 1359651
 9164847
 9165533
 9163165
 9163651
 9128326
 9128978
 9128735
 9127334
 9131453
 9134034
 1339895
 9137489
 9137447
 9137448
 1359333
 9142536
 9141210
 9140504
 9142337
 9145313
 9146852
 9149295
 9146654
 9147599
 0647203
 9160041
 1240359
 9154283
 9160069
 1372677
 9163475
 9164644
 9164087
 1160215
 9164536
 9163095
 9165214
 9164047
 1253978
 1253981
 9164322
 9147546
 1373880
 9153715
 9153662
 9140137
 9141387
 9151906
 9152743
 9156642
 9158558
 9158007
 9157907
 9162587
 9161674
 9160363
 9162139
 9162598
 9162645
 9161652
 1160913
 1377696
 9161604
 9160377
 9161778
 9165782
 9164843
 9165568
 9165641
 9165678
 9165681
 9165766
 9165270
 9164285
 9165197
 9164058
 9165249
 0937187
 9162799
 9164810
 9165531
 9162868
 9163746
 9165549
 9165675
 9165758
 9165794
 9165899
 9165954
 9165956
 9166002
 9163650
 9164769
 9165509
 9165515
 9165672
 1378309
 9164069
 9164947
 9165109
 9164963
 9165670
 1160950
 9165289
 9165507
 9165523
 9162823
 9163638
 9164084
 9164696
 9163529
 9163041
 9164451
 9159893
 9141216
 9148118
 9152821
 9157193
 9159593
 1378703
 9159507
 9160426
 9152352
 1014358
 9157824
 9159678
 9158398
 9158025
 9157925
 1373898
 9160222
 9164749
 9164665
 1315820
 9124884
 9146292
 9145557
 1377793
 9153364
 9154512
 9155979
 9159534
 9159455
 9157323
 9160432
 1160911
 9161044
 1326297
 9163872
 9163410
 9165551
 9164305
 9164795
 9164272
 1011992
 9165688
 9153712
 9160065
 9158206
 9161336
 9161648
 9128674
 9138705
 1362967
 9156021
 1188011
 9153319
 1359528
 9159177
 9156682
 9159769
 9157052
 9157221
 9158842
 9161727
 9162708
 9162710
 9162470
 9161636
 9160613
 9160195
 9164839
 9164980
 9165581
 9163151
 9165463
 9163278
 9163285
 9165788
 0836460
 9163828
 9163859
 9147912
 1324886
 9156487
 9162781
 9161113
 9162712
 9162233
 9161403
 9145776
 1324904
 9159683
 1373167
 9160616
 9151400
 9152166
 1351218
 9160817
 9162454
 9165879
 9165907
 9163741
 9165783
 9165084
 9159531
 9157704
 9157123
 9161149
 9161459
 9162334
 9161440
 9160263
 9160265
 9162804
 9163882
 9164627
 9165477
 9163555
 9163059
 9163773
 9165012
 9159320
 9159130
 9159533
 9161603
 9162278
 9162629
 9161565
 1378308
 9165142
 9165357
 9132013
 9139039
 9148210
 9150955
 9153977
 9158974
 9158740
 9157130
 9158304
 9159902
 9156973
 9161252
 9160853
 9161997
 9162324
 9161407
 9160800
 9161498
 9161534
 9161536
 9164740
 9164371
 9164917
 9162906
 9163731
 9163167
 1357904
 9163251
 9165819
 9164486
 9164387
 9164445
 9165631
 9163956
 9164328
 9143602
 9150034
 9155866
 9153884
 9157870
 9157955
 9162754
 9162221
 9162559
 9163445
 9164250
 9165348
 9164317
 9157756
 1332564
 9163082
 9164940
 9163131
 9164405
 9140484
 9144520
 9147645
 9149677
 9149687
 9152252
 9150799
 9154792
 9158015
 9158573
 9158094
 9158144
 9158635
 9159446
 9158090
 1377682
 9159898
 9162689
 9161142
 9162029
 9161748
 9161412
 9161415
 9162143
 9161448
 9162001
 9162191
 9161235
 9165671
 9164960
 9165834
 9165968
 1378755
 1378756
 1378760
 9163169
 9165231
 9163937
 9165070
 9164086
 9163658
 9075217
 1378570
 9145784
 9148840
 9151315
 1358942
 1360421
 9160501
 9160802
 9161003
 1351221
 9163553
 9163676
 9163942
 9165053
 9165097
 9165470
 9164690
 9164959
 1240390
 9165159
 9165502
 9164177
 9165649
 9164631
 9163759
 9163804
 9164095
 9164905
 9165362
 9163434
 9165308
 9164114
 9144137
 1315909
 9156283
 9153806
 9160020
 9159918
 9158639
 9158698
 9162726
 9160558
 9160528
 9160532
 9165239
 9163463
 9165273
 9162934
 9163869
 9165168
 9165602
 9165945
 9165961
 9165991
 9163592
 9165702
 9164155
 9163362
 9164982
 9162809
 9165195
 9164657
 9163571
 9129628
 9141413
 9141622
 9140728
 9148769
 9157961
 9157478
 9162096
 9162152
 9160400
 1050723
 9165420
 1160212
 1014397
 9132375
 9149617
 1389914
 1378617
 9156936
 9157049
 9157059
 9161335
 9146715
 9157885
 9162292
 9162367
 9162732
 9162943
 9146677
 9147198
 9150763
 9151219
 9150365
 9152284
 9153216
 9152817
 9155038
 9152995
 9157483
 9156843
 1377688
 9156842
 9156521
 9158325
 9157087
 9162724
 9162739
 9160595
 9160474
 9161316
 1253767
 9160328
 9161497
 9162462
 9162491
 9165345
 9164409
 9165521
 9165583
 9163737
 9164197
 9164806
 9165661
 1376020
 0937153
 0937172
 9164457
 9162842
 9165220
 9163120
 9164751
 9163115
 9165029
 9164115
 9165517
 1344991
 9163955
 9150602
 9162923
 9165169
 9165789
 9164051
 9165335
 9164897
 9164485
 9162935
 9164307
 9165674
 9163951
 9163890
 9106521
 9134753
 9144943
 9149188
 9151530
 9151478
 1373866
 1373868
 9156107
 9152814
 9157639
 9158870
 9161517
 9162635
 9162173
 9160508
 9160458
 9160729
 9162263
 9164796
 9165611
 9165800
 9162801
 1376012
 9163908
 9162827
 9165194
 9165928
 9165940
 9165969
 9162996
 9164244
 9164359
 9147856
 1378695
 9151732
 9152213
 9152818
 9154985
 1359539
 1324915
 9160012
 9158063
 9158473
 9158827
 9161043
 9161291
 9161712
 9160858
 9161495
 1373174
 9160837
 9160512
 9160177
 9162729
 1378734
 9162182
 9160950
 9161175
 1315808
 9161850
 9160622
 9162085
 9160906
 9161215
 9161311
 9165989
 9162802
 9165561
 9165630
 9165970
 9163760
 9162932
 9165505
 9165884
 9165922
 9164783
 9165227
 9164667
 9162853
 9162854
 9163338
 9164338
 9131634
 9144595
 9152852
 9155781
 9161819
 9162805
 9164583
 9164652
 1160213
 9142610
 9161626
 9160842
 9160845
 9166050
 9166051
 1340020
 9163603
 9165520
 9163928
 9164180
 9165660
 1378753
 1240388
 9163843
 9165440
 9162966
 9163144
 9164840
 9165243
 9163111
 9135303
 1377714
 9153166
 9155703
 9156111
 9153397
 9156952
 1311611
 9160034
 9158284
 9159562
 9157643
 9159376
 9158669
 9157637
 9162743
 9160407
 9162459
 9161200
 9161773
 9161650
 9161882
 9161827
 9160158
 9161642
 1324618
 9160221
 9161810
 9165586
 9165596
 9165826
 9164325
 9164372
 9165532
 9165658
 9165904
 9165414
 9165763
 1376023
 0937171
 9164774
 9164786
 9164825
 9164531
 9165364
 9165855
 9165944
 9165951
 9164001
 9163646
 9164741
 9165411
 9163770
 9164407
 9164611
 9163176
 9164396
 9165150
 9163518
 9163618
 9163688
 9163967
 9165446
 9164720
 9164660
 9165058
 9163701
 9164771
 9157434
 9159327
 9156488
 9163865
 9145515
 1249751
 9151937
 1324868
 9156730
 9162151
 9161763
 9164156
 9163418
 9164539
 9163557
 9162870
 9163923
 9165158
 9164071
 9164167
 9164370
 9165095
 9163346
 9165011
 9163236
 9163019
 9164477
 9166042
 9164773
 9159981
 9156441
 9160175
 1378724
 9163382
 1378762
 1359664
 9141522
 9146412
 9158464
 9162812
 9163686
 9164952
 1284283
 1194507
 9165022
 9163629
 9163168
 9164232
 9146985
 9165003
 9163323
 9141783
 9141732
 9144616
 9151973
 9151179
 9152677
 1377746
 9154248
 9153930
 9156814
 9157953
 9157012
 1362759
 9161945
 9160983
 9153147
 9159067
 9159209
 9158327
 9159871
 9157835
 9158710
 9158733
 9159511
 9157934
 1365826
 9162425
 9162617
 9162419
 9162610
 1378729
 9162871
 9163046
 1351219
 9164420
 9165796
 9165173
 9163761
 9164070
 0937180
 9163344
 9165094
 9162889
 9163836
 9165919
 9165979
 9163492
 9163966
 9165828
 9164488
 9164509
 9162816
 9163422
 9164279
 1160922
 1160925
 1315822
 9165240
 9164555
 9164670
 9163575
 9162959
 9163113
 9163117
 9163118
 9163121
 9163457
 9163609
 9165125
 9163396
 9164919
 9164931
 9142603
 9151598
 9151961
 9153155
 9158098
 9157515
 9157525
 9161116
 9162698
 9162730
 9160559
 1359550
 9162468
 9162478
 9166026
 9162946
 9162840
 9165601
 9165650
 9165707
 9163752
 9163400
 9163474
 9163895
 9162807
 9164406
 1011986
 9164789
 9143258
 9143266
 9165358
 9163968
 1011853
 9161833
 9165798
 9164354
 9165925
 9165229
 9162918
 9164540
 9164059
 9163645
 1340018
 9165615
 1362752
 9149194
 9147304
 9149059
 9156132
 9138464
 9148355
 9152696
 9159278
 9157019
 9158806
 9156857
 9161177
 9160632
 9162511
 9162642
 1160917
 9161765
 9160382
 9161806
 9161823
 9163665
 1373001
 9165054
 9165483
 9165522
 9165893
 9165934
 9163978
 9164939
 9163673
 9164730
 1377302
 9162859
 9162948
 9139926
 9141112
 9141289
 9143030
 9144084
 9143813
 9149220
 9146572
 1389915
 9147944
 9147294
 9148574
 9149531
 1323124
 9150272
 9150517
 9151776
 9154185
 9154949
 9155764
 9154869
 9153521
 9152623
 9155070
 9154775
 9158953
 9160019
 9157114
 9158313
 9157464
 9156912
 1377686
 9159049
 9156445
 9157463
 9157946
 9161553
 9162390
 9161295
 9162534
 9160674
 9161588
 9161164
 9160866
 9160750
 9161797
 9161805
 9161096
 9162420
 9164288
 9165060
 9165332
 9164821
 9165000
 9163305
 9164348
 9164280
 9164705
 1378516
 1315995
 9141606
 9155064
 9159866
 9158168
 9158646
 9157805
 9157211
 9148388
 9156211
 9155730
 9158441
 9158999
 9160223
 9162075
 9160647
 9160153
 9160276
 9162378
 9161114
 9160071
 9161789
 9162858
 9163141
 9163154
 9163369
 1351228
 9164121
 9165043
 1358610
 9165570
 9164100
 9162875
 9164203
 9164291
 9164575
 1160948
 9163074
 9163652
 9164408
 9165209
 9164780
 1372382
 9161525
 9161656
 1358622
 1146330
 9147442
 9149787
 9148452
 9153443
 9154798
 9153848
 9160013
 9159522
 9159740
 9157484
 9160016
 9156494
 1304623
 9158331
 9157474
 9162779
 9162493
 9161288
 9161767
 9162625
 9162696
 9161924
 9162194
 9161293
 9161629
 9163192
 9163128
 9164297
 9165903
 9165906
 9165926
 9165994
 9164033
 9165149
 9153110
 9158975
 9156954
 9157995
 9161005
 9161743
 9161944
 9160577
 9162873
 9163085
 9163680
 9163271
 1377301
 9163816
 9165813
 9165120
 9163642
 9163780
 9164452
 9165677
 9140633
 9147029
 9148109
 9150379
 9153163
 9153866
 9156739
 9158738
 9156940
 9158266
 9160925
 9161082
 9161622
 9161528
 9160224
 9160481
 9161246
 9161637
 9163639
 9164467
 1351229
 9164302
 9165550
 9165905
 9163174
 9164345
 9163905
 9164924
 9155609
 9159947
 9156582
 9159335
 9159793
 9161183
 9141495
 9148583
 9153402
 9153606
 9159305
 9159645
 9161187
 9160162
 9161634
 9161816
 9160293
 9161108
 9165449
 9165115
 9164986
 9165528
 9165056
 1315834
 9163547
 9163470
 9146613
 9153590
 9163240
 9165297
 9164264
 9098951
 9098955
 0959054
 9143732
 9145604
 9148361
 9147613
 9151281
 9150808
 9156023
 9154022
 9153668
 9159952
 9159505
 9159552
 9159561
 9160022
 9157985
 9158579
 9158345
 9159568
 9162777
 9161339
 9161366
 9160518
 9160351
 9162727
 1358989
 1378731
 1378722
 9162342
 9162347
 9162438
 1160906
 1160920
 1377700
 9161059
 9161838
 9160536
 9160641
 9160415
 9164365
 9165694
 9163179
 9165383
 1376021
 9163265
 0937165
 9165664
 9162896
 9163844
 9165908
 9165909
 9165990
 9165992
 9165999
 9164617
 9165668
 9165973
 9163904
 9164224
 9163561
 9164809
 9164620
 9164108
 1150209
 9164883
 9164268
 1315825
 9163663
 9166030
 9166032
 9163303
 9165321
 9164518
 9165802
 9144527
 1284268
 9154815
 9155455
 9158425
 9157014
 9157418
 9158072
 9158553
 9158893
 9156408
 9162379
 9161037
 9162140
 9160108
 9161510
 9162926
 9162929
 9165749
 9114653
 9136249
 9139753
 0647208
 1332692
 9164347
 9145089
 9149642
 9150083
 9154472
 9161217
 9161088
 9162594
 9163542
 9165777
 9163544
 9163044
 9163047

