16-8-19 
 9183574
 9184430
 9184543
 9192545
 9193497
 9198453
 9197755
 9198346
 1378939
 1378816
 9200290
 9202634
 9206054
 9205534
 9206451
 9206473
 9203335
 9205410
 9204780
 9205219
 9197479
 9197379
 1351793
 9200428
 9202134
 1389677
 9201729
 9205712
 9206342
 9206380
 9206465
 9205178
 9204607
 9161286
 1304646
 9172851
 9173872
 9177643
 9180469
 9194134
 9193846
 9197647
 9198645
 9198082
 9196202
 9200081
 1378826
 9202099
 1252447
 9201012
 9202246
 9200062
 9201517
 9201087
 9200226
 9200415
 1254138
 9203984
 9205519
 9203971
 9204274
 9204862
 1273380
 9205186
 9204326
 9203020
 9203196
 9203536
 9203982
 9203996
 9203021
 9206035
 1377131
 9202961
 9203995
 9204415
 9203236
 9205107
 9205807
 9205824
 9203248
 9204727
 9205019
 9205348
 9206341
 9201436
 9202836
 9205394
 9203140
 9192407
 9193719
 9180181
 9183742
 9191619
 9191932
 9192850
 9198489
 9198495
 9200597
 9204378
 9204957
 9206532
 1359630
 9203732
 9204141
 9179594
 9180120
 9187378
 9187742
 9195061
 9195304
 1252149
 1011785
 9193916
 9197150
 9197489
 9198268
 9197203
 9197217
 9199158
 9200961
 9202608
 9200329
 9200022
 9164082
 9133804
 1390332
 1390333
 1390334
 9141147
 9146982
 9147947
 9149147
 1390516
 9151475
 9166008
 9165353
 9163612
 9163620
 1011996
 9166557
 9169628
 9169526
 9169535
 9169050
 9169054
 9175479
 9175488
 9175497
 9175502
 9175610
 1394159
 9180733
 9198796
 9202603
 9202566
 1372857
 9200956
 9202794
 9202860
 9203520
 9204712
 9204718
 9203856
 9204494
 9205346
 9203603
 9203081
 1372298
 9206357
 9181459
 9195970
 9196720
 9197178
 1377187
 9196326
 9197222
 9191668
 9191430
 9189965
 9190130
 9194206
 9192185
 9195262
 9198652
 9196646
 9196336
 9198494
 9198804
 9197966
 9202351
 9202507
 9201758
 9202211
 9202341
 9201315
 9200794
 9200302
 9198891
 9199310
 9199305
 9202097
 9202463
 1377513
 1377492
 9201528
 9202469
 9199225
 9206504
 9203688
 9205176
 9204216
 9204341
 9204021
 9206340
 9203513
 9204161
 9205721
 9206019
 9206171
 9206276
 9206309
 9202917
 1417102
 1417035
 1417131
 9205175
 9206126
 9203681
 9205061
 9205863
 9205995
 9206349
 9206447
 9203921
 9204419
 9204613
 9206294
 9206363
 9206369
 9202791
 9203353
 9203833
 9204597
 9205868
 9205426
 9205111
 9203832
 9203076
 9204138
 9205169
 9205233
 9205010
 9203565
 1372280
 9202960
 9177274
 9181925
 9181429
 9187737
 9192756
 9198689
 9195923
 9197388
 9200693
 1351792
 9201128
 1273136
 9202253
 9202550
 9199539
 9202885
 9205147
 9204154
 9192678
 9192679
 9205484
 9148225
 9167177
 1284280
 9168360
 9171362
 9170396
 9172689
 9174021
 9179193
 9183192
 9180945
 9182978
 9182724
 9186598
 9185943
 9191076
 9189393
 9189662
 9193182
 9194868
 9194170
 9198162
 9196084
 9196338
 9196846
 9197686
 1351797
 9202104
 9201616
 9201570
 9200972
 9201584
 9203348
 9203212
 9204880
 9204298
 9205672
 9203551
 9204942
 9204165
 9203460
 9203944
 9205201
 9205269
 9203051
 9204291
 9193418
 9192557
 9198866
 9197337
 9199244
 9203999
 9204230
 9205174
 9205422
 9164394
 9164046
 9163320
 1394218
 9166264
 9166821
 1284018
 9170001
 9171407
 9170807
 9172988
 9173971
 9174117
 9175578
 9175202
 1364560
 9178914
 9178420
 1362382
 9182096
 9180587
 9181168
 9182038
 9185360
 1273218
 1377088
 9193483
 9197069
 9197016
 9200562
 1417092
 9202081
 9199274
 9199031
 9199063
 9199200
 9199311
 9203182
 9206254
 9203625
 9203711
 1240376
 1360031
 9203025
 9203028
 9206476
 9203622
 9203743
 9204149
 9192180
 9195071
 9196404
 9198703
 9197860
 9202514
 9188023
 1351764
 9195494
 9196858
 9197898
 9199069
 9201043
 9199985
 9204000
 9206189
 9191136
 1377176
 9194901
 9195133
 9196910
 9202047
 9200385
 1417124
 9202934
 9206403
 9206096
 9204352
 9205689
 9206102
 9203429
 9203179
 9205636
 9174056
 9192610
 1011781
 1011782
 1011783
 9196529
 9197461
 9196279
 9201930
 1377521
 9200381
 9200432
 0959647
 1202329
 9204286
 9204067
 9205879
 9206056
 9204850
 9205303
 9205252
 9203227
 9205980
 9204396
 9204719
 9204482
 9205041
 9203144
 9204150
 9205474
 9205177
 1202395
 9203357
 9206178
 9203264
 9204270
 9206282
 9165035
 9194570
 9198479
 9196736
 9198765
 9196059
 9195838
 9197779
 9198317
 9200706
 1273367
 9200931
 9201458
 9202173
 1378843
 9199700
 9199520
 1377501
 1377490
 9200751
 9200337
 9200137
 9200151
 9200180
 9199748
 9202101
 9205199
 9205013
 9206261
 1393570
 1284150
 9202853
 9203461
 9205294
 9206491
 9203132
 9205187
 9205609
 9205766
 9204120
 9203672
 9204853
 9206179
 9206259
 9170476
 9178079
 9182250
 9181722
 9181583
 9185842
 9185942
 9186721
 9188345
 1010083
 9189573
 9192902
 9194741
 9194856
 9192687
 9194603
 9194460
 9192463
 9196446
 9197771
 9197799
 1010095
 9197499
 9197612
 9199566
 9201092
 9202026
 9200518
 0959646
 9205266
 9205803
 1373044
 9204282
 9205685
 9206006
 9203328
 9205744
 9205989
 9203692
 9205536
 9205735
 9203760
 9203894
 9203830
 9200944
 9199268
 9199208
 9202365
 9202044
 9204158
 9203105
 9204381
 9205938
 1160227
 9203409
 9203369
 9204200
 9206362
 9154130
 9163379
 9163083
 9167996
 1368786
 1358537
 1378639
 9179666
 9179675
 1312748
 9182716
 9183509
 1377203
 9183115
 9187067
 9184463
 1163775
 9189962
 9191389
 9193462
 9193638
 9193267
 9197913
 9198386
 9196664
 9196281
 9197809
 1368546
 1377200
 9197856
 9197541
 9197637
 9199617
 9199361
 9200541
 9202439
 9200303
 9201708
 9200037
 9200515
 9201987
 9202131
 1014376
 9201028
 9199843
 9199850
 9199803
 9199923
 9200404
 9200486
 1249756
 9200277
 1202337
 9204035
 9205230
 9203777
 9206441
 1377116
 9205778
 9204044
 9205021
 9160320
 9170013
 9187702
 9192129
 9196123
 9200143
 9201187
 9201658
 9205037
 9204823
 9203302
 9205127
 9206210
 9205967
 9203739
 9205639
 9203598
 9203752
 9203882
 9204033
 1372286
 1372289
 1372291
 9166017
 9164228
 9177552
 9180779
 1284070
 9188634
 1284079
 1378929
 9188215
 9190305
 9189726
 9188640
 9189868
 9188670
 9190892
 9195087
 9192676
 9195254
 9193077
 9195312
 9196489
 9198721
 1359613
 9201152
 9202119
 9202029
 9199401
 9201756
 9202562
 9202609
 9200921
 9201634
 9201847
 9203831
 9205265
 9206258
 9206421
 9205763
 1284149
 9203072
 9203699
 9203880
 9204334
 9206474
 9205567
 9205038
 9205997
 9203771
 9199476
 9201857
 9205081
 9205719
 9206515
 9205882
 9195308
 9197854
 9188444
 1377331
 1378790
 9174353
 9178262
 9178293
 9177115
 9182561
 9182918
 9181433
 9183821
 1372021
 9194972
 9196469
 9160323
 9162806
 9163193
 9166905
 9170714
 9171133
 9174375
 9178128
 9178369
 9178447
 9181404
 9180430
 9180914
 9184490
 9184509
 9184843
 9184891
 9185121
 9185493
 9198049
 9198012
 1325175
 9201371
 9198973
 9199246
 9200528
 9203054
 9204420
 9205043
 9206377
 9154067
 9163107
 9173924
 9197937
 9202625
 9164736
 1394217
 9172362
 9175250
 1286927
 1373600
 9187567
 1253706
 9189099
 9193759
 1389831
 9192230
 9192033
 9193273
 1243176
 1243191
 9193319
 9193499
 9191863
 9194539
 9194627
 9197492
 1373449
 9197802
 9196452
 1286707
 9201685
 9200044
 1311633
 9201692
 9202342
 9199124
 1286710
 1286711
 9206232
 9206057
 9205715
 9206001
 1417044
 9205250
 9204742
 9205403
 9205684
 9204287
 9205768
 9203017
 9203216
 9203578
 9204345
 1372278
 9204686
 1253797
 1253798
 9186294
 9200940
 9200409
 9204792
 9205212
 9204301
 1301041
 9175812
 9176548
 9178118
 9180171
 9192111
 9195309
 9194744
 1273362
 9197639
 9197036
 9197770
 9197473
 1389843
 9198265
 9195824
 9195623
 9202590
 9201905
 9202574
 9199954
 9198965
 9199373
 9200341
 9199217
 9203952
 9204752
 9204928
 9206043
 9204137
 9204645
 9204662
 9205957
 9206025
 9204461
 9204875
 9205267
 9205271
 9205848
 9206002
 9206249
 9205541
 9205792
 9206105
 9204385
 9203686
 9205461
 9203119
 9203231
 9204115
 9204529
 9203206
 9204155
 9183245
 9183787
 9186150
 9186105
 9186459
 9188018
 9197125
 1010093
 9197437
 1417066
 9201776
 9202606
 9200495
 9201017
 9199691
 1377511
 9201488
 9201612
 9201628
 9201649
 9202011
 9205757
 9205819
 9206365
 9205596
 9206442
 9205579
 9205858
 9203523
 9203787
 9204518
 9206394
 9167613
 1378941
 1378944
 9201826
 9199588
 9204576
 9202842
 9203352
 9205217
 9205580
 9204635
 1372282
 9167774
 1322509
 9186749
 1160225
 9198991
 9200058
 1351791
 9200924
 9201787
 1331996
 1331997
 9200771
 9203538
 9205204
 9205646
 9205603
 9205843
 9202818
 9204284
 9206088
 9203347
 9205416
 9190485
 1365989
 9197830
 9201283
 9200472
 9193784
 9193823
 9198872
 9197286
 9198348
 9198579
 9198471
 9197645
 9197800
 9196173
 9197605
 9195602
 9196713
 9197265
 9196199
 9199397
 9198888
 9198918
 9199525
 9202205
 9201131
 9202568
 9200240
 9201903
 9202122
 9199313
 9199596
 9200643
 9201664
 9199222
 9203065
 9205776
 9204257
 9204869
 9206203
 9206348
 9206388
 9204762
 9203813
 9204553
 9204638
 9204737
 9205899
 9206062
 9206265
 9206334
 1417032
 9205180
 9205842
 9206241
 9203075
 9203233
 9203953
 9204303
 9204563
 9206471
 9205566
 9206117
 9206242
 9204065
 1360027
 9205437
 9203677
 9203293
 9206034
 9204664
 9205074
 9202986
 9203048
 9204765
 9205893
 1202380
 9204567
 1378645
 9186142
 9189598
 9189664
 9194732
 9192006
 9192026
 9193536
 9194370
 9196963
 9197392
 9199642
 9202077
 9204063
 9200218
 9205236
 9206115
 1322851
 9202843
 1417043
 9203634
 9205925
 9205866
 9205904
 9204660
 1160228
 9206514
 9203859
 9205758
 9202969
 1202369
 9193128
 9196714
 9197273
 9198430
 9204917
 9205246
 9205915
 9205076
 9205736
 9203246
 9201393
 9204715
 1296620
 9204614
 9203718
 9204996
 9204180
 9204829
 9205916
 9203702
 9170601
 9174286
 9194750
 9197012
 1010097
 9201143
 9201842
 9199885
 9203945
 1359631
 9205936
 9176706
 9196244
 9196245
 9199135
 9201802
 9201809
 9199002
 9201267
 9201590
 9198927
 9199874
 9199730
 9200483
 9199961
 9199580
 9203696
 9203854
 9205937
 9202914
 9205812
 9205389
 9206339
 1417116
 1417133
 1417132
 9204089
 9204981
 9203350
 9204249
 9204355
 9205406
 9204195
 9204215
 9204755
 9203792
 9204281
 9206059
 9206231
 9205876
 9202866
 9205071
 9205404
 9202781
 9206195
 9204579
 9205796
 9206119
 9204312
 9204387
 9205395
 1377134
 9205829
 9205942
 9202864
 9203113
 9204066
 9204122
 9205324
 9204015
 9204227
 9206053
 9203393
 9204402
 9204641
 9204753
 9204202
 9206201
 9203093
 9204499
 9204544
 9205145
 1202269
 9181995
 9191307
 9193861
 9198463
 9196915
 9202443
 9202418
 9199452
 9200298
 1359621
 9200565
 9205808
 9205690
 9206401
 9206453
 9206354
 9203109
 9203205
 9204603
 9205621
 9204692
 9204564
 9204595
 1372027
 1373607
 1373632
 9190867
 9199932
 9201227
 9200155
 9206454
 9206456
 9204909
 9206359
 9206431
 9206434
 9204728
 9205468
 9206304
 9203313
 9205112
 9202924
 9203039
 9205347
 1161301
 9181264
 9164278
 9171022
 9175725
 1376584
 1364561
 9177725
 9182119
 9182287
 9185165
 9193793
 9194612
 9195109
 9194676
 9197885
 9202201
 9180593
 9181409
 9187302
 9190235
 9195099
 1301035
 9198397
 9198620
 9198735
 9198135
 9197932
 9201803
 9200569
 9204681
 1373045
 9204279
 9205991
 9206273
 9206393
 9206415
 9205949
 9206097
 9166054
 1358426
 9169174
 9173284
 9170483
 9171439
 9169940
 9169941
 9172736
 9172194
 9170232
 9176107
 9174542
 9175837
 9175917
 9176681
 9173980
 9174120
 9173887
 9177756
 9179409
 9178284
 1011754
 1011755
 9178628
 9177984
 9180989
 9183208
 9183464
 1379838
 9182934
 9182231
 9180401
 9182105
 9181248
 9181560
 9183662
 9180789
 9182181
 9180682
 9181802
 9182500
 9181607
 9181190
 1253701
 9185009
 9184161
 9184481
 9186579
 1373950
 9187747
 9187489
 9184156
 9186774
 9184421
 9184203
 9186110
 9186124
 9186144
 9186542
 1010079
 9190856
 9188623
 9189334
 9189595
 9189667
 9189123
 9189764
 9188625
 9191376
 9189762
 9190417
 9188570
 9187987
 9188079
 9189875
 9191096
 9191108
 1372613
 1253727
 1253728
 9190899
 9195033
 9195181
 9193727
 9193734
 9195321
 9193475
 9194331
 9194050
 9195050
 9193711
 9194336
 9194634
 9192360
 9194042
 9196320
 9198065
 9198800
 9198868
 9198429
 9196094
 9196977
 9197156
 9198723
 9196456
 9198299
 9197155
 9197953
 9198511
 9197358
 9197880
 9198793
 9196176
 9199729
 9199133
 9200649
 9202487
 9200260
 9202140
 9201917
 1417018
 9202455
 9201794
 9201673
 1378836
 9200453
 9201200
 9201910
 9201862
 9201866
 9199378
 9199368
 9202584
 9199084
 9200496
 9204720
 9205923
 1417117
 9206383
 9206411
 9205631
 9203279
 9205116
 9203665
 9203758
 9204581
 9205009
 9181120
 1378902
 1378913
 9185696
 9185966
 9188116
 9169178
 9186654
 1357503
 9194617
 9198706
 9198708
 1331990
 9197690
 1389842
 9196938
 9197275
 9200321
 1417055
 9201196
 9200238
 9198916
 9200530
 9204732
 9202755
 9204236
 9205892
 9205927
 9202837
 9205640
 9206422
 9204644
 1417047
 1417122
 9204147
 9204773
 9205435
 9206233
 9202815
 9202998
 9204172
 9206229
 9205493
 9203078
 9204897
 9205027
 1377142
 9202817
 9202893
 9202932
 9203451
 9203649
 9203962
 9204395
 9204652
 9204610
 9206306
 9183690
 1372882
 1372283
 1372285
 9190457
 9195432
 9194181
 9196751
 9200698
 9201058
 9202517
 9202578
 9198956
 9205006
 9206356
 9205732
 9204979
 9206093
 9206128
 9206445
 9206479
 9203009
 9204587
 9204640
 1378671
 9165842
 9183632
 9186194
 9186215
 9196645
 9196436
 1378821
 9197540
 9198219
 9202621
 9199757
 9199348
 9199490
 1389733
 9199512
 9200178
 1315649
 9201530
 9201543
 9200786
 9199598
 9200090
 9200251
 9200262
 9200613
 9199625
 1202320
 9204370
 9205136
 9203727
 9205799
 9205954
 9205818
 9205867
 9204950
 9204993
 9203769
 9205540
 9143411
 9167004
 9181163
 9181505
 9183006
 9181233
 9183930
 9186140
 1010080
 9186270
 9189229
 9190484
 9190641
 9191485
 9195097
 9191901
 9192192
 9193911
 9194960
 9192856
 9196506
 9196039
 1377483
 1010350
 9200689
 9198917
 9202415
 9201387
 9201908
 1372869
 1372872
 9206120
 9203922
 9206333
 9204294
 9206372
 9204794
 9203003
 9204536
 9205373
 9203360
 9203592
 1372293
 9157628
 9185560
 9195924
 9196389
 9179403
 9186824
 9187091
 9188020
 9192543
 9195883
 9196402
 9196447
 9198144
 9197430
 9200999
 9202626
 9200985
 9199138
 9202249
 1394261
 9205211
 9203040
 9205356
 9206313
 9204185
 9203550
 1160226
 9204821
 9203116
 9203242
 1362606
 0647164
 0647163
 1163539
 9198476
 9197699
 9197118
 9201949
 9200028
 9199855
 9179289
 9195415
 9192139
 9200669
 1286547
 1286548
 1404955
 1404957
 9185200
 1377175
 9197778
 9199864
 9199129
 9201109
 1202315
 9205929
 9203687
 1349273
 9173011
 9174125
 1373667
 9180524
 9183672
 9184558
 9185415
 9184351
 9191554
 9189446
 1373004
 9192455
 9192210
 9192098
 1243174
 1243192
 9198864
 9197020
 9197225
 9196816
 9198362
 9196313
 9199781
 9202307
 9201378
 9202435
 9199744
 9199926
 9200170
 9201369
 9201750
 9202652
 9202655
 9202154
 1389685
 9201015
 9202708
 9200162
 9199270
 9200241
 9201287
 9198995
 9206230
 9203858
 9206488
 9204148
 9204783
 9205140
 9205861
 9206004
 9206219
 9206283
 9203492
 9203431
 9205035
 9205065
 9206464
 9206480
 9206482
 9206486
 1374026
 9203416
 9203615
 9206003
 9203012
 9204970
 9203795
 1377120
 1377130
 9203237
 9203241
 9203265
 9206355
 9203637
 0836500
 9203767
 9204056
 9205064
 9205429
 9203926
 9203368
 9203499
 9204675
 9205362
 9204451
 9169474
 9177202
 1188046
 9189310
 9193677
 1284108
 9196093
 9202086
 9202441
 9199630
 9201280
 9199930
 9203277
 9204650
 9205650
 9206292
 9202880
 9204580
 9205779
 9203014
 9204700
 9206347
 1315863
 1315814
 9178602
 9197570
 9201024
 9205349
 9203843
 9205240
 9191847
 9196565
 9198947
 9198949
 9202423
 T900003127
 T900012377