 16-08-25
 1372084
 1372129
 9186698
 9206293
 9163822
 9197493
 9201945
 9204976
 9209252
 9207483
 9211977
 9213432
 9213920
 9213968
 9214135
 9211481
 9213268
 9213590
 9213760
 9210595
 9210768
 9211233
 9170828
 9180309
 9180310
 9180311
 9180663
 9181860
 1378908
 9192841
 1011008
 1011009
 1011010
 9199955
 9206158
 9203874
 9208215
 9208604
 9208018
 9207126
 9208287
 9207661
 9213894
 9213812
 9213986
 9214037
 9214055
 9210602
 9213975
 1417152
 1417183
 9213337
 9210433
 9212000
 9211215
 9212484
 9213424
 9214084
 9214186
 9214187
 9214025
 9210508
 9212348
 9210578
 9211678
 9213542
 9213560
 1377603
 1359751
 9210590
 9210844
 9211668
 9212346
 1243199
 1243340
 9211691
 9210487
 9212938
 9207241
 9211666
 9178034
 1188242
 9184740
 9189520
 9201007
 9201735
 9203320
 9204735
 9212226
 9211483
 9213591
 9210639
 9211499
 9212215
 9211715
 9212087
 9203074
 9205497
 9206440
 9206450
 1360028
 9206699
 9208845
 9209939
 9210134
 1390598
 9131382
 9139791
 1390530
 9150681
 9150694
 0647204
 0647205
 9152918
 9153530
 9155342
 9155964
 9155969
 9155976
 1379070
 9156644
 9163606
 9164096
 9163992
 1379076
 1011995
 9168367
 9166999
 9169522
 9169530
 9167188
 9166486
 9168884
 9169061
 9167845
 9169863
 9173289
 9170112
 9170944
 9172730
 9173033
 9171004
 9171138
 9172415
 9170415
 9172273
 1390585
 1390594
 9199557
 1202362
 9204060
 9205872
 9205934
 9206077
 9206237
 9205371
 9206188
 9209471
 9208732
 1202623
 9211579
 9211885
 9211441
 9213813
 1160231
 9210315
 9210450
 9212114
 9212224
 9211945
 9210458
 1372951
 1404564
 1404568
 9200017
 9164844
 1378776
 1365965
 9178468
 9177744
 9180859
 9182892
 9188889
 9192190
 9193235
 9193773
 9198313
 9197525
 9196200
 9196005
 9199037
 9201651
 9199394
 9201075
 9201384
 1050743
 1372874
 9170060
 9172697
 9198869
 1377486
 9197670
 9201494
 9205488
 9206305
 9208069
 9209663
 9209980
 9209967
 9210193
 9208348
 9207182
 9209789
 9210029
 9210122
 9208578
 9210858
 9214209
 9211076
 9211402
 9210500
 9212618
 9211546
 9211688
 9213065
 9212010
 9211514
 9213406
 9213935
 9213863
 9214019
 9210845
 9210446
 9211324
 9213358
 9212341
 9211453
 9214034
 9214047
 9214050
 9214188
 9212151
 9212905
 9213100
 9213186
 9213321
 9214011
 9211109
 9213478
 9213064
 1377573
 9213144
 9212827
 9210805
 9211606
 9211671
 9210455
 9210647
 9213381
 9213573
 1404558
 9170000
 9175977
 9180230
 9196707
 1378842
 1315635
 9200770
 9204955
 9206320
 0647162
 1301050
 9208094
 9207899
 9209441
 9210025
 9209057
 9208430
 9207061
 9214182
 9212315
 9213610
 9210650
 9210771
 9214056
 9214139
 9212195
 9212207
 9212219
 9211796
 1146293
 9189918
 9198230
 9204786
 9203408
 9207767
 9168006
 9166900
 9170886
 9177948
 9183012
 9181448
 9185927
 9187454
 9185361
 1378117
 9189604
 9191034
 1389807
 9194673
 9192464
 9193564
 9192877
 9198854
 1368541
 9198550
 1161338
 9197162
 9200973
 9201353
 9202482
 0959642
 1202352
 9204481
 9205856
 9204085
 1050747
 9208776
 9209388
 9207878
 9209222
 1301056
 9211741
 9212387
 9213228
 9213511
 9212170
 9212545
 9213508
 9213605
 9211657
 9210437
 9213843
 1326340
 1394273
 9212904
 9189991
 9201971
 9207074
 9209974
 9207856
 1389772
 9210715
 9211991
 9213162
 9169756
 9169757
 9171486
 9171495
 9175614
 9174407
 9174410
 9181485
 9191528
 9189545
 9193876
 9203798
 9205172
 1202274
 9209464
 9206651
 9207659
 9209983
 9208312
 9210013
 9210852
 9212409
 9212431
 9213032
 9212519
 9212635
 9212709
 9210971
 9211180
 9211207
 9213271
 9212020
 9210440
 9213046
 9195004
 9197507
 9205552
 9206051
 9206944
 9209738
 9207014
 9207848
 1284153
 9210113
 9208541
 9207097
 9173336
 9180263
 1351789
 9201986
 9207716
 9194934
 9208349
 9210127
 9208630
 9206877
 9208199
 9209112
 9212897
 9213915
 1417173
 9211384
 9213675
 9210740
 9213965
 9212859
 9210729
 9211023
 9212707
 9212850
 9210306
 9211966
 9184436
 0959071
 9187328
 1194006
 9203817
 9206964
 9209183
 9209642
 9209829
 9209292
 9208666
 9209586
 9208867
 9209510
 9213498
 9212749
 9211487
 9212574
 9211985
 9211802
 9213185
 9212924
 9212410
 9210943
 9212098
 1160233
 9211615
 9214172
 9212501
 9213698
 1372903
 9207645
 9193456
 9193595
 9199727
 9204890
 9209584
 9213708
 9213878
 9214022
 9189421
 1273229
 9195333
 9191915
 9191989
 9195192
 9192025
 9196636
 9196482
 9197710
 9202518
 9202313
 9200488
 1252446
 9199753
 9200732
 9200627
 9203776
 9206460
 9203396
 1340174
 9209314
 9206642
 9206697
 9206714
 9206862
 9208108
 9208591
 9209025
 9209059
 9208196
 9213767
 9213548
 1191997
 9213577
 9210746
 9214059
 1320255
 9212351
 9214072
 9210472
 9210603
 9213245
 9211722
 9213152
 9210377
 9210442
 9211932
 9212217
 9213585
 9163483
 9171518
 1360467
 9177108
 9182047
 9182058
 9187526
 9191001
 1378921
 9188784
 9194966
 9195009
 9195021
 9194513
 9194962
 9198289
 9198659
 9199688
 9202510
 1011808
 9202583
 9200821
 9202480
 9205869
 9204935
 9203575
 9204568
 9207524
 9209487
 1389789
 9207891
 9207026
 9207031
 9210002
 9212126
 9213221
 9213147
 1378885
 9211642
 9211550
 9213169
 9212187
 9212714
 9214051
 9213346
 9212220
 9212918
 1377482
 9207579
 9206870
 9210090
 9210696
 9212561
 9211167
 9211770
 9212880
 9161072
 9152263
 9155341
 9155639
 9159356
 9156641
 9159133
 9162203
 1163514
 9165806
 9171259
 9170553
 1243171
 9174406
 9176398
 1377386
 1373705
 9181249
 9191063
 9201868
 9200508
 1202331
 9203666
 9204510
 9204306
 9205462
 9204619
 9205825
 9204478
 9209294
 9209208
 9210036
 9209581
 9209090
 9209634
 9209276
 1202877
 9212949
 9213529
 9212269
 9213717
 9211493
 9212258
 9203710
 9202995
 9207495
 9207210
 9212998
 9211404
 9211919
 9213426
 9211250
 9213580
 9214024
 9213933
 9212504
 9212509
 9211728
 9211938
 9213513
 1339848
 9212848
 9210867
 9211734
 9211742
 9210584
 9211021
 9214020
 9212265
 9212238
 9142609
 9159803
 9164306
 9182984
 9186020
 9188916
 9189265
 9188323
 9188637
 9197246
 9198221
 9199306
 9204380
 9206395
 9206999
 9209404
 9210121
 9209651
 9209151
 1312566
 9206635
 9206943
 9208210
 9208682
 9208700
 9212471
 9213263
 9213763
 9213157
 9212623
 9211886
 9213343
 9210720
 9211190
 9212776
 9213958
 9213990
 1378886
 1378887
 9212384
 9212793
 9212297
 9210354
 9213072
 9213086
 9140428
 9138098
 1358906
 1358905
 9142752
 9147631
 9148822
 9149542
 9149044
 9149069
 9149092
 9152431
 9150782
 9152155
 9190520
 9205745
 9204854
 9206250
 9208835
 9209187
 9210133
 9212119
 9213270
 9213303
 9211633
 9189589
 9197577
 9196002
 9200468
 9204516
 9194561
 9193826
 1359594
 9192418
 9193905
 1357568
 9210046
 1372801
 9184281
 9188702
 9207657
 9208658
 9210413
 9210560
 9210863
 9166361
 9175933
 9182569
 1315733
 1344968
 9178099
 1373402
 1373411
 1253723
 1373003
 1373008
 9194012
 9192560
 9197841
 9197926
 9197138
 9195735
 9202355
 9201284
 1417001
 9201924
 9199353
 9201753
 1322856
 1296626
 1417033
 9206041
 9203683
 9202952
 9204964
 9205951
 9206111
 9208983
 1417215
 9207748
 9207852
 9208321
 9212869
 9214157
 9212930
 9211287
 9210518
 1417162
 9210955
 9212067
 9213861
 9213068
 9212695
 9213107
 9212647
 9212837
 9211970
 9213924
 1394278
 9212009
 9214105
 1304590
 9201559
 9213785
 9213140
 1417184
 9210926
 1320254
 9210920
 9211769
 1324936
 9213586
 9113328
 9182987
 9188708
 9195299
 9195748
 9195969
 9201434
 9200307
 9203102
 9205751
 9203143
 9207787
 9207417
 9207426
 9209648
 9208212
 9206875
 9207580
 1202249
 9210091
 9210070
 1340176
 9211045
 9212054
 9212367
 9214062
 9213335
 9213302
 1378879
 1378895
 9213824
 9211015
 9213842
 1377575
 9211762
 9211244
 1339846
 9213820
 9209825
 9209804
 9200664
 1194403
 0836478
 9212244
 9208796
 9210198
 9209886
 9206910
 9208347
 9214039
 9211135
 9213042
 9213801
 9213194
 9203556
 0836474
 1202624
 9210645
 9211239
 0836477
 9212030
 9213809
 9213756
 9177362
 9180604
 9194543
 9196029
 9198090
 9202321
 9202143
 9202586
 9200787
 9202770
 9204855
 9204986
 9205968
 9203219
 9206009
 9209483
 9207280
 9209835
 9210104
 9210154
 9207442
 9210245
 9208412
 9210034
 1357916
 9209591
 9208598
 9214094
 9211628
 9212033
 9210861
 9212556
 9212726
 9213712
 9213948
 9213988
 9211962
 9212600
 9212765
 9213022
 9213463
 9213517
 9213658
 9213802
 9213926
 9213944
 9213955
 9214002
 1296627
 1417154
 9212800
 1311640
 9210562
 9211178
 9212078
 9212018
 9212390
 9212452
 9212876
 9213989
 9213993
 9213997
 9214083
 9214101
 9214127
 9212816
 9213253
 9214023
 9212966
 9212456
 9212613
 9212906
 9212919
 9213139
 9211996
 9213357
 9211659
 9213704
 9213880
 9212887
 9211918
 9210707
 9213504
 1389702
 9204776
 1378853
 9168731
 9207251
 9213572
 9212724
 9213123
 9211352
 9213601
 9213333
 9211308
 9212942
 9214115
 9203867
 9209438
 9207398
 1372037
 9213910
 9212674
 9213283
 1377612
 1377582
 9212784
 9208373
 9209211
 9194059
 9207877
 9208721
 9209534
 9209411
 9208870
 9212041
 9213319
 9210812
 9212996
 9213344
 9213868
 1377618
 9212872
 9208305
 9168899
 9128570
 9134399
 9138703
 1377837
 1315040
 1315044
 9147236
 9146602
 9152081
 1373097
 1373812
 9156095
 9160839
 9165504
 9163472
 9181678
 9189854
 9199350
 9204117
 9203010
 9203661
 9208091
 1378867
 9208474
 9206785
 9211283
 9212292
 1252297
 9211856
 9182995
 9201941
 1326144
 9204456
 9205907
 1315555
 9203933
 9205600
 9208060
 1378870
 9209182
 9209721
 9208255
 9212849
 9212693
 9210333
 9213902
 9213445
 9211429
 9212277
 9212745
 9213196
 1417188
 1273074
 1273075
 9211667
 9212659
 9212049
 9213348
 9210699
 9211940
 9214085
 9213916
 9213753
 9213883
 9214090
 9210916
 9211120
 9213635
 9213771
 9212134
 9213082
 9213151
 9213262
 9211833
 9212839
 9213108
 9211846
 9212059
 9210573
 9211591
 9210993
 9211567
 9211693
 9211979
 9212884
 9212097
 9212555
 9210529
 9211280
 9211603
 9212455
 9213491
 9211282
 9212076
 1202626
 9211957
 9182622
 1163785
 9191475
 0959079
 9194067
 9198239
 9196348
 9196789
 9201139
 9201777
 9200075
 9201894
 9199935
 9201454
 9202252
 9199687
 9200245
 9203694
 9202872
 9208752
 9208098
 9208345
 9208831
 9208710
 9209948
 9208749
 9207416
 9208381
 9212870
 9210608
 9210998
 9211198
 9212867
 9210349
 9210497
 9212844
 9213539
 9212768
 1377617
 9211529
 9212340
 9210519
 9200276
 9208439
 9203176
 9199198
 9206681
 9208809
 9209601
 9208858
 1359633
 9207741
 9207493
 1301052
 9210338
 9213757
 9213831
 9213950
 9212060
 9213943
 1378894
 9211325
 9212162
 1010783
 1010784
 1394277
 9210629
 9210632
 9183819
 9168079
 1284134
 9209457
 9207276
 9208777
 9209783
 1372035
 1372675
 1372671
 9166451
 1372114
 9192437
 9192614
 9200984
 9205287
 9206267
 9204073
 9205895
 9203190
 9205215
 1273388
 9209334
 9209186
 9211788
 9213885
 9212169
 9213536
 9212434
 9213237
 9214015
 9213216
 9211689
 9212658
 9213122
 9213134
 9213925
 1411202
 1372906
 9211864
 9161251
 9161256
 9164090
 9163854
 9163776
 9166864
 9167646
 9169283
 9171092
 9171315
 9173193
 9175647
 9178539
 9180899
 9181575
 9180792
 9183060
 1284042
 9195319
 9196817
 1304469
 9196873
 9202224
 1417087
 9199266
 9200611
 9200977
 9203091
 9202844
 9202978
 9205382
 9202776
 9206960
 9207667
 9208307
 9207540
 9208133
 9208888
 9209823
 9209782
 9209794
 9209711
 9207677
 9210118
 9208616
 9207897
 9207964
 9209430
 1202871
 9207090
 9210528
 9211200
 9212072
 9213266
 9210742
 9211484
 9212369
 9210682
 9211897
 9213226
 9211166
 9212008
 9212247
 9211085
 9200212
 9208338
 9169807
 9183997
 9181138
 9195500
 9197193
 9200837
 9203085
 9203333
 9205331
 9208754
 9209993
 9206587
 9207630
 9208546
 9209849
 9208059
 9209003
 9209399
 9210074
 9210895
 9210793
 9214131
 9213158
 9213506
 9212885
 1252250
 9212631
 9211538
 9213345
 9210430
 9213799
 9211617
 9214156
 9210618
 9212281
 9212386
 9211024
 1010785
 9213101
 9213567
 9211817
 9211461
 9213201
 9210950
 9212432
 1372727
 1372925
 1372957
 9213118
 9115064
 1382955
 9206477
 9206091
 9203504
 9204846
 1417104
 9204787
 9207454
 9207482
 9209484
 9207509
 9208923
 9208933
 9208252
 9209329
 1377569
 9209225
 9209000
 9209440
 9209188
 9207627
 9213459
 9213330
 9212084
 9213621
 9211097
 9211350
 9211382
 1377607
 9212490
 9211714
 9212934
 9204747
 9206374
 9204199
 9203560
 9208876
 9209927
 9209702
 9209130
 9210017
 9210176
 9208476
 1404964
 9213835
 9211997
 9212797
 9211831
 9213908
 9211095
 9169733
 9175893
 9180179
 9182461
 9198613
 9199458
 9199898
 1202368
 1202391
 9207373
 9210112
 9210257
 9209192
 9179698
 9193617
 9197742
 9199290
 9208172
 9170240
 9180493
 9202720
 9199106
 1389697
 9206288
 9207835
 9207866
 1389259
 9209234
 9210339
 9210335
 9213949
 9210353
 9211442
 9211587
 9211725
 9213578
 9213596
 9191620
 9188633
 9193063
 1243182
 1286838
 9201088
 9201490
 1404566
 9198510
 9203607
 9205698
 9208904
 9151698
 9151466
 9165074
 1359553
 1378631
 9189526
 1359597
 9198777
 9195707
 9196586
 9202180
 9201245
 9199232
 9204938
 9203030
 9206658
 9210011
 9208975
 1417214
 9208107
 9209971
 9210234
 9207125
 9209177
 9206930
 9208073
 9208954
 9208859
 9208053
 9209236
 9212251
 9211571
 9213393
 9213452
 9213906
 9213939
 9213682
 9213872
 1417156
 1417163
 1417168
 1417171
 1273398
 9211379
 9211401
 9213607
 9210642
 9210718
 9211281
 9211497
 9213233
 9214000
 9214179
 9214184
 9214192
 1320253
 9212680
 9210880
 9212865
 9213938
 9213940
 9213249
 9213066
 9213730
 9213786
 1377565
 9210929
 9210972
 9212529
 9213160
 9213499
 9212910
 9213380
 9213575
 9214170
 9210321
 9211067
 9210646
 9212192
 9212474
 9210800
 9212262
 9213332
 1326093
 1286717
 9212685
 9212728
 9190674
 9193550
 9197741
 9204759
 9207624
 9209123
 9208950
 9207849
 9210202
 9208155
 9210061
 9209199
 9212127
 9210716
 9212639
 9213458
 9213472
 9213568
 9210601
 9211173
 9212475
 9156051
 1378742
 9163108
 9163625
 1232096
 9186001
 9184349
 9191868
 9197325
 9197181
 9199498
 9200650
 9203257
 1378864
 9211329
 9213366
 0959606
 1188229
