 16-08-18
 T900018512
 T900015758
 T900003135
 1293270
 9176528
 1324953
 9163119
 9191408
 9188674
 9188142
 1378820
 1325179
 9199252
 9202536
 9202558
 9200296
 1378833
 9199195
 9199251
 9201203
 9200907
 9103593
 9188145
 9193887
 9195548
 9196014
 9196815
 9197435
 9200039
 9200265
 9202200
 9202238
 9200980
 9201347
 9202428
 9201473
 9200737
 9087936
 9160498
 9164793
 1324648
 9184240
 9189045
 9195265
 9192332
 9198343
 9198496
 9197827
 9198259
 9195647
 9195594
 9195930
 9196525
 9200436
 9201276
 9201352
 9201748
 9200945
 9201469
 9200625
 9202629
 9200061
 9201129
 1417093
 1417009
 9199029
 9199622
 9200582
 9202004
 9202489
 9202613
 9202259
 9202399
 9202504
 9202519
 9202274
 9202296
 9199316
 9201311
 1389676
 9201795
 1377496
 9201625
 9201697
 9202114
 9200587
 9201914
 9200192
 9194275
 9199442
 9202458
 9198666
 9200923
 9199418
 9201725
 9200875
 9201912
 9199505
 9162518
 9160742
 9165801
 9147788
 9183269
 9187622
 9184267
 9191318
 1324818
 9195117
 1254349
 1357555
 9196107
 9196934
 9197863
 9195999
 9198345
 1344914
 9200118
 9200849
 9201085
 9198988
 9200055
 9200069
 9200782
 9200864
 9199083
 9145366
 1368720
 9159050
 1332580
 9170153
 9170272
 9171779
 9169989
 9176764
 9175618
 9176652
 9175088
 9176707
 9176605
 9177015
 9183877
 9180774
 9182609
 9184688
 9184694
 9186394
 9191398
 9190408
 9191614
 9190368
 9189026
 9192561
 9194024
 9192971
 9191979
 9183077
 9180893
 9187490
 9186107
 9186120
 0959065
 1011771
 9191755
 9191756
 9191758
 1325047
 1377177
 9197046
 9195759
 9186092
 9158322
 9167299
 9170862
 9183073
 9181999
 9183644
 9183546
 9191320
 9188809
 9192002
 9192462
 9193014
 9193388
 1326073
 9198442
 9197673
 9196325
 9195929
 9198524
 9195820
 9202433
 9199174
 9199096
 9200802
 9201853
 9202218
 9202473
 9202499
 9200696
 9200928
 9201959
 9202508
 1417053
 1417082
 1417091
 9199190
 9200026
 9200201
 9202230
 9202500
 9202656
 9201331
 9202282
 9199254
 9201209
 9201212
 9200147
 9199862
 9202331
 9202587
 9199038
 9200559
 9200833
 9199261
 9199751
 9200038
 9199086
 9199903
 9199908
 9200640
 9199408
 1202323
 9199213
 9191610
 9175690
 9186312
 1378121
 9193487
 9198797
 9171450
 9191511
 9195328
 9196598
 1377824
 1378789
 9170981
 9182292
 9185071
 1378912
 9187197
 9185092
 9188856
 9192806
 9192573
 9192944
 9197546
 9196099
 9197172
 9197598
 9198417
 9197424
 9198368
 9198376
 9198712
 9197791
 1324272
 9197769
 9200798
 9201101
 9201879
 9202709
 9199420
 9200947
 9201814
 9200263
 9201948
 9202270
 9200391
 9199628
 9200672
 9201402
 9200599
 9199602
 9177706
 9182935
 9184560
 9194106
 9194983
 1194692
 9153647
 9162915
 9176568
 9194429
 9196264
 9197975
 9162435
 1332566
 9169753
 9169755
 9166753
 9167841
 1357832
 9181236
 9182625
 1394174
 9187098
 9190422
 9190439
 9193934
 1273244
 9196649
 9196103
 9197606
 9200810
 9202139
 9202635
 9201993
 1417015
 9200046
 1240397
 9200467
 9199645
 9200011
 9201790
 9202261
 9200576
 9199087
 9199340
 1326145
 1050744
 1372880
 9191677
 9186160
 9198150
 9199872
 1372870
 9183914
 9181492
 9187838
 9184104
 9185662
 9190099
 9189268
 9194787
 9174202
 9193627
 1284107
 9197401
 9198709
 9195816
 9196397
 9199461
 9202271
 1417010
 9201453
 9199001
 9200494
 9201484
 9200025
 9199810
 9201560
 9199809
 9199277
 9200174
 9199358
 9200125
 9201755
 9170857
 9175600
 9174032
 9173612
 9173623
 9173634
 9179312
 9177790
 9179078
 9180562
 9180581
 9198011
 9201070
 9141151
 9164360
 9170269
 9196777
 9197180
 1253795
 9199167
 9201239
 9199856
 9202169
 9202623
 9201265
 9200762
 9181335
 9182048
 9187221
 9189067
 9189801
 9190306
 9192591
 9198475
 9198552
 9197182
 9197855
 1359615
 1161335
 1301008
 1301010
 9198893
 9201596
 9202088
 9201663
 9202437
 9199565
 9202063
 9200872
 9201374
 9201483
 9201899
 9202329
 9202384
 9201456
 9202196
 1014375
 9199674
 9200080
 9200349
 9201464
 9201588
 9187554
 9194280
 9198222
 9195974
 9200784
 1378832
 9166296
 9170274
 9170285
 9174534
 9174693
 9180525
 9184323
 9190688
 9192749
 9194255
 9194602
 9196331
 9195487
 9196993
 9196292
 9200171
 9199318
 9202497
 9199092
 9200015
 9198999
 9199145
 9200142
 9201784
 9201742
 1378828
 1378840
 9201254
 9201554
 9199241
 9202183
 9202191
 9200586
 9199282
 9200186
 9199634
 9199324
 1249753
 9199215
 9174888
 9179894
 1011776
 9192818
 1368799
 9192874
 9194652
 9194190
 9196729
 9197072
 9197560
 9196913
 1368602
 9197033
 9196280
 9197317
 9197780
 9197127
 9199768
 9201831
 9202294
 9202713
 9201763
 1360021
 9201816
 9202209
 9201324
 9201198
 9200070
 9201810
 9202382
 9199643
 9181797
 9162276
 1252047
 1377899
 1252254
 9174174
 9178537
 9180204
 9183137
 9182360
 9184634
 9189555
 9190382
 9188423
 9191142
 9190405
 9194474
 9194581
 9198758
 9198769
 9197564
 9198100
 9198185
 9197508
 9196613
 9197772
 9196724
 9198385
 1377463
 1377481
 9196603
 9196611
 9195714
 9198036
 9197024
 9196804
 9197159
 9197978
 1322747
 9201573
 9201921
 9202038
 9199981
 9201703
 9201578
 9200654
 9200522
 9201226
 9201417
 9171521
 9175952
 9195022
 9192036
 9193183
 9192563
 9193030
 9198327
 9197292
 9197516
 9197897
 9201225
 9202322
 9200291
 9201340
 9200487
 9202054
 1325180
 9202146
 9201350
 9199977
 9200160
 1389684
 9199483
 9200675
 9201613
 9202521
 9201060
 9200424
 9200439
 9200866
 9200656
 9201734
 1202950
 9139829
 1376885
 9186147
 9186623
 1390642
 9188053
 9193608
 9197260
 9198772
 9196706
 9201463
 9200720
 9202470
 9202245
 9199785
 9201890
 1377497
 9202451
 9202070
 9140213
 9140555
 9142240
 9141467
 9141519
 1351128
 1273012
 9147429
 1358110
 1358116
 9150316
 9165363
 1394219
 9176325
 9177257
 0937188
 9199154
 9201014
 0836470
 9199351
 9200738
 9198935
 9178241
 9153595
 9156834
 9189149
 9202222
 9202496
 9201820
 9193551
 9156392
 9163795
 9179099
 9179817
 9181660
 9183802
 9185667
 1325039
 9186849
 1253708
 9191094
 1050734
 1253721
 1357542
 9194462
 9193078
 9193663
 1389832
 9195028
 9194669
 9194702
 9193573
 9192992
 1253788
 9198870
 9198871
 1296614
 9197823
 9197440
 9198428
 9195657
 9196214
 9198341
 9196867
 9196980
 9195626
 9197669
 1050738
 1326074
 1253791
 1253793
 9198536
 9200955
 9201585
 1351798
 9199076
 9200563
 9200243
 9202308
 1417054
 1417016
 9200114
 9201207
 9199994
 1389687
 9201926
 1315645
 9200202
 9201407
 9200964
 9199477
 1050741
 9200014
 1202928
 1202345
 9191947
 9197513
 9197575
 9198021
 9198446
 9197752
 9201690
 1417086
 9199980
 9201562
 9200375
 9201589
 9202157
 9199758
 1389736
 9200966
 9200788
 9202268
 9164061
 9175602
 9174154
 0978635
 9180739
 9184574
 9185903
 9185474
 9186514
 9193548
 9192127
 9192852
 9194180
 9192405
 9194049
 9192896
 9198300
 9196759
 9198600
 9198717
 9198731
 9196680
 9197628
 9197662
 9196392
 9197183
 9197487
 9198460
 9199721
 9200857
 9199906
 9200220
 9202494
 9202515
 9199492
 9199746
 9200223
 9200427
 9201510
 1417024
 9200123
 9200400
 9201558
 9202112
 9200285
 9200646
 9202212
 9202240
 9202436
 9202541
 9200990
 9201106
 9201540
 9200233
 9202050
 1249754
 9201242
 9182768
 9187330
 9185509
 9186261
 9191436
 9193701
 9196612
 9196555
 9198942
 9202512
 1417070
 1417088
 9199938
 9201127
 9201565
 9199041
 9200748
 9201061
 9202014
 9201525
 9201591
 9202108
 9200219
 9201069
 9202080
 9201940
 1372251
 9171952
 1378940
 9197500
 9199853
 9199800
 9186602
 9191334
 9192540
 9194758
 1284102
 9198560
 9200618
 9200247
 9200451
 9201074
 9201121
 9198929
 9199017
 1332000
 9201567
 9202442
 9201689
 9199384
 1326149
 9193104
 9197418
 1326162
 9199339
 9172836
 9173358
 9191257
 9188392
 9191874
 9193259
 9194426
 9195064
 9194524
 9194953
 9193089
 9192335
 9193163
 9192646
 9194130
 9193929
 9193937
 9191800
 9196201
 9197678
 9198590
 9197387
 1284047
 9198388
 9195466
 9196150
 9198244
 9198585
 9196011
 9198477
 9198508
 9198693
 9201217
 9199250
 9200779
 9202503
 1322749
 9201683
 9201934
 9202277
 9202148
 9200868
 9201461
 1417059
 1417022
 9200629
 9200175
 9199150
 9199832
 9199837
 9200504
 9202453
 9202564
 9202596
 9201163
 9202593
 9202269
 9198963
 9199755
 9200946
 9200490
 9200731
 9199802
 9202089
 9202592
 9201468
 9200908
 9200102
 9200670
 1202926
 1373423
 1373712
 9195298
 9192236
 9193090
 9191313
 9196970
 1362679
 9200694
 9198967
 9200841
 9201293
 9201960
 9202707
 9199044
 9199046
 9200847
 9202432
 9199381
 1202314
 9190585
 9195901
 1377185
 1377472
 9197510
 9197567
 9201781
 9198964
 1378824
 9201472
 1357848
 9201583
 9200027
 9201185
 9200031
 9200064
 9201933
 9199586
 9177514
 9182143
 9187956
 9190907
 9197795
 9197911
 9197857
 9195839
 9199693
 1377523
 9201401
 9202278
 9201652
 9196463
 9196472
 9198895
 9200109
 9200119
 1315195
 9137756
 9142840
 9140851
 9147104
 9156348
 9154845
 9158466
 9160948
 9169171
 9166164
 1394228
 9176956
 9175992
 1378627
 9180301
 9178030
 1373596
 1378649
 9185061
 9185140
 9195251
 9193495
 1150004
 9198059
 9195550
 9177743
 9181310
 9183175
 1163520
 9187196
 9190984
 9190319
 9190378
 9188091
 9188251
 1253710
 9194565
 9192848
 9194434
 9194977
 9198692
 9196340
 1273245
 9196087
 9198056
 1252437
 9197399
 9197349
 1243194
 1161341
 9196928
 9198616
 9199308
 9201655
 9199738
 9200871
 9201740
 9202293
 1417073
 1417074
 1417076
 1417023
 9199148
 9199703
 1273371
 9200007
 9201113
 9201117
 9201120
 9201607
 9202359
 9201508
 9201762
 9202614
 9202182
 9201549
 9200108
 9198981
 9199603
 9201500
 9201875
 9201047
 9200900
 9200829
 9202221
 9198962
 9199491
 9200578
 9199571
 9200635
 9200516
 9200527
 9202250
 9201008
 9200724
 9202429
 9201072
 9201271
 9202105
 9201537
 9202698
 1202930
 9173855
 9195921
 9196760
 9198062
 9197947
 9201457
 9202145
 9199611
 9200207
 9202337
 9201766
 9200271
 9198521
 9202598
 9202599
 9192242
 9193897
 9192206
 9198555
 9202730
 9201893
 9200819
 9199413
 9202576
 9199267
 9199323
 9199005
 9199230
 9200861
 9202048
 9201840
 9199694
 9201851
 0959643
 1378740
 9172281
 9178362
 9178906
 9184477
 9187007
 9188669
 9188695
 1243177
 9196438
 9195861
 9198307
 9198592
 1359608
 1339829
 9197116
 9202516
 9200543
 1273368
 9201641
 9202087
 1357849
 9199995
 9201321
 9201969
 9199411
 9199680
 1202914
 1377232
 1394184
 9189396
 9191089
 9189989
 9192031
 9193225
 9193150
 9193636
 9193361
 9193906
 9196696
 9196276
 9198448
 9196892
 9197304
 9198294
 9198667
 9197075
 9196520
 9195867
 9200473
 9199432
 9199127
 9199130
 9201635
 9200319
 1417080
 9202401
 9199149
 9199678
 9201922
 9198984
 9201958
 1326147
 9159831
 9180584
 9187628
 9184277
 9184679
 9192532
 9193533
 9196143
 9198334
 9198067
 9198122
 9196395
 9197864
 9195907
 9195977
 9199988
 9199010
 9199136
 9199931
 9199965
 9200663
 1357564
 9200965
 9200971
 9199007
 1417057
 1417060
 1417081
 1417025
 9200259
 9199562
 9202421
 9202495
 1378827
 9201796
 9199342
 9199686
 9200699
 9198966
 9198968
 9199036
 9201665
 9200295
 1394257
 1202330
 1372881
 1351242
 9192196
 9198738
 9198701
 9202150
 9202022
 9202390
 9200976
 9201852
 9199253
 9157942
 1235832
 9192254
 9193898
 9194517
 9194682
 9194203
 9194114
 9194334
 9197147
 9197274
 9198275
 9197748
 9198338
 9196796
 9196255
 9195877
 9197824
 9198500
 1315617
 9197381
 9197767
 9198017
 9195873
 9197039
 9197700
 9197051
 9199917
 9202300
 9202175
 9199945
 9201105
 9201536
 1378834
 9202149
 1377508
 9201130
 9202424
 9201251
 9162333
 9176323
 9180124
 9183578
 9183639
 1372125
 1286945
 9187675
 9190983
 1315695
 9189214
 9189411
 9193172
 1296603
 9195092
 9194482
 9194665
 9195239
 9192986
 9192267
 9194908
 9193539
 9192683
 9192735
 9194840
 9196361
 9196384
 9196442
 9196745
 9196503
 9196691
 9196920
 9198094
 9198024
 9198670
 9201804
 9200470
 9199249
 9200997
 9200333
 9200342
 9200845
 9202303
 9202408
 9201122
 9199067
 1377493
 9199920
 9201975
 1372868
 1372871
 1358615
 9186086
 9189522
 9194837
 9198084
 9198736
 9197032
 9198700
 9196764
 9198622
 9197746
 9197168
 9200117
 1417089
 9199188
 9202505
 9199383
 9202686
 9199197
 9199535
 1202318
 1202358
 9183309
 9187460
 9188741
 9192566
 9194231
 9198102
 9198687
 1389714
 9200544
 1315636
 1315637
 9200937
 9201156
 9199097
 9199364
 9188130
 9190677
 9192904
 9197097
 9160872
 9170305
 9172584
 9186286
 9184466
 1163544
 9189561
 9188944
 9189597
 9188999
 9194362
 9195008
 9195247
 0775796
 1360018
 9191834
 9192091
 9192336
 9191855
 9194310
 9197964
 9198572
 9195793
 9196035
 9196455
 9198517
 9197092
 9198783
 9195492
 9196943
 1331989
 9197174
 9196511
 9196956
 9197421
 9197142
 9198732
 1301005
 9201376
 9200184
 9200775
 9200987
 9202216
 9202543
 9202636
 1417096
 1417014
 9200348
 9201411
 9200087
 9201432
 9200183
 9201019
 9201027
 9201035
 9201365
 9202619
 9202658
 1263024
 9202024
 1378830
 9199869
 9199389
 9199876
 1377516
 9199732
 9201887
 1365862
 9200688
 9198958
 9199112
 9199609
 9199745
 9200266
 9200542
 9200766
 9200227
 9200420
 9201327
 9199113
 9200811
 9199314
 9200859
 9201338
 9202120
 9200756
 9174896
 9192811
 9193514
 9196668
 9196375
 9197632
 9200161
 9199402
 9200072
 9201319
 9145746
 9150984
 9154389
 9157558
 9163929
 9164664
 9165047
 9168889
 9172641
 9183558
 9181274
 9180848
 9187456
 9189558
 9190037
 9195038
 9195337
 9198379
 9197764
 1372022
 9199015
 9199355
 9177264
 9188624
 9191584
 9192431
 9198481
 1378947
 9197448
 9195589
 9202727
 9201970
 9201379
 9199465
 9199584
 9200558
 9200929
 9201199