16-08-12
 9140609
 9163601
 9169235
 9166791
 9172307
 9175934
 9176376
 9176751
 9176812
 9176632
 9177333
 9180201
 9178678
 9178926
 9179861
 9179928
 1378629
 9178490
 9177870
 9162441
 9176618
 9176661
 9176308
 9175803
 9177806
 9178068
 9180001
 9180008
 9177347
 9138101
 9142873
 9140827
 9143691
 9146686
 9150840
 9159725
 9162476
 9169257
 9167432
 1315757
 9168244
 9172858
 9172800
 9171738
 1390595
 9172339
 9174133
 9174190
 9176115
 9176208
 9173467
 1360464
 1377396
 9173573
 9173701
 9174563
 9175715
 9176465
 9174539
 9173866
 9178370
 9178172
 9178725
 9178479
 9179943
 9179961
 9179584
 1373656
 1373681
 9177976
 9178352
 9179180
 9180067
 9180221
 1320054
 9177723
 9176981
 9178035
 9177805
 9179126
 9177213
 9178852
 9180063
 1377422
 9178633
 1359562
 1296837
 9177407
 9177839
 9178650
 9178715
 9178053
 9179869
 9177219
 9178083
 9179089
 9179921
 9178111
 9150511
 9164941
 9171675
 9164996
 9166683
 9168837
 9173225
 1359556
 9175700
 9177629
 9179606
 9179878
 9177625
 9179061
 9177155
 9177687
 1322428
 1322434
 9142494
 9141284
 9145438
 9153569
 9154238
 9155164
 9157517
 9158012
 9158184
 9159496
 9158401
 9163888
 9168210
 9175688
 1373620
 9176337
 1286925
 9178558
 9178248
 9177563
 9178573
 9177112
 9140694
 9142292
 9153641
 9165841
 9169286
 9169668
 9166839
 9141590
 9144403
 9164010
 9163032
 9163078
 9163443
 9164642
 9169180
 1011805
 9168351
 9164395
 9140344
 9137778
 9146487
 9148520
 1367209
 9164661
 9163880
 9163755
 9169747
 9171235
 9174371
 9176388
 9176509
 9176614
 9175876
 9176305
 9174516
 9175028
 9176321
 9174714
 9178890
 9177417
 9178345
 9180148
 9180154
 9179461
 9177581
 9179448
 9179618
 9180051
 9178578
 9177095
 1310395
 1373559
 9179127
 9178120
 9179233
 9180159
 9180195
 9180215
 9177653
 9178067
 9178560
 9178943
 9179785
 9179985
 9178232
 9179590
 9178856
 9178864
 1377432
 9177144
 9177908
 9179098
 9179790
 9179561
 9177222
 9177733
 9178939
 9177217
 9178996
 9177239
 9180041
 9177434
 9171606
 9180193
 9178668
 9159875
 9158347
 9165894
 9166325
 1358409
 9170644
 1378061
 9172356
 9175369
 9176888
 9175552
 9150314
 9156568
 9168713
 9173214
 9172390
 9170423
 1373625
 9173411
 9176671
 9176546
 9176876
 9175494
 9177351
 9121467
 9150252
 9158954
 9158439
 9157473
 9163242
 1284297
 9166216
 9167962
 9167063
 9167057
 9172888
 1284001
 9171529
 9171980
 1304644
 9174369
 9176417
 9176553
 1359558
 9174078
 9174433
 9178960
 9179292
 9177605
 9179335
 9178046
 9178575
 9177430
 9177999
 9178596
 9179612
 9177760
 0959621
 9171721
 9159141
 9168130
 9175954
 9178942
 9177890
 9141294
 9157760
 9163703
 9167659
 9172408
 9171970
 9176123
 9176118
 9176890
 9174091
 9175241
 9174203
 9174632
 9175218
 9175624
 9175987
 9175875
 9176212
 9178372
 9178860
 9179544
 1373660
 9177142
 9179795
 9178580
 9178741
 9178884
 9178866
 9179828
 1372810
 9161378
 9165953
 9167702
 9167518
 9169827
 9172029
 9153820
 1253982
 9169706
 9172837
 9138238
 9141979
 9157780
 9159549
 1378735
 9164458
 9166779
 9166940
 1377318
 9169820
 9169182
 9170035
 9172333
 9172935
 9170412
 9172956
 9176411
 9175092
 9175403
 1284013
 9175177
 9174028
 9179532
 9177592
 1373668
 9177874
 9180139
 9178494
 9180085
 9179170
 9177556
 9177639
 9170410
 9175976
 9179038
 1358933
 9171765
 9173167
 9173432
 9173434
 9178430
 9177278
 9177722
 9179765
 9180055
 1378642
 9179260
 9179175
 1376887
 9177277
 9179742
 1378787
 9174935
 9175981
 9175991
 1273118
 9175811
 9174096
 9176544
 9174363
 1161302
 9176986
 1340030
 9178147
 9179475
 9178422
 9179771
 9177671
 9179384
 9177737
 9178567
 9179097
 9155562
 9153775
 9175637
 9173649
 9177329
 9151768
 9160197
 9160573
 9162974
 9165296
 1360444
 9173496
 9176016
 1284058
 9175815
 9176940
 9175953
 9176090
 9180218
 9177954
 9178323
 1284029
 9177742
 9179262
 9180216
 9179203
 9176982
 9179520
 9178828
 1376582
 1364562
 9179332
 9177304
 9177428
 9141230
 9144048
 9143632
 9149926
 1390509
 9152538
 9156339
 9152626
 9158373
 9165165
 9163450
 1310865
 1358632
 1360442
 9168317
 9167159
 9169581
 9169593
 9172928
 9171782
 9171797
 9175378
 9174191
 9174988
 1376864
 1362359
 1362361
 9176985
 9178473
 9178497
 9178376
 9178402
 9179893
 9177423
 9178986
 1360474
 9176959
 9176960
 9178380
 9178395
 9179219
 9179549
 9177346
 9177766
 9177775
 9175219
 1364641
 9178239
 1320058
 9177919
 9177091
 9177214
 9149375
 9155699
 9158538
 1322495
 1378739
 9161916
 9163732
 1010340
 9166906
 9166649
 9171900
 9171446
 9171814
 1390582
 9173675
 9174968
 9174509
 9174452
 9176414
 9176096
 1378621
 1378625
 9175004
 9174973
 9175406
 9176052
 0959615
 9174586
 9174819
 9179635
 9179610
 1378641
 9179074
 1377404
 9177519
 9165181
 9163286
 9168610
 9170704
 1389394
 9172217
 9170897
 9174717
 9175971
 9174343
 9174927
 9175627
 9174830
 9174631
 9173886
 9175582
 9179439
 9179836
 9178585
 1284028
 9179696
 9177398
 9178033
 9178246
 1235848
 1235128
 1324512
 9179171
 9178528
 9177531
 9178423
 9177189
 9178679
 9116417
 9140638
 9151567
 9156274
 9155378
 9159114
 9159784
 9166015
 9170809
 9173298
 1390586
 9175882
 9176748
 9175058
 9174449
 9175527
 9179764
 9179122
 9177077
 9178901
 9179345
 9180235
 9178216
 9177443
 9178789
 1326204
 9142185
 9132870
 9171575
 9170162
 9173586
 9176067
 9174473
 9173808
 9177651
 9163189
 9165132
 9163300
 9163810
 9168807
 9175916
 9178885
 9147288
 9156632
 9166824
 9170988
 9174304
 9176756
 9178478
 9180205
 9179408
 9157267
 1240476
 9148499
 9151566
 9150200
 1394108
 9152859
 9152949
 9155712
 9158021
 9158097
 9157641
 9162297
 9164116
 1359652
 9163104
 9163302
 1253774
 9171363
 9171752
 9170535
 9172601
 9170317
 9171360
 1344995
 1362800
 1362336
 1362337
 1362339
 9172410
 9169891
 9176724
 9176864
 9174519
 9175641
 9174074
 1373637
 1373641
 1273175
 9175722
 1325033
 9176268
 9175620
 9174118
 1232098
 1286928
 9176776
 9178583
 9178221
 9178152
 9178577
 9177096
 9177103
 9178654
 9179827
 9178733
 1253783
 1253785
 9179937
 9160142
 9172237
 9173995
 9174210
 9178847
 1377427
 1315713
 9177052
 9167676
 1324647
 1372637
 1349278
 9170937
 9172591
 9170949
 9173063
 9171036
 9170076
 9172819
 1332601
 9173743
 9175363
 9176124
 9174756
 9175555
 9176688
 9176700
 1150153
 9174956
 9176003
 9176332
 9173751
 9175105
 9175359
 9175117
 9178203
 9177567
 9179624
 9179713
 9180108
 9177612
 9177914
 9177373
 9178010
 9177642
 9178058
 9150106
 9153203
 9153213
 9153306
 9160260
 9160609
 9163552
 9163583
 9169194
 9167965
 9172916
 9170049
 9171272
 9173453
 9176223
 9176022
 9176562
 9173680
 9176195
 9173483
 9175526
 1364627
 1394249
 9178802
 9177432
 9179032
 9179399
 9180042
 1373556
 1373558
 9177920
 9179234
 9177062
 9177865
 9180073
 9179232
 9177998
 1376569
 9178660
 9108414
 9161658
 1372601
 9170091
 9173575
 9177011
 9180255
 1378632
 9178310
 1372083
 1253780
 1378692
 9151762
 9174844
 9177154
 9178215
 9178354
 9179183
 9179191
 9177969
 9179363
 9177570
 9177452
 9179512
 9178166
 9179446
 9179200
 9162551
 9166399
 9171592
 9171945
 1364609
 9170501
 9176836
 9175539
 9176237
 9176284
 9176675
 9173859
 9174501
 9173934
 9176473
 9174362
 9173636
 9174642
 9174228
 9178234
 9178893
 9179023
 9179780
 9179802
 9180214
 9177460
 9177572
 9178308
 9179317
 9179678
 9179969
 9180037
 9180047
 9180103
 9180168
 9178092
 9179012
 1373673
 9178584
 9179254
 9177429
 9180116
 9180137
 9180191
 9180208
 9180227
 9180242
 9179599
 9179226
 9180079
 9177543
 9179190
 9178995
 9179309
 9179981
 9180049
 9178843
 9179378
 9179847
 9178255
 1235827
 9178460
 9178656
 9178663
 9178685
 9179162
 9178377
 9179899
 9178682
 9180182
 9179881
 9163175
 9167534
 9170197
 9170589
 1332613
 9180176
 9179860
 9177882
 9178436
 9176316
 1372107
 9177008
 9178813
 9177730
 9178287
 1320057
 9177447
 9177233
 9179838
 1359564
 9176992
 9177688
 9177936
 9179964
 9178475
 9179925
 9159066
 9163864
 9168843
 9169379
 1372764
 9173826
 9175100
 9178908
 9177609
 9178594
 9179474
 9178689
 9177143
 9177209
 1377346
 9174178
 9178513
 9179155
 1378636
 1378643
 9180249
 9179202
 9178451
 9178818
 9166733
 9177457
 9178981
 9090572
 1236968
 1373511
 1373547
 9114513
 9122139
 9123171
 9125646
 1315163
 1373397
 9136208
 9135726
 1377997
 9139253
 1373110
 9142605
 9170382
 9156932
 9157815
 9163152
 9168431
 1326052
 9172147
 9171661
 9170783
 9176946
 9173761
 9173992
 9176432
 1373553
 9176073
 9176820
 9173576
 9174200
 1324092
 9174683
 9175597
 9174572
 9176369
 9178060
 9179643
 9178256
 9180138
 9177517
 9178045
 9178822
 9179240
 9179526
 9180035
 9177513
 9177975
 9178667
 9179469
 1373678
 1373690
 1373555
 9178382
 9178787
 9177660
 9179192
 9179172
 9178915
 1378640
 9178020
 9179591
 9177844
 9178879
 9177442
 9179623
 9178346
 9177315
 9177249
 9177102
 9177544
 9179241
 9177749
 9177216
 9178554
 9177527
 9179440
 9179694
 9153388
 9161857
 9167238
 9169633
 9173054
 9176158
 9175395
 9175629
 9173875
 9174869
 9180213
 9180217
 9178024
 9178992
 9179111
 9179634
 9180075
 9179161
 9178197
 9177440
 9165988
 9179848
 9178208
 9167927
 9167615
 9174427
 1378618
 9179975
 9177913
 9180060
 9177324
 9178872
 9178917
 9179130
 9174417
 9175038
 9140547
 9140550
 9172098
 9173192
 9172342
 9170438
 9171715
 9172745
 9171148
 1390597
 9170490
 9175838
 9175670
 9174574
 9176336
 9176181
 0959612
 9177433
 9179213
 9178394
 9179733
 9180052
 9180140
 9178237
 1376583
 9177524
 9179608
 1240482
 9162321
 1376032
 9166973
 9169735
 9172092
 1310370
 9173783
 9174740
 9176070
 9178790
 9180196
 9180198
 9178002
 9178214
 9177770
 9177718
 9180241
 9179721
 9178835
 9179484
 9170018
 9170254
 9136195
 9144626
 9143726
 9146942
 9162557
 9160627
 9163469
 9162851
 1310871
 9168912
 9166132
 9176590
 1373644
 1310896
 9176186
 1315785
 1364623
 1364632
 9174380
 9176510
 9178444
 9179774
 1373664
 1373696
 9177952
 9177486
 9179739
 1235843
 9177081
 9177113
 9178703
 9179277
 1304599
 1011862
 9161441
 9177378
 1372803
 1372811
 1372813
 1372816
 1372812
 9150674
 9171318
 9171612
 9154127
 9165744
 9171548
 9169970
 9171517
 9173304
 9171389
 9172011
 9176423
 9176734
 9175858
 9174975
 9177989
 9177231
 9177575
 9177840
 9178125
 9177359
 9179488
 9179782
 9179145
 9178456
 9179916
 9177059
 9177464
 1235850
 9178512
 1188057
 9156338
 9153271
 9159225
 9158479
 9158721
 9158112
 9164140
 9165891
 9164431
 9163140
 9163949
 9163675
 1359668
 9170386
 9172880
 9172609
 1372711
 9175446
 9174755
 9176600
 9173407
 9173635
 9175152
 9178990
 9178019
 9178502
 9179832
 9179966
 9178566
 9177492
 9178880
 9178905
 9179884
 9180147
 1376866
 1235127
 9159015
 9158659
 9161040
 9160855
 1332559
 9163763
 9166870
 9166594
 1378769
 9169033
 9171605
 9170367
 9173116
 9173846
 9174775
 9176740
 9175178
 9158962
 9169215
 9172802
 9172729
 9172949
 9174747
 9175112
 9174518
 9174445
 9171021
 9172568
 9175665
 9150392
 9157178
 9164138
 0937170
 9164135
 9163049
 9165312
 9168284
 9169411
 9166849
 9169177
 9167205
 9169822
 9171420
 9171485
 9171294
 9172751
 9173187
 9173276
 9172844
 9169999
 9172904
 9170778
 9169875
 9174883
 9176773
 9176927
 9173685
 9173978
 9176394
 9176447
 9174003
 1373606
 9175313
 9176315
 9176863
 9176796
 9175273
 9175753
 9173600
 9174872
 1365962
 9175183
 9174170
 9175731
 9174109
 9173750
 9175524
 9176761
 9180306
 9180308
 9180145
 9177512
 9179924
 9179948
 9179933
 9180083
 9178195
 9177236
 1310385
 1373658
 1373688
 1373691
 1373700
 9179001
 9179025
 9179723
 9180134
 9180200
 9180209
 9180222
 9180224
 9178461
 9180165
 9177424
 9177593
 9179412
 1376886
 1235821
 1296842
 9177689
 9176990
 9178773
 9177309
 9178415
 9179708
 9179946
 9177658
 9164174
 1324639
 9166331
 9172511
 9176049
 9174710
 9175257
 9173892
 1372847
 9177297
 9134788
 1322444
 9142591
 9142563
 9143777
 9143761
 1378693
 9153906
 9154398
 9154560
 9157414
 9157084
 9157159
 9159672
 1315884
 9158397
 9160340
 9160687
 9163792
 9162916
 9162942
 9167570
 9166115
 1378781
 9167471
 9171351
 9171471
 1390599
 1332582
 9174645
 9175057
 9172355
 9170295
 9175039
 9173730
 9174094
 9175094
 0959608
 9177793
 9178327
 9177888
 9178448
 9179655
 9179663
