16-08-17
 9188610
 9119867
 9169490
 9180375
 9189715
 9193647
 9195168
 9194746
 9194802
 9195177
 9195322
 9192758
 9196300
 9198547
 9198474
 9198789
 9198283
 9186480
 9193578
 9193531
 9194666
 9197140
 9196883
 9197910
 9198543
 9196369
 9198282
 9179563
 9183888
 9181751
 9184636
 9187846
 9190555
 1377078
 9189375
 9190835
 9193127
 9192449
 9194792
 9192015
 9193574
 9194783
 9193054
 9194100
 9192132
 1254345
 9198449
 9198787
 9195571
 9195972
 9197218
 9197581
 9196809
 9197872
 9197505
 9197870
 9195854
 9198254
 9198779
 9198788
 9195580
 9196448
 9198570
 9195648
 9197113
 9197061
 9195725
 9197774
 9198322
 9196315
 1377451
 1359695
 9195871
 9196975
 9195770
 9196181
 9196302
 9196802
 9197533
 1362871
 9196945
 9161842
 9168104
 1378935
 9191893
 1359586
 1163757
 9192693
 9195973
 9197908
 1359606
 9197106
 9192181
 9194623
 9195179
 9195326
 9192170
 9153838
 9160356
 9161899
 9160285
 9163080
 9165271
 9164634
 1359663
 9164888
 1394214
 9167783
 9168714
 9170019
 9170543
 1331952
 9170210
 9190970
 1331991
 9164991
 9177875
 9178054
 9178388
 9177203
 9181416
 9181807
 9182134
 9182769
 9183387
 9181629
 9183255
 9184924
 9190854
 9189645
 9193138
 9192118
 9194532
 9195129
 9192323
 9195553
 9196293
 9197455
 9195731
 9198116
 1252291
 9195900
 9196614
 9197186
 9198768
 9195686
 9196659
 9198015
 9198179
 1372011
 9195967
 9186282
 9188780
 9191082
 1050737
 1378905
 9189357
 9189433
 9175516
 9178522
 1373599
 9184833
 9184590
 9186003
 9189188
 9189294
 9190177
 9190183
 9191152
 9191452
 9188797
 9189412
 9195389
 9193036
 9192401
 9193130
 9195219
 9195106
 9192684
 9192951
 9193444
 9192261
 9193145
 9193506
 9193606
 9194083
 9197281
 9198038
 1340153
 1357547
 9196862
 9196965
 9195916
 9196559
 9198575
 9196631
 9197941
 9197514
 9197704
 9198079
 9198174
 9198303
 9198601
 9196705
 1273249
 1284049
 1284112
 9195509
 9196367
 9198785
 9197835
 9197843
 9198266
 9198318
 9197252
 9195655
 9198016
 9195601
 1377484
 9195756
 9196468
 9197691
 9196837
 9197723
 9197383
 9198005
 9198309
 1286841
 9196329
 9186216
 9186217
 9190455
 9189936
 9191651
 9190093
 9194740
 9192177
 9193354
 9195323
 9193056
 9196089
 9196937
 9198605
 9170474
 9183882
 9187030
 9187872
 9191672
 9156914
 9162798
 9164632
 9168614
 9173883
 9174578
 9179767
 9183384
 0959639
 9180891
 9187273
 9184747
 9190089
 1357508
 9190761
 9188156
 9188730
 9190666
 0647159
 9195357
 1357530
 1373023
 9193068
 1389669
 9192494
 9193059
 9193519
 9196783
 1284125
 1284128
 1368547
 1377452
 1377457
 9196874
 9183935
 9189786
 9188614
 9171119
 9194355
 9198257
 9195091
 9198306
 1377742
 1377311
 1377370
 9177348
 9182071
 9181532
 9180498
 9185649
 9190372
 9188620
 9194655
 9193360
 9192606
 9192978
 9193001
 9194859
 9194562
 9196224
 9196840
 9198172
 9198229
 9198377
 9198674
 9196174
 9195517
 9198741
 9196677
 9195540
 9198662
 9197279
 9180190
 9181468
 9186655
 9189451
 9194621
 9192499
 9195257
 9192000
 9193356
 9178651
 9177731
 9177292
 0959628
 9181497
 9185789
 9185935
 9162416
 9163088
 9173982
 1315711
 1315717
 9181620
 9183631
 9181975
 9186538
 9186089
 9187619
 9186388
 9191273
 9191198
 0647156
 9194853
 9192255
 9194640
 9194660
 9193821
 9195898
 9198855
 9196986
 9197865
 9198530
 9196996
 9198078
 9197868
 9195485
 9195833
 9198336
 1304467
 1377194
 9197134
 9196732
 9196220
 9197419
 9195963
 9198120
 1372012
 9191048
 9180962
 9190926
 9189427
 9191411
 9192991
 9192159
 9194326
 9193557
 9198031
 9196180
 9196516
 9198607
 9195462
 9195703
 9197131
 9177123
 1357529
 9195430
 9194670
 1284094
 9191938
 9193153
 9192361
 9196095
 9197783
 9197703
 9196461
 9196470
 9196399
 9197545
 9197922
 9196882
 9196128
 9198389
 9195990
 9198166
 9195906
 9196746
 1372028
 9194770
 9195270
 9192863
 9198544
 9198610
 9182162
 9187752
 1163759
 1273205
 1273199
 9189646
 9188903
 9189735
 9191284
 9188042
 9193008
 9195283
 9194867
 1364581
 1324528
 1324529
 1324527
 9193895
 9197196
 9197969
 9198187
 9198106
 9196738
 9198473
 9197568
 9198160
 9197376
 9197389
 9198621
 9196161
 1378938
 1378819
 9195645
 9196860
 9198075
 9195997
 9197667
 9195515
 9195598
 9196349
 9196328
 9173329
 9182790
 9182064
 9184130
 9186015
 9188927
 9195372
 9194931
 9191710
 9193411
 9194022
 9194560
 1362866
 1362867
 9196147
 9197251
 9197784
 9198632
 9198069
 9197356
 1194534
 9198028
 9197296
 9196063
 9197547
 9197866
 9197585
 9192854
 9194683
 9194342
 9196358
 1377475
 9139000
 9142948
 9141057
 9141017
 9146048
 9147980
 1368718
 9154629
 9158440
 9160425
 9167835
 9171326
 9172240
 9174169
 9179873
 9179704
 9182676
 9187559
 1325037
 9186114
 9185258
 9186017
 9189954
 9188263
 9188650
 9189047
 9190375
 9192889
 9191934
 9192008
 9195171
 9193041
 1377174
 9192066
 9192776
 9191871
 9194150
 9194768
 1389723
 9197566
 1010341
 1160216
 9186535
 9187549
 9189292
 9193931
 9195041
 1310397
 9193342
 9193552
 1360019
 9192308
 9192612
 9193032
 9193980
 1254350
 9194132
 9196535
 1378945
 9197761
 9195897
 9197580
 9197297
 9197305
 9196922
 9197167
 9197738
 9197955
 9198086
 9196727
 9197812
 9196583
 9197031
 9168872
 9184058
 9181189
 9182533
 9184531
 9184685
 9184827
 9187345
 9184641
 9184758
 9186772
 9189307
 9191251
 1273233
 9194948
 9192433
 9194220
 9198820
 9197569
 1311632
 9196118
 9195663
 9196363
 9196800
 9197000
 9197009
 9198137
 9198574
 9198780
 9196739
 9198642
 9195490
 9195677
 9196998
 9197494
 9197264
 9198493
 1286840
 9196877
 9192959
 9151170
 1326120
 1310391
 9177670
 1160219
 9189543
 9190189
 9194849
 9194747
 9193177
 9196492
 9189513
 9177661
 9181224
 9191503
 9180704
 9180940
 9186448
 9192719
 9196021
 9197929
 9197977
 9198332
 9198794
 1324273
 9168930
 9153827
 9158476
 9177714
 1253703
 9187601
 1163534
 1311625
 1311630
 9190131
 9191683
 9191933
 9194421
 9192410
 9192870
 9193631
 9193816
 1373026
 9193285
 9193713
 9194911
 1389810
 9193656
 9191715
 9193215
 9192211
 9192851
 1339944
 9191865
 9191870
 1253786
 9198281
 9195971
 9196600
 9198760
 9198762
 9196695
 9195565
 9198246
 1272455
 9196973
 1359696
 1359698
 9197883
 9197610
 9197524
 1253792
 9198486
 9183403
 9192220
 9193601
 9193614
 9193630
 9194817
 9192594
 9194786
 9192305
 9192511
 9195489
 9198405
 9195506
 9195507
 9197456
 9196820
 1389720
 9196289
 1315619
 9195954
 1364584
 1364585
 9197447
 9165560
 9171998
 9174214
 9177923
 9183824
 9183600
 9185589
 9185941
 9188169
 9190369
 9192994
 1296548
 9194381
 9192281
 9193154
 9194115
 9194169
 9192954
 9192969
 9193448
 1357910
 9198643
 9198324
 9197037
 9195617
 9196451
 9196457
 9195843
 9197087
 9197725
 9198541
 9198726
 9197176
 9195826
 9195956
 9197750
 9197677
 9197684
 9197458
 9197285
 1243195
 9195863
 9196339
 9197143
 9196884
 1273158
 9171155
 9175496
 9179149
 9179205
 9179886
 9182399
 9180668
 1324516
 9186178
 9184989
 1351762
 9190105
 9194645
 9193633
 9193833
 1377162
 1377164
 1377171
 9192993
 9193015
 9194515
 9193813
 9192126
 9192745
 9192143
 9193206
 9194039
 9194590
 9195700
 9196483
 9197895
 9196618
 1296607
 9196823
 9197768
 1378943
 9198751
 9195723
 9198316
 9198441
 1377471
 1377480
 9198357
 9156370
 9157741
 9172674
 9173083
 9172973
 9179453
 9177370
 9187511
 9185725
 9189797
 9191107
 9190394
 1368798
 9191450
 1339940
 9194914
 9193675
 9194405
 1389996
 9170084
 9174223
 9177579
 9184848
 9191018
 9188682
 9190990
 1372620
 1351776
 9193621
 9193021
 9198498
 9196666
 9197052
 9196523
 9198315
 1273247
 9198394
 9198002
 1377466
 9198553
 9195866
 1163353
 9190431
 9189162
 9189717
 1389399
 1389398
 1010780
 9189553
 9191170
 9193463
 9192028
 9193165
 9175074
 9182139
 9182076
 9190799
 9189277
 9191280
 9188698
 9188353
 9188327
 9189467
 9193108
 9192798
 9192430
 9194124
 9192439
 9194882
 9192179
 9195201
 9193869
 9194340
 9193294
 9194091
 9192567
 9194211
 9195468
 9198330
 9198465
 9198759
 9198770
 9197679
 9198619
 9198679
 9196507
 9195563
 9197831
 9196327
 9196480
 9198534
 9196774
 9196879
 9197415
 9197422
 9195774
 9198366
 1378942
 1378950
 9198436
 9196639
 9195720
 9198588
 9196168
 9198200
 9198023
 9198497
 9197701
 1324931
 9195555
 9197919
 9196006
 9185650
 9189716
 1273219
 9191508
 9190526
 1331992
 9195666
 9198801
 9186403
 9196552
 9196863
 9198399
 1252292
 9196812
 9198365
 9195813
 9197555
 1359607
 9195980
 9196066
 9197785
 9196098
 9196935
 9197852
 1372026
 9194930
 9191762
 9191817
 9194245
 9192040
 9194512
 9196948
 9196153
 9196784
 9195975
 9196198
 9196319
 9194687
 9192327
 9197614
 1263016
 1240367
 9198353
 9195995
 9197078
 9197512
 9197601
 9198347
 9198416
 9196272
 9196500
 9195785
 9196572
 9197646
 9161714
 9167488
 9173323
 9183020
 1362385
 9184533
 9188852
 9190434
 9191945
 9194633
 9193425
 9186700
 9186497
 9188436
 1378932
 9190518
 9190893
 9189459
 1315685
 0647152
 9190444
 9190033
 9195084
 9192456
 9191841
 9194737
 9193283
 9194424
 1389808
 9194044
 1315611
 9193733
 9191858
 9192958
 1301031
 9198099
 9196528
 9196212
 9196699
 9196825
 9196857
 9196346
 9198528
 9198549
 9196814
 9196091
 9198022
 9198095
 9197082
 9196163
 9196924
 9195567
 9197948
 1273364
 1284116
 9196394
 9196354
 9196827
 1393038
 1378818
 9195928
 9197197
 9197749
 9195545
 9197144
 9198676
 1389721
 9195755
 9195927
 9198039
 9196072
 1377459
 1359697
 1359699
 9196570
 9195909
 9196040
 9196923
 9197597
 9197844
 9196422
 9197676
 9197071
 1344917
 9196990
 9188514
 9198617
 9175740
 9175546
 9180020
 9184985
 9184890
 9190869
 9191359
 9189768
 9194048
 9194157
 9193118
 9195147
 9192253
 9196642
 9198764
 9198766
 9197232
 9197015
 9198761
 9195505
 9196767
 9196265
 1340049
 9194993
 9186123
 9185731
 9188945
 9193972
 9194630
 9194642
 9194704
 9198863
 9197153
 9198112
 9198293
 9198656
 9196743
 1284131
 9197763
 1378815
 1378822
 9195716
 9195717
 9196604
 9198598
 9198713
 1301004
 9045210
 1324385
 1324454
 1330897
 9118775
 1011655
 1011657
 1011658
 9151409
 9154777
 9153085
 9156639
 9159652
 9161971
 9163200
 9163234
 9163238
 9163241
 1389987
 1315835
 1315836
 1367093
 1367094
 9163593
 9168030
 9169793
 0647242
 9173066
 9170327
 9170333
 9170993
 9171015
 9171029
 9172328
 9171146
 9171167
 9173763
 9173768
 9173775
 9173844
 9173852
 9173531
 9176802
 1377377
 9177734
 1378312
 1377405
 9177555
 9177562
 9182731
 9180556
 9180559
 9180567
 9180569
 1389874
 9183727
 9183629
 9182805
 9186619
 9186978
 9184186
 9184187
 9189134
 9189226
 9190233
 9191011
 9190232
 9189478
 9189840
 1331980
 1389804
 9192891
 9184135
 9169792
 9191992
 9189940
 9191534
 1378933
 1372619
 9194877
 9194338
 9195005
 9193288
 9195044
 9195178
 9193052
 9194872
 1339946
 9192277
 9193398
 9193011
 9195872
 9198143
 9198515
 9198522
 9196690
 9197171
 9196196
 9196657
 1339826
 9197195
 9196719
 9198037
 1377385
 9185753
 9185262
 9188519
 9195040
 9194481
 9193824
 9194382
 9195151
 9194052
 1340154
 1357562
 9196629
 9195710
 9197901
 9196179
 9197758
 9197740
 9198490
 9195953
 9195653
 9197073
 1177921
 1372023
 9167470
 9178163
 9179177
 9178731
 9179523
 1332621
 9181251
 9180350
 9189632
 9191725
 9191842
 9191879
 9193151
 1373022
 9194198
 9194691
 9194412
 9194456
 9193189
 9192094
 9192287
 9194218
 9193716
 1357556
 9198284
 9196070
 1273250
 9196393
 9197815
 9196950
 9197751
 1378946
 9195808
 9196088
 9196270
 9196275
 9196282
 9195757
 9196211
 9196481
 9198238
 9198452
 9197821
 1372003
 1372057
 9197712
 1372010
 1372009
 9196866
 9171141
 9173423
 9180206
 9181084
 9189727
 9189130
 9192048
 9192049
 9193237
 9192109
 9193721
 9195353
 9192169
 9192093
 9193840
 9194371
 9193941
 9193761
 9197255
 9198228
 9198191
 9198361
 9198269
 9198276
 9198698
 9198774
 9198775
 9194270
 9197531
 9163205
 9180166
 1377218
 9185155
 9186635
 9190786
 9190462
 9190609
 9188558
 9190102
 1377247
 1372615
 9193088
 1331988
 9193566
 9194475
 9194580
 1326072
 9197446
 9198387
 9197906
 1378949
 9196144
 9198271
 9191027
 1284008
 9176224
 9173413
 9182040
 9183988
 9190763
 9195441
 9194648
 9192037
 9194387
 9193839
 9193873
 9198529
 1273246
 9197636
 9178931
 9180233
 9181673
 9187661
 9185097
 9190742
 9188182
 9193332
 9192485
 9196548
 9196620
 9198626
 9198113
 9197442
 9168864
 1160217
 9187021
 1253717
 9194827
 9194035
 1254344
 9195895
 9196594
 9196628
 9179458
 9183921
 9182012
 9187901
 9186320
 9189387
 9189218
 9189315
 9191371
 9189338
 9188352
 9190909
 0959074
 9195425
 9194458
 9193512
 9195302
 9195189
 9192667
 9191791
 9193845
 9194986
 9194567
 9192403
 9194153
 9193983
 9194765
 9193582
 9192894
 9194367
 9193913
 9191924
 9193926
 9195698
 9197233
 9196828
 9197079
 9198523
 9196368
 1296606
 9196175
 9196435
 1273365
 9195925
 9198054
 1284114
 1284115
 1284118
 1272454
 9195539
 9196017
 9196733
 9197395
 9197608
 9197999
 9198587
 9198707
 9198782
 9198784
 9198786
 9197063
 9198408
 9197161
 9198000
 1377458
 1377468
 1377191
 9197950
 9197762
 9195886
 9196936
 9197089
 9195836
 9195960
 9196243
 9196295
 9196376
 9197277
 9184246
 9194846
 9194471
 9195155
 9195258
 9194391
 9194173
 1301028
 9197187
 9196841
 9195578
 9197053
 1372029
 9179920
 9184115
 9184264
 9185137
 9184347
 9190202
 9194243
 9192742
 9193378
 1243180
 1301036
 1359609
 9147628
 1379831
 1315730
 1339939
 T900015755
