16-08-16
 9169632
 9170400
 9187449
 1378907
 9191250
 9191438
 9188534
 9189926
 9191166
 9191435
 9191439
 1378922
 9195315
 9192681
 9191941
 9193439
 9181676
 9182346
 9183944
 9187115
 9187877
 9190153
 9189135
 9192469
 9193774
 9194276
 9194927
 9195074
 9191792
 9191970
 9193485
 9194228
 9193335
 9194727
 9193956
 9193832
 9191859
 9194568
 9148958
 9160673
 9176636
 1373598
 9181919
 9183507
 9183511
 9185174
 9186087
 9185502
 9186336
 9187187
 9187347
 9191531
 9190274
 9188989
 9191122
 1253719
 9195386
 9194949
 9193666
 1373025
 1273234
 9194733
 9194695
 9192280
 9192770
 9194563
 9192300
 9194549
 9193469
 9192175
 9194947
 9193317
 9194619
 9194133
 1377169
 9191828
 9193842
 9193857
 9193874
 1359599
 9192087
 9192249
 9193372
 9193749
 9192027
 9193148
 9192052
 9192073
 9192461
 9173719
 9174906
 1378802
 9181197
 9181113
 9186829
 9185947
 1378920
 9190479
 9190469
 9167311
 9181599
 9184858
 9185068
 9192479
 9192274
 9193248
 9194253
 9193028
 9194674
 9179829
 9183926
 9183945
 9184988
 9185042
 9187726
 9186157
 9189718
 9191579
 9154279
 9184653
 1308176
 1358956
 9152627
 9156476
 9157191
 9160057
 9156779
 9158530
 9158615
 9161424
 9161660
 9160234
 9160946
 9160954
 9160423
 9161122
 9161913
 9162956
 9167394
 9166537
 9166727
 9170509
 9174360
 9174442
 9177927
 9180537
 9184148
 9186531
 9182032
 9184388
 9187124
 9189447
 1253714
 1253715
 9193835
 9191769
 9194019
 9191935
 9192390
 9191914
 9192454
 1339942
 9193715
 1254346
 9194551
 9179803
 9182077
 9182577
 1160218
 1359575
 1382974
 1382975
 9180760
 9181538
 9186353
 9187298
 9183024
 9183187
 9171154
 9173492
 9179242
 9181957
 9181937
 9184646
 9186539
 9189889
 9191367
 9189859
 9189767
 9190018
 9191164
 9191300
 9190689
 9189236
 9188100
 9190435
 9191008
 9191325
 9190590
 9189306
 9192041
 9192047
 9193214
 9193396
 9193724
 9193071
 9194238
 9193532
 9194816
 9193211
 9194346
 9194632
 9194679
 9195045
 9195153
 9195185
 9195249
 9195088
 9195236
 9191876
 9192160
 9192166
 1331987
 9193643
 1389817
 9191965
 9195059
 9194006
 9194465
 9191995
 9192398
 9192977
 9193820
 9193868
 9193778
 9193981
 9194213
 9194267
 9193879
 1243451
 9192553
 1254348
 9169729
 9179983
 9181888
 9184225
 9184724
 1365961
 9186837
 9188361
 9190474
 9170894
 9178631
 9178263
 9182613
 1163535
 1163755
 9189362
 9189802
 1284046
 9189507
 1377055
 9188661
 9190722
 9193642
 9194521
 9194578
 9193270
 9193893
 9192224
 9194063
 9193547
 9192191
 9193714
 9192074
 9193049
 9194145
 9192586
 9192710
 9193228
 9180340
 9183377
 9192376
 9194984
 9194080
 9165406
 1315816
 9166111
 9175821
 9176907
 9181136
 1286943
 1332632
 9187705
 9186255
 9186132
 1357501
 9190412
 9191426
 9190851
 9189449
 9191223
 9194144
 9194188
 9194131
 9194920
 9193921
 9192556
 9193272
 9194961
 9192865
 9194288
 9193358
 1358421
 9186970
 9184345
 9188206
 9190064
 9188659
 9188377
 9170307
 9182998
 9184767
 9187832
 9179284
 9183308
 9183768
 9185604
 9185590
 9190903
 9189078
 9190273
 9191557
 9190373
 9191228
 9190311
 9193995
 9192881
 9193885
 9195042
 9195018
 9195330
 9194224
 9193142
 9193486
 9195310
 9193197
 9193212
 9192595
 9191721
 9191722
 9191030
 9188319
 9174076
 9175170
 9179573
 1377446
 9182417
 9188284
 9189631
 9189127
 9190866
 9192138
 9192829
 9192607
 9193808
 9193373
 9193949
 9193591
 9173128
 9186442
 9186995
 9186073
 9190879
 9191247
 1372149
 9191760
 9193577
 9192675
 9195167
 9192288
 9194113
 9195364
 9193277
 9194214
 9192264
 9193122
 9195414
 9192551
 9193218
 9194751
 9192512
 9193543
 9175318
 9176822
 9186706
 9187588
 9192930
 9193446
 9161627
 9167796
 9172257
 9173585
 9176333
 9179447
 9184411
 9185281
 9185226
 9190849
 9189325
 9189957
 9188120
 9189288
 9188563
 9189065
 9190424
 9188851
 9195385
 9195440
 9194341
 9195306
 9194380
 9192466
 1284109
 9192962
 9194248
 9192641
 9192691
 9192777
 9195307
 9194076
 9194154
 9194536
 9193645
 9192016
 9195077
 1377160
 1364578
 9193432
 9192017
 9192021
 9192023
 9192070
 9194583
 9181445
 1378803
 1378805
 9181954
 9181639
 9186377
 9184520
 1011769
 9185011
 9189529
 9191514
 9188749
 9187960
 9189353
 9193967
 9193261
 9193909
 9194021
 9192780
 9192227
 9192981
 9194098
 1389671
 9191709
 9191711
 9191717
 9194300
 9193050
 9194423
 9195020
 9193891
 9161193
 9187181
 9192861
 9191815
 9192119
 0775797
 9193160
 1150003
 9192724
 9194538
 9160483
 9166585
 9167504
 9171267
 9174227
 9176798
 9174119
 9173365
 9180029
 1378812
 9182558
 9185447
 9186121
 9185923
 1389661
 9186222
 9184737
 9190098
 9188799
 9189807
 9190287
 1378930
 9189827
 9191085
 9191140
 9191355
 1377070
 1377084
 9190704
 9189369
 9190140
 9188892
 9188918
 9191131
 0647153
 9189675
 9190833
 9194724
 9192788
 9193375
 9192165
 9195250
 9193126
 9194087
 9193380
 9194611
 9193481
 1377179
 9193312
 9192847
 9194631
 9175411
 9185727
 9189486
 9189820
 9191072
 9193401
 1351800
 9194981
 9194433
 1373797
 9192690
 9194411
 1389830
 9195284
 9192779
 9193848
 9193860
 9193943
 9193204
 9193348
 9192623
 9193649
 9193987
 9194403
 9194308
 9194506
 1315783
 9178348
 9177672
 9179349
 9183998
 9182176
 9183853
 9184018
 9183594
 9184160
 9184772
 9185030
 9191272
 9191603
 9191609
 9191351
 0836463
 1253711
 9195431
 9193247
 9192107
 9192624
 9193440
 9194451
 9195311
 9193580
 9192375
 9193565
 9195023
 9192316
 9191764
 9162290
 9165426
 9180307
 9184744
 9188630
 9189800
 9190023
 1394191
 9192137
 9187185
 9173548
 9186628
 9187519
 9191317
 9188412
 9188416
 9191201
 9188791
 9192833
 9194726
 9195054
 9192799
 9193729
 9193664
 1373609
 1373648
 1310899
 9174348
 9173402
 9179640
 9182621
 1373575
 1373554
 1323490
 1331979
 9182242
 9186573
 9185961
 9185139
 9190802
 9189549
 1373756
 9189514
 9190649
 9189242
 9188962
 9188978
 9190471
 9190499
 9191597
 9190358
 9190796
 9189436
 9190822
 9190511
 9191075
 9191260
 9191269
 9191286
 9191507
 9191098
 1253720
 1253724
 1253725
 9189736
 9190121
 9191146
 9195434
 9193436
 9192486
 9194834
 9193946
 1373002
 1373017
 1373019
 1373033
 9193779
 9192820
 9194368
 9192223
 9194004
 9193998
 1253787
 9179316
 9178726
 9191479
 9191987
 9194825
 9194661
 9194672
 9191971
 9192204
 1243183
 1243184
 9191849
 9175136
 9179367
 9182711
 9185356
 9185409
 9186435
 9186465
 9187327
 9186383
 9186039
 1389890
 1389662
 9185426
 1163753
 9186259
 9189753
 1373777
 9189594
 9190921
 9190928
 9191608
 9189698
 9190021
 9190230
 9190533
 9190096
 9189452
 9189748
 9191457
 9193217
 9195360
 9195103
 9193060
 1349288
 9192670
 9193082
 9192406
 9192946
 9191805
 9192635
 9194797
 9194965
 9195165
 9195186
 9195259
 9195300
 9195301
 9195317
 9195324
 9193124
 9193171
 1389809
 1389813
 9192457
 9194484
 9194149
 1359596
 9192216
 9193517
 9194041
 9194009
 1324524
 9191892
 9192967
 9192490
 9192516
 9193676
 1326071
 9193809
 9179026
 9179362
 9179154
 9178018
 9183405
 9183397
 9183371
 1377202
 9185075
 9187424
 9187663
 9187425
 1378909
 9186278
 9189007
 9190705
 9190935
 9190906
 9189143
 9189458
 9194289
 9194306
 9194464
 9195209
 1373716
 1373006
 9192695
 9192976
 9193696
 9194401
 9192279
 9195340
 9195344
 9191823
 1365991
 9194675
 9194086
 9192484
 9192509
 9060291
 1390310
 9131104
 9138269
 9138942
 9143289
 9142038
 9144631
 1344976
 9153142
 9154433
 9157068
 9159703
 9156383
 9157203
 9161901
 9161546
 9165215
 9164352
 9168192
 9169221
 9169258
 9167284
 9172915
 9172385
 9172137
 9176482
 9174904
 9175939
 1188241
 9182023
 9182125
 9181418
 1389888
 9186002
 9187689
 9187698
 9186372
 1389893
 9189260
 1411701
 9188739
 9190927
 9193249
 9195433
 9195435
 9192187
 9195183
 9191975
 9193325
 1253789
 9162658
 9180082
 9182052
 9184208
 1011940
 9191661
 9191569
 9190986
 9191180
 1273210
 9188641
 9191375
 9189862
 9191442
 9190687
 9190209
 9195371
 9192632
 9192688
 1296602
 9192317
 9193760
 1377165
 9193175
 9167512
 9172976
 9177602
 9177662
 9179239
 9181129
 9182590
 9181935
 9186156
 9184252
 9185109
 1332634
 9187596
 9186072
 9187430
 9184957
 1377217
 9187676
 9191570
 9191594
 9191243
 9188047
 9190441
 9191103
 9188062
 9191130
 9192388
 9194887
 9195051
 9195194
 9195297
 9193600
 9193700
 9194351
 9194731
 9194937
 9195119
 9195227
 9193125
 9191840
 9192442
 9192497
 9191798
 9193670
 9193680
 9193859
 9195331
 9194189
 9194974
 9193492
 9191754
 9193542
 9193265
 9194774
 9194271
 9192572
 9193399
 9194699
 9192729
 9193429
 1364579
 9192633
 9192995
 9191770
 9193451
 9192768
 9192812
 1372080
 9181070
 9185827
 9187313
 0959068
 9188258
 9188159
 9194347
 9194165
 9178252
 9183837
 9185666
 9189211
 1373706
 9189610
 9190494
 1378120
 9188115
 9189835
 9188611
 9189341
 9191160
 9190389
 9191158
 1191980
 9193299
 9192135
 9192639
 9193341
 9193837
 9194941
 9192411
 9194794
 9193086
 9193149
 1377181
 9192077
 1359595
 9191807
 9193900
 9193959
 1050736
 1382972
 9190523
 9191440
 9191395
 9193796
 9192680
 9194886
 9192911
 9194319
 9190427
 1235846
 9189580
 9188010
 9188861
 1389899
 9191224
 9190576
 9191704
 9192816
 1377161
 9192409
 9192515
 9192702
 9167264
 9192133
 9168812
 9177547
 9177287
 9180425
 9182081
 0937194
 9185487
 9187108
 9185428
 1364567
 1351761
 9188202
 9195246
 9192579
 9194207
 9176903
 1378746
 9174648
 9179462
 9182559
 9182407
 9184524
 9187900
 9184739
 9187376
 9191362
 1373776
 1273215
 9189090
 9190334
 9190682
 9190919
 9188317
 9190370
 9188910
 9191481
 9191409
 9189209
 9195362
 9195427
 1357527
 9194246
 9195238
 9194636
 9194651
 1373010
 1373011
 9193087
 9193781
 9193988
 9193723
 9192671
 9194296
 9194546
 9192765
 9193006
 9195264
 9192686
 9193524
 9194315
 9194437
 9194487
 9194503
 9193788
 9193057
 9193871
 9193853
 9194830
 9194494
 1389829
 9192069
 1377166
 9192738
 9194140
 9193339
 9193295
 9193718
 9195255
 9192337
 9193899
 9194075
 9193732
 1324096
 9179468
 9177372
 9180679
 9182173
 9187359
 9187406
 9185131
 9189948
 9190733
 9190767
 9188869
 1253713
 9194164
 9195031
 9195085
 9193191
 9195191
 9195253
 9192843
 1284055
 9191667
 9183411
 1394183
 9187568
 1378928
 1378118
 9189928
 9191083
 9195094
 9194528
 9192243
 9194775
 9195202
 9192519
 9194728
 9195263
 9191940
 9192225
 9193193
 9193236
 9194821
 9163897
 9181463
 9181527
 9190100
 9191460
 9191486
 9172833
 1373652
 9185971
 9190626
 1273194
 1273212
 9190515
 9190858
 9191538
 9188303
 1372063
 9190943
 9195015
 9194685
 9195187
 9195233
 9195269
 1194525
 9194749
 1243175
 1286702
 9193955
 9194729
 9162146
 9168630
 9181966
 9183938
 9181943
 9180423
 9187483
 9187576
 9187897
 9188123
 9190313
 9189537
 9190151
 9191240
 9192149
 1373032
 9193669
 9194608
 9192447
 9192219
 9192537
 1253790
 1382895
 9172780
 9181849
 9189702
 1394226
 1378650
 1377225
 9191550
 9189128
 9189215
 9189201
 9188223
 9188036
 9188425
 9188590
 9188954
 9189018
 9189401
 9195387
 9193201
 9193099
 1373799
 1373027
 9192875
 9192013
 9193306
 9192825
 1389818
 9192055
 9191736
 1243185
 9192500
 9195245
 1301033
 1301034
 9194552
 1372097
 1372059
 1372060
 1372056
 1372058
 9191331
 9192657
 9194807
 9169435
 9183154
 9183058
 1379823
 9181591
 9187602
 9184850
 9184946
 9184822
 9185223
 9184410
 9187865
 9189671
 9194196
 9193587
 9195114
 9195198
 9192178
 9192082
 9169102
 9172455
 9175978
 1235824
 9177353
 9183657
 9182239
 9183305
 9182505
 9184511
 9186914
 9190941
 9188574
 9189377
 9188775
 9189262
 9189838
 9190790
 9194823
 9194831
 9193908
 9194045
 9194350
 1331986
 1377182
 9192939
 9194417
 9192757
 9193019
 9194586
 9194598
 9192331
 9164881
 9164158
 1372737
 9186214
 9186077
 9189394
 9189217
 9190031
 9193465
 9194880
 1377155
 9156358
 9178644
 9180862
 9185072
 9187186
 9184947
 1367087
 9164972
 9163925
 9166343
 1161304
 9179819
 9179770
 9177185
 9177980
 9178752
 1394172
 9182035
 9182719
 1331978
 9180802
 9183844
 9183694
 9186626
 9187429
 9187431
 1273226
 9188691
 9191262
 9190410
 9191358
 9192046
 9193224
 9193480
 9192415
 9192508
 9191833
 9195355
 9194658
 9195128
 9193572
 1301029
 1394195
 9194885
 9171223
 9176644
 9175617
 9179325
 9183943
 9184768
 9187441
 9186417
 9190734
 9190073
 9190538
 9189517
 9188205
 9190657
 9191095
 9191888
 9194046
 9193289
 9193038
 9191862
 9169402
 9175622
 1286923
 9178801
 9183676
 1379093
 9184553
 9188980
 1372617
 9177854
 1378911
 9187080
 9188163
 9190782
 9163522
 9163138
 9167599
 9168088
 9172341
 9173223
 1377379
 9176407
 9177120
 9177121
 9182638
 9182451
 9183680
 9184185
 9185350
 9187539
 9186387
 9187004
 9185925
 9186767
 9185166
 9189980
 9189778
 9190166
 9190404
 9191046
 9191229
 9188503
 9190961
 9189637
 9190915
 9188481
 9190094
 9191600
 9191602
 9189773
 9190627
 9190694
 9188259
 9188264
 9188426
 9188006
 9188040
 9188310
 9189121
 9190264
 9191023
 9189392
 9191687
 9192885
 9192895
 1349287
 9193155
 9193196
 9193490
 9193549
 9192183
 9192416
 9193799
 9192250
 1373016
 9193651
 9193473
 9191949
 9192785
 9193650
 9195012
 9195329
 9195346
 9195349
 9195358
 9193538
 9194936
 9191774
 9191909
 9193964
 9194717
 9192769
 9193062
 9195338
 9193414
 9194597
 9192438
 9195314
 9195316
 9195318
 9191822
 9192244
 9193598
 9193920
 9192312
 9194232
 9194522
 9192931
 9192085
 9192441
 9192544
 9194234
 9192234
 9173503
 9173495
 9175394
 1284030
 9178317
 9180647
 9183968
 9185924
 9186452
 9187215
 9190195
 9189442
 9194884
 9193657
 9195195
 9192151
 9180062
 9192987
 1243193
 9163423
 9176131
 9176422
 1373565
 1373405
 9187995
 9194891
 9192201
 9193811
 9194904
 9195098
