16-08-15
 9184050
 9184051
 9166239
 9170083
 9175929
 9179755
 9180104
 9180115
 9182826
 9182618
 9187805
 1378919
 9185110
 9184293
 9191559
 9188471
 1378927
 9173350
 9175225
 9183989
 9184997
 9185600
 9187092
 9186323
 9187397
 9190859
 9191036
 1361820
 9189860
 9189870
 9188794
 9189434
 9130901
 9132344
 9135038
 1376015
 9173118
 9172811
 9177024
 9177107
 9178455
 9178472
 9178521
 9178870
 9182601
 9183406
 9180379
 9183207
 9183333
 9184595
 9184731
 9185021
 9187356
 9184629
 9186180
 9187320
 9186495
 9184686
 9189410
 9189878
 9190070
 1357502
 9191285
 9188265
 9188270
 9189920
 9188528
 9190392
 9190806
 9191032
 9191254
 9191448
 9191472
 1377091
 9188801
 9189477
 9189971
 9190029
 9188340
 9188902
 9190219
 1253712
 9188033
 9160920
 1378745
 9173713
 9180234
 9178786
 9182939
 9190024
 9189371
 9189700
 9188050
 9188832
 1351043
 9147356
 9146607
 9161101
 9172796
 9173865
 9181203
 9188226
 9189207
 9189274
 9188766
 9189408
 9191115
 9190402
 1372061
 9148645
 9158210
 9158935
 1362757
 9163315
 1050730
 9177863
 9167152
 9171622
 9173551
 9181682
 9182277
 9181413
 9180910
 9185724
 9184390
 9186747
 9186841
 9186961
 9187770
 9187790
 9184667
 9186641
 9187208
 9184727
 9186475
 1377246
 9185794
 1324928
 9184343
 9191590
 9189904
 1357517
 9189257
 9189290
 9189444
 9191168
 9191379
 9188751
 9189171
 9189603
 9190009
 9191532
 9191542
 9189601
 1373781
 9189723
 9188112
 9188536
 9190719
 9191303
 9191314
 9191495
 9191549
 9191578
 9191607
 9189109
 9189635
 9190542
 9190607
 9191561
 9188140
 9188161
 9188367
 9190503
 9190956
 9190011
 1377073
 1377074
 9190699
 9188176
 9188895
 9189959
 9190764
 9189865
 9190821
 9190917
 9191104
 9168751
 9189853
 9165191
 9175262
 9179953
 9180016
 9178846
 0959627
 9180717
 9183454
 9183966
 9180355
 9180900
 9187693
 9185625
 9186519
 9184962
 9185978
 9187940
 0959072
 9191443
 9189585
 1377054
 9190805
 9191650
 0836464
 0836462
 9188266
 0959076
 1273110
 9174774
 9183450
 9180347
 9187417
 9191097
 9156332
 9160980
 9161515
 9164519
 1362795
 9166417
 9168171
 1378062
 9171811
 9172570
 9172940
 9173025
 9170565
 9176428
 1377376
 9177510
 9177713
 9177122
 9178955
 9182909
 1387614
 9182964
 9180364
 9187793
 9186271
 1378918
 9184714
 9186344
 9186935
 9186075
 9187455
 9186828
 9185412
 9187066
 9189192
 9188806
 9189496
 9190294
 1377082
 9191390
 9191369
 9190258
 9190795
 9191123
 1254136
 9173000
 9179288
 9180174
 9179414
 9178270
 9183000
 9173676
 9181266
 9185843
 9186917
 9190062
 9190489
 1372740
 9161772
 9169134
 1273182
 9177807
 9183991
 9182155
 9183430
 9187769
 9185434
 1373419
 9185608
 9187073
 9187623
 9186570
 1163529
 9190623
 9189673
 9190148
 9191316
 9191428
 9191414
 9189575
 9191087
 9190346
 9189389
 9190302
 9190263
 9190445
 9190456
 9191281
 9180786
 9181861
 9182070
 9187883
 9173929
 9137575
 9163958
 1377336
 1188035
 9182902
 9187258
 9185334
 9187165
 9187284
 1163523
 9191592
 9188868
 9190971
 9190428
 9190940
 9189222
 9190443
 9191305
 9190735
 1325041
 9188949
 1160223
 1359588
 9188629
 9189407
 9191088
 9189017
 9190691
 9191055
 9188931
 0647157
 9190196
 1011999
 9169470
 9168725
 9167141
 9167382
 9172081
 1284015
 9170191
 9185835
 9171692
 9177345
 9182148
 9184617
 9184764
 9187533
 9184735
 9185238
 9185324
 9190477
 9189964
 9190789
 9191194
 9188831
 9190551
 9191323
 9188681
 9190186
 9177161
 9182272
 9182680
 9186369
 9186988
 9187231
 9185035
 9185153
 9185849
 9184386
 9185659
 9186011
 9184786
 9188568
 1332647
 9191143
 9189582
 9190610
 9188384
 1284090
 9191425
 9191434
 9189466
 9189248
 1377248
 9187962
 9190054
 9190643
 9191621
 9191622
 9188560
 9188679
 9189165
 9191119
 1372150
 9185750
 9170572
 9179844
 9185124
 9186200
 9186818
 9186931
 9187190
 9187644
 9190916
 9190994
 9191391
 9188331
 9191031
 9165737
 9171327
 9176255
 9178508
 9182581
 9183842
 9182733
 9181717
 1364565
 9181852
 9182917
 9180632
 9186831
 9184886
 9187468
 9186536
 9185455
 9185316
 9186588
 9187887
 9186213
 9187381
 9189298
 9191537
 9188855
 1373715
 9189611
 9189205
 9190834
 9191555
 9190324
 9191156
 9191176
 9189296
 9190019
 9188292
 9188772
 9189314
 9190885
 9190895
 9161192
 9168626
 1304645
 9176641
 9176403
 9177475
 9178483
 9177564
 9179068
 9178693
 9178094
 9179812
 9182735
 9182481
 9182262
 9186197
 9188615
 9190949
 9189098
 9189087
 9191016
 9191209
 9189803
 9187961
 9189189
 9189027
 9189809
 9190081
 9170547
 9188271
 9190597
 9164124
 9166440
 9170596
 9175931
 9174463
 9177218
 1377403
 9181615
 9182438
 9183212
 9181610
 9186241
 9187448
 9185530
 9185887
 9184750
 9185228
 9186424
 9184732
 9185513
 9189057
 1377053
 9190447
 9191383
 9190063
 9130309
 1252034
 9176257
 9178049
 1372086
 9181134
 9180767
 9181238
 9186310
 9185578
 9185946
 9189929
 9191499
 1284089
 1361817
 9189818
 1378925
 9188913
 9190738
 9188823
 9190712
 9190841
 9191593
 9188704
 9189264
 9189699
 9190067
 9190397
 9190808
 9191563
 9189488
 9188370
 9190492
 9188722
 9189203
 1372618
 9190255
 9172673
 9176474
 9173497
 9178616
 1373653
 9179340
 9181557
 9180356
 9182794
 9187845
 9186159
 9187130
 9187890
 9186302
 9184763
 9186560
 9191494
 9191388
 9189106
 9189630
 9190419
 9191465
 9188037
 9188151
 9188357
 1325042
 9191159
 9190388
 9188804
 9146921
 1379804
 9178084
 9178636
 9177536
 9178721
 9181618
 9186014
 9188248
 9173571
 9177463
 9178533
 9179432
 9186827
 1378917
 9164410
 9167462
 9183083
 9180460
 9180623
 9180693
 9184692
 9187143
 9184114
 9186172
 9185470
 9186505
 9191311
 9191380
 9191556
 9191606
 9190559
 9175093
 9179184
 9163290
 9166140
 9169918
 9172171
 9176862
 9176353
 9177051
 9177293
 9180383
 9183912
 9183174
 9181769
 9183032
 9180769
 9181449
 9181780
 9182132
 1372736
 9187624
 9187898
 9187603
 9187114
 1373410
 1373435
 9185481
 9186637
 9187111
 9185981
 1163771
 9186376
 9186405
 9187363
 9189528
 9189053
 9189982
 1273223
 9188830
 9188841
 9191081
 1377076
 9174655
 9181997
 9181222
 9182999
 9186005
 9186290
 1377219
 9187662
 9190754
 9189696
 9191522
 9191217
 9189763
 1315694
 9190362
 9189472
 9188461
 9188465
 9190861
 9146213
 1324075
 9179843
 1322708
 9181064
 9182690
 9183789
 9183953
 9181143
 9181915
 9183289
 9187811
 9187730
 9185203
 9187074
 9185006
 9187335
 9187903
 9185547
 9184251
 1163541
 9189743
 9190145
 9189909
 9189538
 1273202
 9190144
 9190914
 9190989
 9191139
 9191184
 9191506
 9191564
 9188164
 9188307
 9189983
 9188985
 9190343
 9190633
 9189730
 1324079
 1324080
 1324082
 1324086
 9179039
 9178052
 9179904
 9184053
 9182887
 9180740
 9180746
 9187954
 1340043
 9186963
 9186488
 9185995
 9186425
 9186297
 9184907
 9187271
 9190085
 9190461
 9191576
 9189532
 9188992
 9189967
 9188051
 9191519
 9189830
 9190058
 9189623
 9189003
 9189819
 9188938
 1362660
 9171726
 1372085
 1372127
 1284093
 9188374
 9180468
 9181885
 9180710
 9187749
 9168629
 9172971
 9174665
 9174814
 9178632
 9182290
 9183401
 9181253
 1378804
 9183299
 9180730
 9183703
 9186787
 9185348
 9185954
 9186134
 9185227
 9184270
 9187438
 9187791
 9187827
 9187844
 9186418
 9185787
 9185138
 9186379
 9186643
 9191572
 9189491
 9188853
 9189734
 9191060
 9189808
 9190182
 9191070
 9191510
 9191365
 9190690
 9191616
 9188475
 9191173
 9191274
 9191596
 9189238
 9191239
 9190016
 9190519
 9191204
 9191400
 9189460
 9189531
 9190132
 9190228
 9190278
 9189079
 9188388
 9189425
 9190429
 1377366
 9171846
 9174993
 9174515
 9179617
 1310386
 9179138
 9179732
 0959623
 1188239
 0959637
 9184484
 9185596
 9186289
 9187671
 9187152
 1163537
 9185340
 9188102
 9187994
 9188908
 9189600
 1359591
 9190776
 9187655
 1315668
 9187135
 1351759
 9190658
 9190425
 9191212
 9190316
 9190104
 1194506
 9171395
 9171151
 1332583
 9179433
 1010342
 9177553
 9178707
 9182263
 9183691
 1011763
 9181046
 9183124
 9183281
 9181055
 9181130
 9184377
 9184644
 9178968
 9182614
 9182791
 9183817
 9180957
 9180808
 9181462
 9187605
 9185949
 9187692
 9186865
 9187788
 9185422
 9184540
 9185543
 9186034
 9184131
 9186684
 9186795
 1315675
 9184594
 9187522
 9185549
 9185018
 9187072
 9187294
 1163774
 9189969
 9190912
 9190913
 9190920
 9190925
 1373769
 1373793
 1273198
 9188387
 9190728
 9191283
 9191601
 9191615
 9189552
 9189569
 9189891
 9190390
 9191429
 9188225
 9188297
 9188707
 9189842
 9191162
 9191192
 1383163
 9188185
 9190301
 9188000
 9188129
 9188513
 9188517
 9189563
 9190174
 9190707
 9188904
 9167402
 9169635
 9168844
 9171868
 9172138
 9170548
 9173873
 9177375
 9179597
 9182468
 9187933
 9186847
 9185585
 9184592
 9186136
 9186171
 9186196
 9188180
 9191009
 9188800
 9188261
 9189931
 1373786
 9191100
 9191422
 9190366
 9189659
 1362384
 9184142
 1340041
 9188576
 9188859
 1010776
 9180405
 9180398
 9182796
 1286946
 9184964
 9185453
 1378915
 9185603
 9185884
 1359580
 9185706
 9185833
 9185685
 9184791
 9185429
 9186703
 9186871
 9184698
 9187540
 9191613
 9190440
 9189951
 9189958
 9190138
 9188322
 9189713
 9189476
 9188019
 9189064
 9183210
 9181212
 9188906
 9161774
 9166423
 9171241
 9179750
 9177724
 9182922
 9183859
 9182820
 9181453
 9185699
 9185207
 9187733
 9184928
 9187738
 9186825
 9184949
 9164619
 1372836
 9173788
 9180192
 9183026
 9180839
 9187703
 9187710
 9187829
 9187842
 9187886
 9187317
 1163780
 9190652
 1273196
 9191471
 9189647
 9189382
 9190744
 9188802
 9190995
 0647155
 0647160
 1372743
 9161943
 9165256
 9167148
 9170855
 9173650
 9175024
 1373686
 9179492
 9179521
 9181425
 9181983
 9180845
 9181688
 9182683
 9185624
 9186328
 9186733
 9184932
 9185618
 9185016
 9184663
 1243748
 9184684
 9185248
 9186285
 9189511
 9189638
 9189639
 1373790
 9191478
 9190751
 9191416
 9188197
 9188344
 9189484
 9190364
 9189499
 9188998
 9190371
 9190673
 9191220
 9164613
 9163262
 9163460
 1378064
 9179629
 1378635
 9178666
 9181870
 9146663
 9160227
 9163779
 9171308
 9170268
 9175898
 9180948
 9182240
 9182682
 9182103
 9184934
 9184618
 9186836
 9184614
 9184125
 9186740
 9187358
 9184828
 9188866
 9188058
 9188293
 1373763
 9190525
 9189359
 9190755
 9189990
 9189644
 9189697
 9188195
 9188631
 9189999
 9190580
 9188943
 9188178
 9188328
 9188415
 9189173
 9189739
 9188531
 9189399
 1372099
 9171819
 9179743
 9168700
 9169826
 9176767
 9179918
 9178011
 9177184
 9178861
 9178867
 9186470
 9186551
 9187544
 9187757
 9184807
 9186552
 9187137
 9187649
 9187688
 9187893
 9184406
 9186149
 1315670
 9186744
 9187002
 9190599
 9191407
 9189255
 9190486
 9191604
 9191415
 9173528
 9183636
 9183760
 1253652
 9187422
 9184978
 9186608
 9186835
 9187214
 9185992
 9186513
 9186183
 9187242
 9185416
 9185912
 9186420
 9186471
 9187013
 9190573
 9190087
 9191052
 9189212
 9190480
 9190437
 9189398
 9189256
 9190679
 9191353
 9191595
 9191135
 9188273
 9189976
 9189005
 9190414
 9124306
 9140635
 9152998
 9165713
 1372605
 9172268
 9179472
 9179702
 9178892
 9179859
 1376895
 9183252
 9181859
 9180985
 9183722
 9182266
 9180973
 9184673
 9186299
 9187611
 9185444
 9185878
 9186778
 9189692
 9188718
 9188959
 9190639
 1273211
 9190086
 9189024
 9191354
 9191459
 1377067
 1359379
 9190141
 1372614
 9176723
 9178017
 9183054
 1188234
 9180689
 9183476
 9187324
 9187781
 9185482
 1284078
 9187521
 9185681
 9185504
 9186342
 9184971
 9187366
 9184627
 1373792
 9188700
 9190918
 1311624
 9188848
 9189187
 9191290
 9191297
 9191585
 9190743
 9188942
 9189694
 9189323
 0959075
 9190770
 9190811
 9178251
 9186508
 1389663
 1389664
 9186812
 9186035
 9185041
 1273132
 9190561
 9132841
 9176538
 9173363
 9177972
 9178491
 9177841
 9177403
 1011758
 9178692
 9180585
 9180974
 9185623
 9185584
 1368792
 9190450
 9189606
 1377087
 9184707
 9186777
 9141965
 9145782
 9143826
 9163769
 9166260
 9176858
 1324087
 9180105
 9179954
 9183194
 9181080
 9181273
 1188036
 9183370
 9187120
 9187741
 9185224
 9184867
 9186396
 9187147
 9187864
 9187899
 9186629
 9187043
 9184769
 9187852
 9184527
 9188705
 1332640
 9188525
 9190501
 9191454
 9191571
 9188267
 1373761
 9190341
 9191043
 9191259
 9191267
 9191066
 9189193
 9189650
 9191512
 9190781
 9188621
 9190451
 1377056
 9188632
 9188635
 9190594
 9189798
 9188796
 9190696
 1372004
 1372055
 9190880
 9172859
 9176205
 9185712
 9186179
 9187764
 9187477
 9189299
 9190430
 9190791
 9190819
 9191587
 9188546
 9190115
 9188160
 9189765
 9171564
 9178916
 9130377
 9173481
 9176976
 9177067
 9183317
 9183554
 9180568
 9180856
 9187355
 9187858
 9187183
 9187796
 9176082
 9178085
 9180821
 9181528
 9182898
 9183398
 9181564
 9182355
 9182172
 9182844
 9182884
 9185665
 9186717
 9187163
 9187857
 9187531
 9185617
 9186293
 9186307
 9186316
 9187312
 9137522
 9142175
 9145483
 9146831
 9148570
 9149340
 9146606
 9150812
 9153824
 9157640
 9158559
 9156760
 9175307
 9176409
 9177118
 9181699
 9181851
 1378811
 1188037
 9180449
 9180867
 9183575
 9183608
 9182403
 9182423
 9182444
 1359572
 9185411
 9186826
 9185960
 9187498
 9187859
 9184916
 9185691
 9184733
 9185601
 9186126
 9186267
 9186857
 9186868
 9187188
 9187732
 9187896
 9186170
 9187659
 9187536
 9184571
 9187139
 9185808
 9186363
 9184098
 9184563
 9186226
 9186273
 9186695
 9184472
 9185347
 9187700
 1163784
 9187086
 9186924
 9187370
 9187288
 9165535
 9183711
 9183362
 9187189
 9184119
 9185985
 9187314
 9186203
 9184762
 9185239
 1163758
 9187233
 9146177
 9145278
 9156150
 9156186
 9154494
 9153803
 9162652
 9170243
 1273169
 9172677
 9171717
 9172002
 9171611
 9174981
 9176892
 9173643
 9173762
 9174522
 9173633
 9177856
 9182217
 9183741
 9181422
 9181812
 9170023
 1305136
 9145785
 9146997
 9150419
 9154376
 9155822
 9155775
 1390572
 9158960
 9156757
 1360433
 9160122
 9163125
 9167314
 9168426
 9173678
 9176345
 9174370
 9177085
 1331976
 9180579
 9181133
 9184693
 9172162
 9171940
 9174106
 9174441
 9174471
 9181401
 9182774
 1243739
 9185579
 1163760
 9187391
 9176063
 9175158
 9176663
 1359685
 9169992
 9170205
 1372713
 9175481
 9177170
 9139102
 9149650
 9157917
 9176094
 9176167
 9174273
 9175106
 1373672
 9182702
 9182637
 9183955
 9183965
 9183970
 9183328
 9183065
 9181814
 9183357
 1315729
 9182605
 9183444
 1286939
 9187656
 1340042
 9185684
 9186198
 9186664
 9187234
 9184840
 9186451
 9187578
 9187753
 9186908
 9186939
 9186458
 9186958
 9187218
 9184857
 9184881
 9186796
 9185748
 9185811
 9186491
 1373711
 9184408
 9184745
 9184789
 9186932
 9187169
 9187194
 9187683
 9187783
 9187889
 9187894
 9187724
 9187784
 9185743
 9185950
 9185975
 9186059
 9186874
 9187551
 9184188
 1364573
 9185149
 9184473
 9185774
 9184414
 9184793
 9187583
 9186252
 9186277
 9186236
 0647212
 9155404
 9159363
 9156567
 9160357
 9161094
 9176436
 9175302
 9179982
 9180791
 9180778
 9181942
 9182983
 9181570
 9181362
 9147280
 9149307
 9151612
 1368746
 9160542
 9160551
 9161506
 9164597
 9164505
 9165262
 9169040
 9167574
 9171168
 1312747
 9170332
 9171333
 9172167
 9173933
 9173736
 9178620
 9179388
 9177061
 9179058
 1284067
 9183550
 9182539
 9180503
 9187226
 0775790
 9186479
 9185413
 9184596
 9187409
 9185851
 9186300
 9173796
 9155153
 9178274
 9183532
 9184146
 9137384
 9142439
 9143927
 9143734
 9147297
 9149643
 9147798
 9148111
 9151198
 9152960
 9153198
 9155649
 1358953
 9152741
 9153036
 9157657
 1360432
 9157164
 9157107
 1163516
 9161526
 9164313
 9174548
 9176059
 9173408
 9178361
 9177484
 9177028
 1235830
 9178484
 9182980
 9180667
 9183570
 9183092
 9182328
 9183565
 9180970
 1372730
 9183798
 9185540
 9184412
 9186068
 1373407
 9184734
 9186090
 9176361
 9176736
 9177616
 9178728
 1378647
 9174590
 9181444
 9184165
 1253756
 9163863
 9164507
 9170920
 9175645
 1364617
 9143301
 9143305
 9148434
 9152640
 9169991
 9176373
 9173803
 9173362
 9177996
 9180207
 9182583
 9181568
 9183879
 9183627
 9183280
 9181352
 9187142
 9187155
 9186207
 9185573
 9187261
 9185984
 9186775
 9186426
 9186589
 9184722
 0959066
 9185295
 9185372
 9183999
 9154744
 9165769
 9175870
 9180119
 9180178
 1296844
 9181773
 9183904
 9181715
 9186540
 9184742
 9185198
 9186016
 9186037
 9187668
 9184878
 1377222
 9186292
 9187534
 1372113
 9177033
 9182365
 9183451
 9182655
 9183615
 9181803
 1377440
 9184127
 9184147
 9184367
 9187085
 9184711
 9186012
 9186347
 9185130
 9187087
 9187309
 9184423
 9185499
 9185801
 9185283
 9180541
 9156990
 9183936
 1360457
 9176933
 9173510
 9179929
 9178932
 9178562
 9183931
 9182445
 9180695
 9183445
 9181220
 9182130
 9183236
 9183652
 9182153
 9180554
 9182345
 9181536
 9181545
 9181537
 9184788
 9184120
 9186605
 1273191
 9185952
 9187224
 9187535
 9187682
 9187718
 9186663
 9184690
 9184426
 9186569
 1389887
 9187599
 9187506
 9184357
 1163538
 9187053
 9146379
 1390344
 1390345
 9163363
 9162877
 9163566
 1304638
 9173055
 9175903
 9176454
 9179274
 9179559
 9179890
 9179210
 9176961
 9179347
 9182545
 9181071
 9182289
 9183512
 9183346
 9186314
 9184905
 9185661
 9186205
 9187011
 9185957
 9186450
 9184449
 9185902
 9186279
 9186069
 9187614
 1163783
 9185332
 9186881
 9185844
 9120056
 9180806
 9184222
 1377221
 1394041
 9139547
 9139472
 9140839
 9141347
 9144385
 9147348
 9148061
 9159069
 1160912
 1243166
 1243167
 9164787
 9166043
 9165793
 9166113
 9167600
 9167436
 9172060
 9172329
 9172482
 9170838
 1378748
 1377392
 9174004
 9173724
 9175261
 9178617
 9178373
 9179021
 9179868
 9177669
 9179603
 9177894
 9179914
 9181541
 9182133
 9183786
 9182260
 9182880
 9182893
 9181762
 1240471
 9183528
 1377201
 9180775
 9181529
 0959636
 9187132
 9186982
 1378916
 0775788
 9185126
 9186959
 1368794
 1377240
 9184471
 9167874
 9185910
 9186031
 9185779
 1378901
 1378906
 9186331
 9186673
 9185606
 9185837
 9186220
 9185602
 9187205
 9184381
 9184902
 9184941
 9185038
 9185125
 9186532
 9186662
 9187387
 9184966
 9185570
 9185926
 9187709
 9141544
 1351176
 9158130
 1377663
 9160768
 1367210
 9163893
 9164293
 9170028
 9171515
 9173235
 9174181
 9175785
 9174765
 9178418
 9179361
 1379091
 9181665
 9181322
 9182431
 9183855
 9181229
 1253651
 9187512
 9187809
 9184677
 9187265
 9187892
 9184180
 9184355
 9184356
 9184428
 9184391
 1163524
 9187695
 9115563
 1239999
 9120369
 9120479
 9120750
 9128055
 9132583
 9131614
 9136787
 1311598
 9136688
 1188238
 9187145
 9185886
 9178886
 9178736
 1377926
 9140653
 9146911
 9150299
 9152710
 9152812
 9165203
 9172985
 9181588
 9184011
 9180994
 9184392
 9184499
 9185279
 9186018
 9187652
 9142789
 9154090
 9159911
 9157742
 9164693
 9137725
 9148599
 9157915
 9160922
 9165014
 9165849
 9173120
 9176670
 9176200
 9174716
 9174828
 9174297
 9179551
 9179157
 9179168
 1331966
 9179825
 1253784
 9181033
 9182514
 1351753
 9183829
 9183848
 9183917
 9182273
 1194519
 9183365
 9182862
 9180444
 9180773
 9183064
 1253704
 9184578
 9186755
 9187180
 9187766
 9187876
 9187005
 9185215
 9185501
 9186118
 1373948
 1373432
 9186851
 9185871
 9186543
 9185937
 9186306
 9187236
 9187627
 9186878
 9187516
 9184169
 9185081
 9186537
 9184873
 9185286
 1253707
 9186212
 9153714
 9181821
 9181339
 9185805
 1373420
 9186311
 9187213
 9185919
 9186944
 9186984
 1284267
 9153178
 9155624
 1351211
 9172824
 9170915
 9170383
 9171768
 9174391
 9178591
 9179589
 9177382
 9177165
 9183602
 9180880
 9182758
 9183941
 9183525
 9182442
 9183404
 9182706
 9183561
 9183705
 9183286
 9180594
 9180706
 9180785
 9184279
 9184597
 9187369
 9187385
 9187634
 9187804
 9187808
 9187881
 9185287
 9187332
 9186456
 9187151
 9184250
 9187199
 9187473
 9170801
 9170526
 9179181
 9179796
 9178684
 9179029
 9179046
 9177436
 9178224
 9180349
 9182933
 9183862
 9182691
 9183001
 9180672
 9182108
 9183105
 9182482
 9187333
 9187802
 9185790
 9184665
 9184974
 9186482
 1359584
 9184325
 9184623
 9187632
 9186659
 9185759
 9143894
 9146859
 9176815
 9177675
 9180532
 9183677
 1372126
 9187022
 1378910
 9187380
 9186622
 9186483
 9183728
 9182573
 9181818
 9183866
 9183428
 9181969
 9186918
 9184668
 9186783
 9186385
 9186785
 9184975
 9180508
 9183994
 9180684
 9183453
 9185783
 1332642
 9187587
 1389918
 9154539
 9156916
 9160547
 9169130
 9167923
 9168721
 9175808
 9175640
 9174383
 1324081
 9177014
 9179064
 9178592
 9180053
 9177171
 9179182
 1235828
 9182798
 9183604
 9180617
 1284075
 9180857
 9183661
 9184006
 1378808
 1188042
 9180358
 9181805
 9182832
 9187801
 9184583
 9185932
 9187023
 9185146
 9186447
 9186758
 9187182
 9187295
 9187457
 9187515
 9187580
 9187646
 9187841
 9187855
 9186008
 9186296
 1373431
 1373442
 9187051
 9184303
 9186746
 9187421
 9187761
 9184805
 9185803
 9187093
 9187677
 9187707
 9187712
 9187931
 9187500
 9187639
 9187149
 9184375
 9184577
 9186709
 9186438
 9185244
 9184300
 9186313
 9184647
 9184856
 1163525
 1163527
 1326135
 9185032
 9184066
 9184071
 9181277
 9184153
 9184581
 9184930
 9182732
 9184145
 9185345
 9185969
 9186341
 9184675
 9184248
 9184607
 1232087
 1194520
 9183552
 9185034
 9184741
 9186000
 9186423
 9186884
 9186900
 9185996
 9186809
 9180125
 9171145
 9175435
 9174426
 9180248
 9177690
 9179816
 1377426
 9178177
 9178603
 9181990
 9183226
 9183395
 9181135
 9181464
 9187569
 9185333
 9187223
 9187527
 9185069
 9184954
 9186600
 9184800
 9185278
 9187525
 9186998
 9184515
 9184972
 9112391
 9116739
 9122125
 9122138
 1315132
 9127625
 9131040
 9132035
 9135195
 1373055
 1373070
 9141652
 9145508
 9145005
 1378682
 9152725
 9158129
 9162409
 9170950
 9176044
 9180236
 9179833
 9178357
 1373571
 1284065
 9180713
 9181373
 9182513
 9181774
 0959638
 9184124
 9184504
 9184376
 9186766
 9187573
 9187746
 9185044
 9185777
 9185586
 9185766
 9185657
 9184880
 9186756
 9187033
 9187323
 1378903
 1378904
 9184302
 9186822
 9186135
 9186412
 9187491
 9185795
 9187664
 1377236
 9186260
 9184361
 9186428
 9184765
 9186462
 9187166
 9184774
 9185025
 9184523
 9184602
 1243738
 9185987
 9187154
 9187439
 1163542
 1163549
 1163761
 1394188
 1394189
 9160905
 9160137
 9164841
 9165267
 9165221
 9165303
 9166202
 1324634
 9167466
 1284014
 9180118
 9179682
 9179486
 0959619
 0959624
 9182084
 9183922
 1373564
 9182650
 9182645
 9183863
 9181853
 9181689
 9185329
 9186440
 9186671
 9187775
 9184864
 9187102
 9184604
 9185609
 0959069
 9173468
 1324511
 9179976
 1372079
 1373963
 9186262
 9187222
 9186977
 9186945
 9185611
 9186754
 9187560
 9158632
 9180538
 9158707
 9142992
 9168461
 9181417
 9183595
 9183839
 9182013
 9181366
 9182056
 9185784
 9187613
 9187794
 9184931
 9187548
 9184138
 9185592
 1243750
 9186590
 9187377
 0959070
 9185552
 9106897
 9133770
 9136644
 9137882
 1315199
 9138247
 9143982
 1372422
 9145499
 9147752
 9148030
 9147085
 9147181
 9147289
 9150374
 9150850
 9150832
 9151877
 1222513
 9154691
 9155197
 9155493
 9155926
 1373867
 1373893
 9156298
 9155652
 9153793
 9158676
 9157620
 9157102
 9158614
 9159856
 9157326
 9159670
 9161271
 9160765
 9160856
 9160965
 9161076
 9162048
 1011864
 1351220
 9164528
 9163067
 9168045
 9169329
 9172740
 9171932
 9173158
 9170534
 9175035
 9176679
 9174294
 9175473
 9179091
 9178278
 9177007
 9178050
 1376867
 1376588
 1372081
 9181965
 0937195
 9183894
 9182943
 1188237
 9180520
 9181301
 9180497
 9181217
 1372738
 9186725
 9187795
 9185819
 9186444
 9184853
 9187779
 9185194
 9186913
 9184407
 9186496
 1382856
 1382857
 1382858
 1382859
 1382860
 1382862
 9156712
 9136585
 9163934
 9168370
 9174229
 9174723
 9180032
 9177227
 9182410
 9180536
 9183700
 9180330
 9180801
 9183669
 9184216
 1351239
 9187736
 1373404
 9185191
 9187340
 9186650
 9185059
 9186221
 1357833
 9185722
 9187047
 9187751
 1377230
 9184137
 9184202
 9184385
 9185400
 9185364
 9187453
 1372728
 1372729
 9186466
 9145454
 9146652
 9147714
 9183582
 9184247
 9184919
 9186242
 9185407
 1377239
 1377245
 9185321
 9186340
 9185374
 9185382
 9185593
 9187591
 9185541
 9187888
 9138746
 1351124
 9144982
 9149745
 9148251
 9148303
 9148463
 9148618
 9150644
 9150248
 9151390
 9155269
 9155566
 9158927
 1328247
 9161611
 9168860
 9170130
 9172832
 9175974
 9173631
 9173744
 9173847
 9177911
 9181881
 1372090
 9183117
 9185063
 9186163
 9186490
 9184372
 9184938
 9185162
 9187031
 9184510
 9186188
 9187308
 9143332
 9161858
 9162735
 9165892
 9164735
 9169572
 9166775
 9169738
 9168443
 1351195
 9171076
 9172058
 9170453
 9169977
 9173909
 9174554
 9175739
 9173800
 9179229
 9180226
 1378630
 9177832
 9171494
 1146294
 9175305
 9181428
 9183958
 9167560
 9175101
 9180155
 9179008
 9182503
 9185421
 9187178
 9151345
 9157531
 9161779
 1378754
 9168978
 9166674
 9172241
 9176666
 1378749
 9173624
 9179840
 9178419
 9180046
 9180220
 9180240
 9177498
 9180714
 1332626
 9183539
 9184056
 9181316
 9180586
 9181834
 9182666
 9183973
 9183976
 1379834
 9181010
 9183990
 9182804
 9182795
 9181880
 9181687
 9182818
 1359577
 9182669
 9181336
 0959640
 9184219
 9184268
 9184378
 9185955
 9186731
 9186834
 9187520
 9187825
 9184811
 9186042
 9185793
 9186564
 9186790
 9187778
 9185445
 9186951
 9184370
 1373409
 1373430
 1373443
 9184632
 9184492
 9186360
 9187027
 9184950
 9187532
 9184501
 9184981
 9185958
 9187078
 9187158
 9187786
 9187891
 9187895
 9185860
 9186269
 9187159
 9187435
 9187246
 9185168
 9186927
 9187785
 9185337
 1377244
 9186957
 1315664
 9187433
 9184756
 9186601
 9187045
 9187679
 9184141
 9185365
 9185673
 9186063
 9186127
 9184796
 9185285
 9185539
 9187349
 9186980
 9186992
 9187063
 9184535
 9186268
 9163930
 9173145
 9171593
 1372705
 9173506
 9174281
 9182352
 9182452
 9183340
 9183498
 9180633
 9186803
 9185050
 9185449
 9187071
 9185254
 9187201
 9184759
 1364571
 9184821
 9186677
 9085671
 9174550
 9178510
 9178966
 1315732
 9182634
 1163762
 0959073
 9167197
 9179011
 9183360
 9180354
 1339935
 9181955
 9181503
 9180956
 0959633
 9185785
 9184506
 9184508
 9184096
 9184154
 9184441
 9187708
 9187715