16-8-11
 9093816
 9113252
 9166663
 9153421
 9153304
 9162653
 9165918
 9164255
 9167147
 9169376
 9175082
 9176342
 9176365
 9176683
 9173930
 9174113
 9174764
 9176139
 9175235
 9175833
 1378623
 9173659
 9173707
 9165984
 9168595
 9172047
 9172105
 9170863
 9170296
 9171599
 1364610
 9171699
 9172112
 9176575
 9176735
 9176758
 9176821
 9176838
 9174301
 9174312
 9175560
 9114825
 9138731
 9141728
 9158973
 9159118
 9159714
 9164080
 9167240
 9168944
 9167902
 1324642
 9169865
 9172097
 9172983
 9172488
 9171910
 9172619
 9171508
 9170009
 9171065
 9176897
 9176401
 9176471
 9175404
 9175709
 9176737
 9175436
 9175469
 9174658
 9173913
 9176065
 9176552
 9176801
 9176813
 9176875
 9175935
 9173384
 9173518
 9173667
 9176565
 9176623
 9174206
 9175532
 9175685
 9175356
 9174517
 9170157
 9174794
 1332652
 1364325
 9150323
 9154397
 9156281
 9167619
 9169311
 9173295
 9164853
 9167452
 9172703
 9174976
 9175707
 9174502
 9175095
 9175210
 1360468
 9175993
 9174856
 9174184
 9176101
 9128121
 9136703
 9164139
 1364327
 1394030
 9142550
 1240491
 9149332
 9151038
 9150904
 9155511
 9154460
 9152895
 1243731
 9160155
 9161902
 1240391
 1240392
 9170532
 9170320
 1331961
 0959610
 1359534
 9159262
 9164141
 9169951
 9170366
 9171574
 9171000
 9174059
 9175169
 9174458
 9174560
 9175586
 9175906
 1378747
 1364616
 1324097
 1372105
 9153519
 9156047
 9162981
 9166308
 9169766
 9169299
 9151521
 9137320
 1324995
 9141229
 9159432
 9162668
 9165469
 9164344
 9165745
 9162879
 9164746
 9168793
 9167561
 9169744
 9169089
 1377316
 9171343
 9172727
 9170447
 9171679
 9172258
 9173169
 9173283
 9170845
 9170059
 9172881
 9172885
 9173273
 9171658
 9172271
 9171686
 9172755
 9170500
 9171594
 9169896
 9171794
 9172769
 9170654
 9176842
 9173592
 9174167
 1332602
 1351234
 9176111
 9176433
 9176881
 9176901
 9176902
 9173462
 9174626
 9174082
 9174699
 9174995
 9175456
 9175869
 9176209
 9176477
 9176829
 9176035
 1373623
 9176439
 9173414
 9175649
 9176718
 9176741
 9176849
 9174453
 9175391
 9175968
 9176668
 9173463
 9175185
 9174983
 9175652
 9175732
 1364629
 1364631
 1364650
 9174735
 1286924
 1253994
 9175138
 9173990
 9145200
 1351204
 9166145
 9167475
 9168076
 9169516
 9172282
 9173297
 9170110
 9171488
 9173113
 9174528
 9174733
 9174822
 9176882
 9176883
 9176025
 9176609
 0959616
 1252260
 9169372
 9167044
 9168386
 9166653
 9171421
 9170465
 9172404
 9169879
 9174922
 9175995
 1315791
 1378595
 9141257
 9141970
 1232866
 1232900
 9145580
 1378694
 1368739
 9153527
 9155033
 9165935
 9163230
 9164286
 9165283
 9166381
 9169413
 9172310
 9171048
 9172445
 9172396
 9173079
 9171338
 9170498
 9176936
 9175150
 9174034
 9175804
 9175466
 9173688
 9174157
 9176557
 9174247
 9176811
 9174536
 9174886
 9176719
 9174344
 9165946
 9169719
 9165617
 1358432
 9171468
 9170730
 9172918
 9173704
 9173772
 9176211
 0978784
 9116027
 9116035
 9116045
 9116057
 9121798
 9127114
 9131928
 9131449
 9131451
 1377934
 9142615
 9151429
 9153411
 9154915
 9155198
 9153815
 9157222
 9160623
 1163517
 9163184
 9172945
 9170531
 9171880
 9171956
 9171287
 9170878
 9171293
 9171225
 9170078
 9169978
 9176494
 9173666
 9176526
 9173984
 9174088
 9174786
 9175534
 9174061
 1146292
 9159787
 9161262
 9164589
 9165330
 9167496
 9167528
 9167262
 9173147
 9150934
 9152735
 9154839
 1351179
 9158339
 9163691
 9165401
 1326226
 1377721
 1359531
 9153211
 9158981
 9162670
 9162626
 9161066
 9165760
 9168948
 9168976
 9169044
 9167851
 9169492
 9170349
 9170537
 9172426
 9170079
 9173211
 9172489
 9171429
 9171005
 9172878
 9172246
 9170142
 9172411
 9169871
 9172792
 9170890
 9170898
 9170271
 9170304
 9175015
 9175375
 9176080
 9173954
 9176269
 9174617
 9176491
 9176722
 9176745
 9173715
 9173955
 9175956
 9175766
 9173533
 9176793
 9176288
 1365963
 9173361
 9173360
 9164921
 1377323
 9167287
 9168885
 1382889
 9172261
 9170117
 9170095
 9172930
 9170368
 9172994
 9172470
 9170123
 9170363
 9172561
 9175179
 9175160
 9173834
 9175515
 9176175
 9176684
 9176051
 9174092
 9175535
 9173532
 9147529
 9162686
 9163081
 9167769
 9166739
 9168124
 9168755
 9168826
 9174866
 9176176
 9176254
 9176455
 9174139
 9175855
 9173812
 9175029
 9176002
 9176120
 9176604
 9174713
 9174712
 9175462
 9175661
 9174654
 9175807
 1378775
 9171504
 1378794
 1378797
 9175644
 9176481
 9176856
 9175958
 9176470
 1324611
 9153755
 9161048
 9164277
 9166122
 9167522
 9167232
 9169047
 9166884
 9168252
 9171877
 9172287
 9169968
 9172779
 1284056
 9170036
 9170818
 9171930
 9172743
 9173154
 9175062
 9176326
 9176100
 9175228
 9175676
 9176705
 9176738
 9176833
 9176558
 9174996
 9176561
 9174639
 9175132
 9141535
 9157647
 9159881
 1358618
 1390638
 9167356
 1284099
 9170231
 9170026
 9169841
 9172120
 9174696
 9174557
 9176431
 9176463
 1273117
 9174213
 9173621
 9173757
 9176099
 9176311
 9175675
 9175823
 9176377
 9174905
 1376863
 9176340
 9176560
 9174862
 1324098
 9173681
 9174763
 9175612
 9170038
 9174046
 9173910
 9136194
 9140940
 1252048
 9153290
 9153420
 1163509
 9157804
 9159240
 9159510
 9160881
 9162426
 9163357
 9164037
 9169486
 9169499
 9168992
 9167611
 9169041
 9171361
 9173314
 9169937
 9170955
 9172055
 1378795
 9170151
 1377362
 9170688
 9170836
 1050728
 9175097
 9176199
 9174234
 9175198
 1394161
 9166323
 9166477
 1372647
 9170421
 9170848
 9175962
 9174254
 9175964
 1378626
 9176516
 9173854
 9174271
 9174464
 9174523
 9175483
 9176344
 9175023
 9173973
 9174098
 9174914
 9175668
 1324852
 1324503
 9152822
 9157562
 9159104
 9159051
 9160156
 9163659
 9167771
 9168388
 9168968
 9168565
 9169821
 9172259
 9171835
 9172366
 9170942
 9172358
 9172757
 9171324
 9170398
 9172399
 9170175
 9170853
 9170717
 9175737
 9176930
 9176151
 9175861
 9174526
 9174547
 9174948
 9176667
 9176768
 9176841
 9176861
 9176404
 9174055
 9174197
 1332781
 9127379
 9129872
 9130908
 9138347
 9151277
 9161614
 9161434
 1351232
 9169122
 9168044
 9166353
 9144690
 9161647
 9166133
 9166407
 9173993
 9132555
 1373109
 9149885
 9148386
 9151893
 9154652
 9156543
 9163390
 9164549
 9169314
 9169249
 9168539
 9167750
 9168709
 1379082
 9167251
 9168101
 9167042
 9169872
 9169873
 9171107
 9171234
 9172491
 9173003
 9171646
 9172103
 9171760
 1377344
 9170399
 9170443
 9171727
 9171732
 1344994
 9171387
 9172006
 9172542
 9174385
 1373621
 9174525
 1150155
 9176057
 9173625
 9174127
 9175900
 9175275
 9173907
 9155564
 9168191
 9171054
 9176127
 1325035
 9173838
 9173981
 9150949
 9156502
 9164956
 9168353
 9166979
 9169556
 9168631
 1262026
 9167162
 9168589
 9168245
 1351196
 9170257
 9170316
 9172340
 9172160
 9172850
 9172894
 9173185
 9173110
 9172834
 9172014
 9170113
 9172393
 9172507
 9171053
 9170403
 9171581
 9174498
 1373634
 1373643
 9174734
 1284012
 9175332
 9176816
 9174434
 9173870
 9174994
 9175603
 9173424
 9175189
 1232097
 9175684
 9174159
 1324510
 9149268
 9154955
 9159199
 9165644
 9164375
 9165123
 9167410
 9171874
 9173073
 9170280
 9170819
 9172492
 1394238
 1394242
 9171122
 1205239
 9172158
 9174315
 9174165
 1310361
 9175728
 9175798
 9175854
 9173840
 9176532
 9176597
 9176456
 9175046
 1194554
 1194555
 9080008
 9085113
 9085119
 9094675
 9104327
 9112901
 9114563
 9126928
 1360452
 9137421
 9140080
 1305135
 9147132
 9156140
 9162149
 9162442
 1378751
 9164591
 9164598
 9165026
 9169819
 1378786
 9167918
 9167976
 9168158
 9167936
 9166426
 9166470
 9167201
 9166478
 9166492
 9166495
 9171296
 9172898
 9170051
 9172169
 1372709
 9173985
 1310380
 9175067
 9176441
 1372106
 9169525
 9168891
 9167752
 1331955
 1331953
 9171314
 9172630
 9173940
 9176791
 9174678
 9173742
 9173512
 9175421
 9176009
 9176193
 9176809
 9176817
 1372112
 9166715
 9166513
 9166538
 9166553
 9175345
 9157816
 9157990
 9157837
 9156958
 9160644
 9166682
 9166757
 9167785
 9169291
 9169341
 9168081
 9168769
 9166783
 9168313
 9171316
 9172319
 9169892
 9171841
 9170557
 1377363
 9170695
 9170705
 9171083
 9171774
 9172023
 1202751
 9171598
 9175120
 9174892
 9176895
 9175125
 9174226
 9175108
 9175677
 9175980
 9176174
 9176256
 9176379
 9174208
 9174357
 1310369
 1373610
 9175175
 9173753
 9173648
 9173805
 9176564
 9176674
 9176686
 9176753
 9176837
 9173784
 9174782
 9175476
 9175864
 9176093
 9173400
 9174432
 9174923
 9174929
 9175320
 1383158
 1359554
 9174679
 9174305
 9175071
 9174845
 9175146
 9165554
 9165890
 9164161
 1389655
 9151271
 9159516
 1372762
 9170471
 1372839
 9176222
 9174902
 9175849
 9174984
 1310382
 9174870
 9176290
 9174282
 9175671
 9176451
 9174187
 9176150
 9174035
 9175072
 9175982
 1364556
 9174897
 9175924
 1232086
 9173869
 9172815
 9172064
 9175322
 9176412
 9174797
 9174899
 1377375
 1377394
 1364642
 9161098
 9163424
 9168966
 9172125
 1332599
 9175919
 9173410
 9173938
 9174575
 1232094
 9174962
 9174985
 9176005
 9173703
 9152919
 9154568
 9174898
 9174330
 9174413
 9175047
 9144022
 9146675
 9158967
 1243157
 1194508
 9164106
 9167618
 9166583
 9169210
 9167853
 9171961
 1310362
 1373619
 9176467
 1377395
 9174588
 9153344
 9161672
 9164230
 9165119
 9168994
 9167400
 9172917
 9172082
 9172998
 9170826
 9172693
 9173143
 9173274
 9172508
 9171088
 9173124
 9172951
 9170873
 9174015
 9176766
 9174570
 9174641
 9176249
 9176331
 9174378
 9176203
 9176458
 9176464
 9176653
 1273173
 9175757
 9176008
 9175389
 9176215
 9174420
 9176484
 9173949
 9174447
 9175012
 9174428
 9175196
 9175717
 9176296
 9175681
 9175032
 1377373
 1377397
 9175289
 9174069
 9174367
 9174511
 9176596
 9176603
 9174052
 9175399
 9175548
 9176710
 1324095
 9175957
 9173959
 9175608
 9173921
 9174633
 9175099
 9175465
 9176218
 9173679
 9174149
 9176314
 9146247
 9150894
 9159426
 9156602
 9160506
 9164226
 9163791
 9167176
 9172364
 9171123
 9170024
 9172583
 9171264
 9176947
 9176154
 9176887
 9174126
 9174541
 9176180
 1324088
 9174692
 9150992
 9173469
 1378059
 9163562
 9166441
 9173244
 9170533
 9172299
 1378063
 9172650
 9171135
 9170901
 9176871
 9176692
 9175236
 9175588
 1378624
 9175118
 9175449
 9174215
 9175519
 9176310
 9163753
 9154887
 9159353
 9165958
 9167830
 9169150
 9169734
 1372695
 9171550
 9173237
 9173250
 9162402
 9168778
 9169517
 9169664
 9170407
 9171149
 9172731
 9172752
 9173022
 9173108
 9173119
 1377364
 9170124
 9171769
 9171391
 9170540
 9176954
 9176542
 9176832
 9176206
 9175729
 9175805
 9176677
 9176746
 9176857
 9175673
 9173911
 9175271
 9176064
 9173881
 9175197
 1360416
 9161161
 9165071
 0937174
 9167557
 9169741
 9169192
 9167800
 9167261
 9168980
 9173291
 9171455
 9172131
 1311619
 9171607
 9173196
 9173251
 9170427
 9173827
 9174656
 9176020
 9176567
 9174179
 9176580
 9174671
 1373628
 1373633
 1273116
 9173644
 9176307
 9173419
 9176230
 1150154
 9173687
 9173494
 9175525
 9164702
 9168095
 1010148
 9162483
 9160138
 9166363
 1310874
 9168262
 9166370
 9166413
 9171828
 9171101
 9171136
 9171269
 9172357
 9170088
 9172151
 9172852
 9170928
 9171161
 9171323
 1364602
 9172353
 9172363
 9174376
 1332593
 1310364
 1373611
 9174424
 9175314
 9175334
 9176555
 9174947
 9176495
 9176197
 9175129
 9175280
 9176103
 1389654
 1377400
 9175630
 9176515
 9173941
 9174044
 9174465
 9174660
 9174787
 9174300
 9175480
 9175926
 9173698
 1372707
 9165051
 9168648
 9171512
 9162430
 9163926
 9169563
 9168107
 1310887
 1358414
 9168028
 9167961
 9172965
 9172899
 9174846
 9176869
 9173657
 9175156
 9175310
 1332867
 9133135
 9162742
 9164937
 9171847
 9170515
 9170640
 9171277
 9173141
 9172614
 9171939
 9172540
 9175747
 9176000
 9176143
 9174624
 9176006
 9173615
 9175254
 9175932
 9176048
 9176445
 9174647
 9175172
 9176628
 9176378
 1331963
 9175205
 9175408
 9175263
 9174090
 9176270
 9174444
 9174496
 9174732
 9156100
 9162368
 9165216
 9165833
 9165547
 9163556
 9167331
 9166978
 1372763
 9169148
 1253989
 9170306
 9172896
 9171609
 9172267
 9172961
 9170494
 9172572
 1358513
 9171888
 9171680
 9171806
 9171966
 9171580
 1372837
 1372710
 9174649
 9176642
 9175498
 9174709
 9176493
 9176703
 9176514
 9174364
 9174089
 9174789
 9176028
 9176664
 9176725
 9176823
 1377374
 9176593
 9173359
 9150735
 9153800
 1324880
 9162740
 9160957
 9165591
 9163702
 9163853
 9163936
 9167263
 9169718
 9169205
 9172459
 9170208
 9170522
 9172625
 9171292
 9170973
 9171330
 9172134
 9175037
 9175229
 9173471
 9176243
 9176899
 9173416
 9174530
 9176732
 9176867
 9175734
 9175941
 9176265
 9176513
 9175031
 9174252
 1315786
 9175538
 9172620
 9170541
 9171184
 9176781
 9174019
 9175176
 9173989
 9173595
 9174881
 9175810
 1315704
 1324083
 9173891
 9175140
 9175043
 1379069
 9163386
 9163523
 9166213
 9167478
 1372682
 1372715
 9173901
 9174224
 9175867
 1305126
 9151892
 9153029
 9159537
 9156669
 9161910
 9160437
 9161181
 9165205
 9165242
 9165247
 9165251
 1011875
 9163515
 9167492
 9167623
 1310886
 9166337
 9166435
 9167105
 9169607
 9169782
 9168445
 9169392
 9168560
 1324630
 9167151
 9169155
 9173313
 9170775
 9170440
 9171858
 9169974
 9170505
 9171186
 9171755
 9172874
 9173090
 9171541
 9169942
 9171879
 9171534
 9171170
 9171442
 9170047
 9170424
 9171641
 9172074
 1362858
 1390596
 9171630
 9176951
 9173489
 1332590
 1332596
 9176424
 9176502
 9174000
 9175209
 9176163
 9176185
 9176607
 9176818
 9173737
 1373639
 1284011
 9174141
 9173425
 9174048
 9174064
 9174607
 9176676
 9176877
 9176872
 9173755
 9174484
 9174867
 9175079
 9173461
 9175487
 9176253
 9175121
 9174493
 1324090
 9175390
 9174011
 9174577
 9175879
 9161840
 9163250
 9166761
 9166819
 9172905
 9170052
 9172861
 9170326
 9171944
 9172604
 9170209
 9171657
 9173885
 9174316
 9176184
 9176804
 9173455
 9174691
 9175168
 9176113
 9174022
 1315130
 9158080
 9163496
 9172153
 9172344
 9172335
 9170364
 9174283
 9173546
 1364551
 1362360
 9146830
 9150960
 9163892
 T900018508