16-08-16
 9191014
 9189405
 9190671
 9190051
 9194251
 9194629
 9194759
 9192523
 9194273
 9186494
 9174350
 9177341
 9193604
 9165717
 9183367
 9193629
 9192213
 9179936
 9188360
 9192997
 9114823
 9177641
 9187174
 9187395
 9192352
 9179649
 9182780
 9192662
 9194473
 9172142
 9175660
 9176616
 9194822
 9178074
 9190317
 9189933
 9189903
 9173501
 9193326
 1304641
 9189779
 9194689
 9186910
 9179950
 9178103
 9183413
 9191215
 9194084
 9194748
 9194112
 9124410
 9157873
 9161301
 9165539
 9167461
 9182695
 9187000
 9193364
 9192344
 9185854
 9189660
 9191337
 9193129
 9188358
 9193834
 9194137
 9190152
 9194339
 9193445
 9194970
 9192711
 9194874
 1359598
 9191674
 9190014
 9194088
 9191336
 9189745
 9189693
 9162716
 0937196
 9191222
 9187232
 9191490
 9193817
 9192815
 9194241
 9179910
 9183291
 9189077
 9189241
 9189943
 9189190
 9193570
 9193984
 9194104
 1373977
 9187562
 9194476
 9174969
