16-08-17
 9188750
 9198639
 9197651
 9168768
 9179784
 9179792
 9183933
 9187558
 9191524
 9194828
 9161799
 9184674
 9190900
 9198424
 9198640
 1272452
 9184315
 9188872
 9195712
 9196356
 9191007
 9197495
 9194767
 9197720
 9187722
 9191213
 9198546
 9191236
 9196001
 9191333
 9198716
 9195959
 9194459
 9194472
 9196061
 9197518
 9197526
 9198057
 9165659
 9171480
 9177533
 9182264
 9190630
 9195157
 1317902
 9196082
 1272453
 9198080
 9196260
 9192214
 9193653
 9166564
 9194854
 9196067
 9187012
 9196976
 9165372
 9190660
 9194183
 9196510
 9196673
 9198323
 9198531
 9182850
 9194810
 9196692
 1161345
 9181345
 9184770
 9195479
 9197420
 9198195
 9196786
 9194773
 9197681
 9176747
 9196241
 9167447
 1310359
 9194959
 9194323
 9190898
 9194845
 9194869
 9194400
 9193085
 9194377
 9197551
 9198177
 9198258
 9197798
 9198512
 9194281
 1304607
 9190296
 9192495
 9192501
 9196822
 9194135
 9198557
 9197671
 9198320
 9198711
 9189837
 9194217
 9196478
 9191205
