16-08-18
 9197825
 9197789
 9198938
 9202557
 9196753
 9201671
 9198506
 9198612
 9201263
 9170797
 9176880
 9178690
 9184519
 9200662
 9200280
 9200641
 9201228
 9199370
 9187755
 9173637
 9177886
 9181000
 9192293
 9187819
 9200126
 1417007
 9186929
 9202563
 9175818
 9202525
 9197859
 9202594
 9202199
 9187400
 9199338
 9199921
 9199997
 9179246
 9187492
 9192665
 9198672
 9202591
 9199118
 9201098
 9200877
 1297593
 9196740
 9199179
 9185089
 9187104
 9194805
 9182875
 9167407
 9185550
 9192200
 9198010
 9202725
 9202060
 9202017
 9202319
 9200644
 9197654
 9199892
 9198623
 9198714
 9198718
 9199455
 9187038
 1202350
 9197527
 9200156
 9198227
 9198204
 9201592
 9166623
 9191476
 9197714
 9202560
 9201346
 9202396
 9199423
 9197214
 9198435
 9197838
 9202239
 9202490
 9194952
 9194963
 9202009
 9202123
 9202369
 9202072
 9189253
 9165157
 9202354
 9187361
 9194395
 9197405
 9199733
 1202319
 9199949