16-08-20
 9209693
 9204911
 9207354
 9207111
 9209713
 9208135
 9208962
 9207864
 1202304
 9207589
 9210100
 9209403
 9207459
 9203864
 9199831
 9200628
 1382981
 9205221
 9183178
 9203568
 9207347
 9209742
 1417224
 9175509
 9201527
 9203529
 1202279
 9207287
 9206749
 9208118
 9208762
 9181179
 9205442
 9205247
 1202282
 9205804
 9209162
 9209544
 9207284
 9208866
 9208820
 9207360
 9199134
 9208906
 9209520
 9203381
 9184450
 9201817
 9206533
 1202882
 9203159
 9208932
 9204084
 1202883
 1202341
 9206753
 9209772
 9208271
 9208590
 9194812
 9209245
 9191599
 9201495
 9205979
 9205063
 9207338
 9209628
 9207844
 9208595
 1273387
 9202460
 9205104
 9206367
 9209191
 9207814
 9207098
 9208704
 9205257
 9199422
 9209955
 9206375
 9205978
 9209952
 9160541
 9199523
 9203647
 1222270
 9209916
 9178193
 9206211
 9207460
 9208560
 9209706
 9202461
 9205352
 1417029
 9204255
 9209103
 9209145