16-08-25
 9208582
 9213106
 9200548
 9203960
 9203379
 9212050
 9212327
 9211509
 1293174
 9213651
 9201950
 9206382
 9210967
 9195174
 9194893
 9197550
 9208733
 1417225
 9213557
 1293175
 9205234
 9208419
 9210489
 9196896
 9203733
 9200704
 9209558
 9207367
 9207393
 1417095
 9192176
 9205591
 9209283
 9212643
 9212932
 9183302
 9208691
 9194359
 9214049
 9179602
 9198519
 9213239
 9212552
 9213125
 9210835
 9213013
 9204171
 1202245
 9212282
 9212531
 9212687
 9211031
 9207925
 9209413
 9193935
 9213172
 9197313
 9213982
 9212752
 9212528
 9213750
 9213755
 9210374
 9211861
 9212984
 9210821
 9211409
 9212810
 9210701
 9211502
 9148373
 9159483
 1417094
 9203491
 9208014
 9211419
 9212673
 1359645
 9199558
 9209692
 9211829
 9209204
 9214012
 9197040
 9206045
 9212473
 9198625
 9213683
 9212539
 9213761
 9209293
 9208534
 9209034
 9209446
 9210947
 9209017
 9209044
 9213672
 9211736
 9213039