16-08-03
 9146900
 9147990
 9138787
 9129595
 9147176
 9144861
 9140927
 9147161
 9149478
 9147791
 9144765
 9145432
 9144920
 9147843
 9148854
 9148510
 9142138
 9149073
 9140095
 9140933
 9147020
 9147498
 9148998
 9148833
 9148932
 9149801
 9149814
 9148818
 9147849
 9146471
 9139192
 9139650
 9147452
 9144097
 9144615
 9145542
 9139691
 9142384
 9146088
 9147965
 9147057
 9140937
 9149482
 9146730
 9148343
 9138837
 9139811
 9149045
 9148071
 9148352
 9148378
 9122901
 9146930
 9148835
 9149426
 9133972
 9149032
 9148480
 9146214
 9146937
 9149781
 9148561
 9145059
 9140968
 9144819
 9146216
 9148604
 9149430
 9148523
 9148544
 9144867
 9149211
