16-08-10
 9143990
 9168774
 9168911
 9169641
 9169876
 9171250
 9171295
 9171924
 9172590
 9172330
 9172826
 9171990
 9172495
 9170883
 9146538
 9159487
 9159957
 9167521
 1318335
 9169251
 9172579
 9170774
 9136187
 9164587
 9164865
 9163584
 1011877
 9169512
 9169626
 1322617
 9168419
 9169646
 9166903
 9168409
 1304636
 9168597
 9168758
 9169457
 9168766
 9167908
 9167005
 9171051
 9172395
 9171987
 9172096
 9173188
 9172260
 1383155
 9171539
 9158056
 9158194
 9169710
 9168183
 9171948
 9134144
 9155640
 9158867
 9169214
 9144079
 9144317
 9144436
 9144519
 9145136
 9143886
 9147647
 9147862
 9148850
 9147227
 9146924
 9147513
 9151185
 9152071
 9150815
 9153338
 9153859
 9155336
 9153296
 9155123
 9154751
 9158959
 9162456
 9164320
 9164568
 9168132
 9167412
 9167772
 9167848
 9168061
 9168591
 9168739
 1358435
 9169172
 9168680
 9167119
 9167126
 9168784
 9170263
 9171816
 9172523
 9170015
 9171268
 9172224
 9138737
 1297705
 9162115
 9161646
 9140177
 9143319
 9147690
 9156367
 9157328
 9158649
 9160917
 9158045
 9151459
 9158658
 9162450
 9161484
 9164813
 9167035
 9166955
 9169697
 0775886
 9168069
 9169904
 9172767
 9172803
 9172883
 9172206
 9172223
 1284053
 9171428
 9171975
 9172700
 9173172
 9170657
 9172209
 9171476
 1304452
 9172377
 9171909
 9173238
 9170090
 1318361
 1318362
 9171203
 1205206
 9151119
 9164772
 9170739
 9173343
 9144937
 9149399
 9151383
 9155067
 9155971
 9155726
 9155279
 9157312
 9158426
 9158474
 9160257
 9164990
 9166918
 9167687
 9168478
 1358413
 9166235
 9167696
 9168606
 9172211
 9172748
 9171194
 9113521
 9136692
 9153689
 9157298
 9157954
 9162108
 9163293
 9163451
 9165069
 9165569
 9168138
 9168186
 9168263
 9168417
 9169324
 9170435
 9171177
 9172545
 9171274
 9172744
 9138656
 9141334
 9147564
 9150402
 9152768
 9153495
 9161474
 9161385
 9162603
 1364340
 9165724
 9165443
 9165416
 9164672
 9165895
 9166963
 9166952
 9169449
 9168106
 9171328
 9172212
 9170757
 9170978
 9172292
 9171786
 9150003
 9165995
 9167091
 9158328
 9162002
 9164852
 9168402
 9166606
 9167040
 9171713
 9171386
 9170264
 9172083
 9150012
 9151283
 9159422
 9159992
 9169425
 9167828
 9169785
 9167842
 9169851
 9169852
 9169853
 9170766
 9170971
 9170869
 9172541
 9172117
 9172245
 9172285
 0775887
 9171365
 9170755
 9171042
 9172428
 9162206
 9169359
 9170605
 9172088
 9170185
 9171282
 9138350
 9139301
 9153661
 1377690
 9158928
 9157393
 9161064
 1377694
 9163333
 9165759
 9169523
 9167679
 9168420
 9170994
 9171398
 9170518
 9171094
 9171030
 9170420
 1377369
 9169976
 9170132
 9172219
 9171262
 1205232
 9137297
 9151268
 9155094
 9153351
 9154300
 9153696
 9153878
 9153192
 9158641
 9158884
 9159042
 9159275
 9157721
 9160419
 9161619
 9161562
 9161538
 1382903
 9162460
 9160892
 9161411
 9165212
 9163288
 9163314
 9163425
 9163217
 9164873
 9169555
 9167122
 9168413
 9168318
 9168655
 9169185
 9172289
 9171672
 9171212
 9171474
 9170576
 9171159
 9171716
 9172025
 1368782
 9170436
 9170441
 9171604
 9172007
 9172442
 9164987
 9118702
 9122194
 9129853
 9132859
 9133097
 9133267
 9134748
 9136288
 9138313
 9139348
 9142863
 9157339
 9162354
 9161657
 9162611
 9167214
 9169013
 9166873
 9170643
 9171899
 9172603
 9172672
 9172770
 9172320
 9171839
 9172414
 9170979
 9171650
 9170277
 9171079
 9172210
 1205237
 9150641
 9151173
 9152047
 9152800
 9157269
 9163767
 9162989
 9166827
 9167509
 9168896
 9167225
 9167892
 9166316
 9172168
 9170217
 9170516
 9171010
 9172550
 9171263
 9172535
 9173028
 9171059
 9172474
 9170790
 9172079
 9172094
 9172373
 9170369
 9170345
 9170598
 9170764
 9171144
 9171694
 9172071
 9172950
 9170141
 9170143
 9172017
 1382907
 9170103
 9172042
 9137302
 9150144
 9153335
 9159569
 9158792
 9162497
 9160510
 9160521
 9165771
 9162982
 1232072
 9168358
 9169399
 9169571
 9169923
 9169986
 9172515
 9172997
 9173014
 9171634
 9173126
 9171129
 9171668
 1393338
 9171986
 9172256
 9170165
 9173332
 9166069
 9167243
 9166758
 9170173
 1367181
 9171601
 1318363
 9144185
 9146869
 9152042
 1318151
 9162061
 9164862
 9163493
 9163807
 9162903
 9162905
 9169476
 9167282
 9167193
 9167880
 9168466
 9166174
 9168302
 1318341
 9168143
 9168134
 9169030
 9171325
 9172191
 9170579
 9171106
 9170980
 9170645
 9171884
 9172435
 9170417
 9171780
 1318354
 9172853
 9171231
 9172247
 9172720
 9159197
 9165700
 9169585
 9171224
 9172847
 9171402
 9170419
 9171131
 9172238
 9151794
 9159408
 9157987
 9162126
 9160366
 9162685
 9160443
 9164040
 9162861
 9163724
 9163261
 9163328
 9167421
 9166272
 9167101
 9166868
 9168814
 9172600
 9170202
 9170732
 9171673
 9170748
 1382750
 9170003
 9170432
 9171200
 9139399
 9153417
 9154784
 9153263
 9155995
 9159493
 9158995
 9160005
 9160502
 9160418
 9162073
 9161426
 9166921
 9169004
 9168702
 9167691
 9172184
 9170107
 9171435
 9171553
 9171642
 9170237
 9170770
 9171430
 9172220
 9173338
 9171410
 9172564
 9163707
 9163664
 9168671
 9168723
 9168440
 9173186
 9170057
 9171188
 9171937
 1368784
 1321048
 9148730
 9153932
 9155779
 9154756
 1382902
 9161247
 9163096
 9163671
 9163932
 9165347
 9166019
 9168398
 9167046
 9167926
 9166318
 9166970
 9169151
 9169183
 9166281
 9167530
 9168416
 9168920
 9166983
 9167642
 1318340
 9166556
 9167981
 9170803
 9171099
 9171826
 9172102
 9172451
 9172980
 9173122
 9172253
 9170244
 9172068
 9170544
 9170634
 9170411
 9171352
 9170150
 9170820
 9172490
 9171947
 9172814
 9173236
 9171232
 9173278
 9171040
 9171737
 9172518
 9170096
 9171025
 9170754
 1205210
 9172233
 9147374
 9156246
 9170380
 9171045
 9173149
 9171279
 9171068
 9171089
 9170868
 9170566
 9172773
 1364607
 9172248
 9170902
 9171745
 9172128
 1318106
 9167736
 9166765
 9169375
 9172842
 9170761
 9169916
 9163924
 9162122
 9171893
 9171931
 9172254
 9170846
 9171081
 9170355
 9172813
 9170242
 9170607
 9172199
 9172205
 9165637
 9164417
 1382910
 1364349
 9171739
 9156630
 9159374
 9163931
 9163377
 9163436
 9163279
 9162899
 9169576
 9168509
 9168578
 9169188
 9169600
 9168760
 9167002
 9168576
 9170858
 9171864
 9169957
 9171452
 9173008
 9173127
 9171901
 9171936
 9172978
 9172862
 9172498
 9172923
 9171256
 9170373
 9171253
 9171872
 9169907
 9171558
 9171222
 9170016
 9170313
 9170976
 9170926
 9171367
 9172022
 9173217
 9170758
 9171473
 1205221
 9159000
 9160891
 9162704
 1358503
 9160563
 9163577
 9163289
 9163177
 9167916
 9168410
 9167832
 9166603
 9166611
 9167548
 9171669
 9173065
 9170660
 9170468
 9170861
 9170997
 1011801
 9159365
 9165167
 9165731
 9165792
 9168188
 9169813
 9167155
 1326308
 9167543
 9168195
 9168489
 9172986
 9170864
 9172764
 9160720
 9161689
 9162768
 9160699
 9152596
 9152597
 9152598
 9152599
 9152600
 9152601
 9152602
 9152603
 9156355
 9156356
 9156357
 9156359
 9156360
 9156361
 9156362
 9156363
 9156364
 9156365
 9156366
 9160076
 9160078
 9160085
 9160086
 9160087
 9160089
 9160090
 9160093
 9162788
 9162789
 9162790
 9162791
 9162792
 9166078
 9146049
 9149929
 9161456
 9165711
 9165787
 9165812
 9164132
 9165537
 9168144
 9168249
 9168363
 9169253
 9169276
 9166834
 1376029
 1376030
 9138396
 9161718
 1243164
 9166300
 9166165
 9172249
 9171221
 9171873
 9172960
 9173060
 9170934
 9171002
 9172086
 1326310
 9144687
 9149552
 1304596
 9153617
 9155413
 9158198
 9159639
 9158259
 9156619
 9162256
 9165080
 9165761
 9163830
 9165883
 9166346
 9168214
 9168917
 9167305
 9169000
 9168989
 9168692
 9168656
 9167535
 1377339
 1315755
 1232077
 1249843
 9171511
 9170959
 9172188
 9172942
 9171043
 9169979
 9170806
 9172698
 1252276
 9171044
 9171478
 9170228
 9151564
 9156027
 9162039
 9165465
 9168447
 9166371
 9166885
 9114460
 9157378
 9161872
 9163420
 9163256
 9167665
 9166942
 9168089
 9168845
 9167227
 9172180
 9173218
 9171985
 9171114
 9169997
 9171608
 9170466
 9171467
 9171368
 1205222
 1205228
 9162897
 9165394
 9164181
 9164500
 9171425
 9170245
 9172089
 9173242
 9150330
 1297579
 9154837
 9156658
 1389971
 9160484
 9161400
 1326299
 9160549
 9162322
 9161437
 9163517
 9164368
 9165656
 9165709
 1297308
 9165198
 9163993
 9165019
 9165087
 9163989
 9164468
 9168653
 9168436
 9169616
 9167519
 9169343
 9169416
 9168969
 9169218
 9169441
 1377319
 9168870
 9166878
 9168813
 9168842
 9169243
 1326307
 9166880
 9168291
 9171195
 9171289
 9170131
 9171305
 9171690
 9172562
 9173016
 9171818
 9170646
 9172093
 9172810
 9171482
 9171836
 9172963
 9172999
 9171894
 9171876
 9171954
 9171800
 9163385
 1382881
 9169995
 9172354
 9173125
 9171102
 9172652
 9173170
 9153554
 9157110
 9159841
 9161208
 9167272
 9166220
 9168693
 9169596
 9169603
 9168067
 9166752
 9169472
 9173152
 9170499
 9170437
 9170004
 9172274
 9172350
 9171050
 9170679
 9169462
 9168196
 1315753
 9170586
 9171773
 9171905
 9172513
 9172517
 1315767
 9156957
 9156956
 9159112
 9157318
 9164107
 9170614
 9159144
 9159661
 9165911
 9163999
 9164432
 9163541
 9164695
 9165444
 9163287
 9165398
 9167029
 9166190
 9169451
 1310853
 1310854
 1310855
 9167884
 9169509
 9168399
 9166735
 9167134
 9166613
 9166960
 9170294
 9172297
 9172301
 9172653
 9173210
 9173264
 9172777
 9170710
 9171126
 9171982
 9170896
 9173203
 9172825
 9170381
 9170087
 9172084
 9172627
 9170651
 9172668
 9170211
 9171095
 9172496
 9173100
 9169897
 9169980
 9172262
 9135150
 9141944
 9149866
 9155605
 9153064
 9162560
 9168448
 9170508
 8981663
 1367095
 1367096
 9166199
 9166205
 9169365
 9166287
 1297314
 9173331
 9172421
