16-08-11
 1189341
 1297320
 1297322
 9150131
 9153830
 9166172
 9172581
 9170125
 9173669
 9176343
 9169770
 9170071
 9170193
 1318356
 9175512
 9166001
 1364347
 9166855
 9168748
 9168553
 9168512
 1393334
 9167121
 9169802
 9171023
 9171399
 9170293
 9172409
 9172114
 1377349
 9171205
 9175827
 9174026
 1322624
 1373642
 9174018
 9174239
 9173520
 9173661
 9174562
 9175242
 9173465
 9175905
 9176426
 9176921
 9174150
 9176233
 9174742
 9166704
 1368699
 9171571
 9174264
 9175327
 1189059
 9175692
 9175975
 9175951
 9154461
 9140954
 9145193
 9152151
 9158332
 9161977
 1368397
 9166091
 9173370
 9158367
 9171384
 9174620
 1364638
 9174487
 1372717
 9155364
 9165131
 9168642
 9167296
 9168627
 9155126
 9165259
 1382878
 1318105
 9147470
 9159381
 9161409
 9165573
 9166916
 9167257
 9168229
 9167172
 9172126
 9172587
 9173041
 9173161
 9171643
 9171547
 9172645
 9173006
 9171913
 9176054
 9175745
 9173594
 9175259
 1310365
 1273176
 9174749
 9174946
 9174232
 9174448
 9174878
 9175654
 9176335
 9176784
 9175253
 9175989
 9174567
 9175085
 9175135
 9174676
 9175536
 9176922
 9175328
 9172073
 9163878
 9166373
 9169983
 9171434
 9174779
 9174843
 1393335
 1393342
 9168065
 9155984
 9173553
 9174188
 9175633
 9128772
 9147005
 9147448
 9151801
 9151415
 9152631
 1358971
 9159400
 9169268
 9167959
 9169077
 9167863
 9167226
 9172276
 9172659
 9172808
 9174623
 1362368
 9165635
 9167289
 9137091
 9161503
 9162886
 9168200
 9168727
 9168900
 9167097
 9167756
 9167995
 1358439
 9170822
 9174001
 9175081
 9175695
 9176368
 9173376
 9123433
 9126634
 9138400
 9137924
 9148568
 9150824
 9157405
 9158312
 9157188
 9158654
 1357796
 1189334
 9169597
 9167058
 9170511
 9170835
 9170887
 9170962
 1367179
 1367180
 9174308
 9173459
 9175311
 9173867
 9173816
 9173994
 9174151
 9174457
 9176228
 9176245
 9176508
 9173656
 9163568
 9165409
 1373200
 9172892
 9156008
 9166458
 9169772
 9155042
 9159486
 9165565
 9172879
 9173027
 9171285
 9172746
 9170377
 9173176
 1393337
 9170362
 9171666
 9170356
 9171631
 9170020
 9170479
 9174153
 9176102
 9176794
 9176092
 9176026
 9174338
 1353320
 9174392
 9174017
 9175381
 9175789
 9153744
 9171654
 9172265
 9172346
 9171116
 9171280
 9171656
 9173034
 9173394
 9173894
 9175423
 9176013
 9174857
 9175016
 9175781
 9154450
 9158023
 9158134
 9164266
 9163842
 9167648
 9169066
 9166967
 9167975
 9174780
 9173976
 9174115
 9174374
 9175204
 9176043
 9175226
 9175961
 9176109
 9168506
 9171196
 9171813
 9176643
 9174762
 9174766
 9175230
 9143556
 9146500
 9147338
 9153469
 9159071
 9158906
 1160902
 9167383
 9169306
 9170649
 9171671
 9170503
 9173195
 9172402
 1377353
 1315781
 9172588
 9174337
 9174804
 9175950
 9176633
 9175787
 9174443
 9174850
 9173739
 9176476
 9176469
 9174236
 9174933
 9176301
 9173845
 9175605
 9176650
 1368734
 9164418
 9165105
 9166280
 9168074
 9172321
 9172222
 9172623
 9172801
 9171346
 1205207
 9176012
 1330693
 9173686
 9173692
 9144319
 9144329
 9164221
 9174909
 9175471
 9173868
 9175077
 9115206
 9115270
 9140433
 9159727
 9159396
 9157325
 9157458
 9157595
 9156785
 9157466
 9162089
 9160916
 1297549
 9164184
 9167706
 9168248
 9166360
 9169081
 9170324
 9171696
 9172183
 9171247
 9171949
 9171703
 9171383
 9170507
 9170687
 9171115
 1368781
 9172113
 1377355
 1359690
 9173337
 9171993
 9170542
 9172216
 9176187
 9151815
 9158323
 9160975
 9169021
 9167080
 1351194
 9171182
 9172643
 9170314
 1252275
 9169912
 1205236
 9173791
 9176572
 9173759
 9173773
 1273114
 9174955
 9173815
 9173903
 9174606
 9173936
 9175014
 1189054
 9173611
 9175167
 9176503
 9175008
 9174112
 9176169
 9173628
 9174245
 9174549
 9143615
 9159980
 9161834
 9160884
 1340021
 9164954
 9166105
 9167183
 9166847
 9168072
 9172133
 9173150
 9173163
 9172370
 9173348
 9171859
 9175595
 9175945
 9175834
 9174065
 9174961
 9173795
 9173811
 9173819
 9173807
 9165068
 9163886
 9163295
 9163408
 9166956
 9166388
 9169767
 9175942
 9173579
 9174579
 9142321
 1323130
 9160150
 0937156
 1011869
 9163426
 9166867
 9169408
 9166995
 9166959
 9166415
 9166615
 9166837
 9167405
 9168696
 9167935
 9170892
 9171815
 9172706
 9172207
 9172485
 9171663
 9170673
 9176036
 9173958
 9174580
 9175493
 9175794
 1310367
 1373650
 9174140
 9173944
 9176078
 9173987
 1318375
 9175266
 9175316
 9175034
 9173164
 9175458
 1373631
 9174163
 1189065
 9174803
 9174808
 9174079
 9175545
 9175523
 9164612
 9166670
 9168850
 9171724
 9171890
 9170376
 9173174
 9170821
 9172671
 9172924
 9171645
 9171192
 9172269
 9173727
 9174535
 9176313
 9176360
 9175336
 9173593
 9174038
 9175774
 9176826
 9173829
 9176095
 1365840
 9156974
 9160388
 9160471
 9169137
 9173178
 1358640
 9171249
 9171823
 9173427
 9175297
 9174039
 9175767
 9176370
 9174311
 9174422
 9174768
 9175361
 9174068
 9175859
 9174199
 1232095
 9012992
 1339916
 9099117
 9104190
 1390897
 9113294
 9130562
 1297764
 9136476
 1011928
 9158095
 9163031
 9163808
 9167775
 9166861
 9167578
 9172532
 9172214
 9171008
 9171340
 9172152
 9172941
 1273111
 9173957
 9168040
 9168411
 9169169
 9169280
 9171093
 9171843
 9172616
 9173205
 9173001
 9173255
 9174834
 9175799
 1365956
 9174257
 9174100
 9176884
 9175678
 9173716
 9174483
 1240459
 9150822
 1318158
 9155849
 9161862
 9161739
 9166701
 9168601
 9168390
 9169455
 9167740
 9168275
 9168368
 9168444
 9173281
 9171270
 9170218
 9170431
 9172155
 9173115
 1377360
 9175048
 9173833
 9174269
 1322506
 9175021
 9175050
 9175295
 9175533
 9174949
 9175440
 9175592
 9176192
 9175326
 9175385
 9174013
 1310894
 1310379
 9175537
 9175544
 9174276
 9174291
 9174913
 9175918
 9175973
 9176374
 9176391
 9174306
 9174540
 9174748
 9176280
 9176635
 9176673
 9176843
 9175650
 9176786
 9174972
 9175825
 9175998
 9174652
 9174248
 9175564
 9175680
 9176461
 9176827
 9173916
 9176161
 1232093
 9175248
 9165836
 9166507
 9166759
 1358415
 9174859
 9174895
 9175180
 9176527
 9173850
 9174040
 1224775
 9173836
 9173856
 9173828
 9173998
 9174132
 9174142
 9174222
 9175409
 9176266
 9175969
 9175091
 9172692
 9173451
 9175784
 9175711
 9176762
 9174829
 9175948
 1377382
 1389936
 9172255
 9176033
 9174462
 9175249
 9174158
 1365954
 9175030
 1330692
 9176055
 9174128
 9153057
 1357901
 9166639
 9171549
 9173342
 9176437
 9170273
 9171749
 1284295
 9172326
 9171590
 9176488
 9175052
 9175817
 9176742
 9174600
 9174569
 9174299
 9174817
 9176586
 9173802
 9174083
 1194001
 9176434
 1383159
 9174835
 1365958
 9175698
 9176845
 9176917
 9176925
 9176926
 9173639
 9176612
 9174628
 9175940
 9174520
 9176177
 9176318
 9174241
 9176029
 9176807
 9143578
 9166694
 9171183
 9173334
 1318366
 9174037
 9175022
 1273113
 9176457
 9176007
 9162825
 9173142
 9172367
 9173009
 9172798
 9170910
 9170985
 9172037
 9170874
 9170325
 9170397
 9170987
 9172929
 9173864
 9175201
 1284054
 9175009
 9176238
 1194002
 9168888
 9169732
 9169086
 9171447
 9172809
 9172154
 9172175
 9171344
 9172822
 9173017
 9171379
 9133847
 9133848
 9137119
 9143607
 9146514
 9150029
 9162606
 9165471
 9168832
 9169704
 9167610
 9172516
 9170530
 9172020
 9170637
 9171246
 9174143
 9176619
 9176772
 9176847
 9176357
 9175291
 9174309
 1232092
 9147893
 9160964
 9160960
 9163901
 9165018
 9163722
 9166771
 9168849
 9168406
 9169506
 9170365
 1332572
 9170235
 9173175
 9170046
 9171889
 9172968
 9175892
 9174010
 1310371
 1373604
 1373605
 1373636
 9173663
 9176522
 9175457
 9174129
 9173804
 1377387
 9174057
 1232090
 9174491
 9174618
 9157507
 9161585
 9152314
 9164958
 9166229
 1332578
 1284294
 9170186
 9170259
 1205233
 1332589
 9174737
 9175442
 9175460
 9176853
 9176295
 1377378
 1364636
 9174104
 9174123
 9173939
 9174216
 9174258
 9173545
 9174593
 1372718
 9159106
 9172602
 9174474
 9174965
 9176050
 9176523
 9156810
 9163711
 9166702
 9167984
 9169798
 9168555
 9167661
 9145367
 9160604
 9164877
 9163653
 9168636
 9166668
 9170077
 9170852
 9170952
 9172694
 9171817
 1351198
 1322507
 9176116
 9176122
 9173550
 9174382
 9174863
 9175802
 9175891
 9176056
 9176294
 9176339
 9175051
 9173879
 9175832
 9173967
 9174865
 9175184
 9175194
 9175503
 9176277
 9176582
 9176317
 9174274
 9174436
 9175161
 9175556
 9175426
 9146763
 9151360
 9155140
 9153489
 9161360
 1376013
 9165739
 1376861
 9167881
 9171413
 9172433
 9172864
 9170330
 9170842
 9173070
 9173087
 9171801
 9171983
 9173240
 9170575
 9174138
 9175943
 9174725
 9174877
 9176395
 9174029
 9176312
 9176655
 9176702
 9176769
 9176777
 9175589
 9174700
 9176239
 9164891
 9173021
 9173130
 9171366
 9173166
 9175165
 9175936
 9175843
 9175848
 1373622
 9176088
 9175407
 9176549
 9166917
 9174403
 9175638
 9174670
 9175786
 9160550
 9169856
 9172865
 9175723
 9174942
 9147460
 9148921
 9154477
 9157445
 9165896
 9164906
 9164578
 9167889
 9169039
 9173261
 9170773
 1284004
 9172420
 9172019
 9172349
 9170670
 9173401
 9173412
 9173677
 9175321
 9176806
 9176834
 1322512
 9174345
 9176492
 9176500
 9176581
 9176629
 9175312
 9176850
 9175433
 9175911
 9176159
 1393343
 9175529
 9174884
 9174901
 9175587
 1365838
 1365953
 9176021
 9175323
 9173547
 9174599
 9156727
 9166189
 9166805
 9168676
 9170963
 9171981
 9171064
 9172571
 9175308
 9173397
 1315701
 9175510
 9173708
 9115231
 9145413
 9149646
 9161897
 9172108
 9176105
 9174879
 9160838
