16-08-12
 9151164
 9158272
 9168710
 9173106
 9175258
 9175928
 9176755
 9176852
 9177849
 9180141
 9177692
 1393344
 9177876
 9178149
 9179375
 9179962
 1318178
 9162751
 9172705
 9170234
 9174532
 1318373
 9180069
 9177798
 9178922
 9141272
 9147398
 9147334
 9149363
 9164168
 9164019
 9165052
 9170439
 9170251
 9171125
 9174715
 9176547
 9173991
 9174854
 9175701
 9175069
 9174746
 9179049
 9177857
 9177360
 9177613
 9178945
 1373670
 9177986
 9177831
 9179052
 1377417
 1376873
 1376591
 9178261
 9179212
 9179009
 9169400
 9173157
 9173026
 9171423
 9176030
 9180018
 9177682
 9178572
 9178582
 9177599
 9177816
 9177833
 9142214
 9154965
 9155136
 9158202
 9158619
 9159546
 9158164
 9156686
 9165492
 1358621
 9165628
 9164151
 9164998
 9169906
 9172573
 9176104
 9178183
 9178286
 9177568
 1372805
 9176001
 9136340
 9138171
 9144975
 9164172
 1349266
 9164487
 1367175
 9169381
 9166931
 9172165
 9171897
 9144491
 9147378
 9162794
 9166269
 9169018
 1304637
 9169247
 1324723
 9141119
 9143830
 9154760
 9153648
 9153561
 9157697
 9165196
 9163723
 9164385
 9165872
 9166307
 9172045
 9173004
 1377361
 9175520
 9174161
 9175920
 9175269
 9173820
 9176077
 9173806
 1365955
 9175752
 9175224
 9180122
 1351751
 9178495
 9179383
 9180131
 9180133
 9179431
 9180023
 9178793
 9179481
 9179569
 9177906
 9179236
 9178712
 1284024
 1284027
 9177619
 9178680
 9178730
 9179644
 9178442
 9178962
 9179642
 9178028
 9179820
 9179992
 9177369
 9177374
 1376589
 9180282
 9180284
 9161280
 9160869
 9165067
 9171522
 9171039
 9176085
 9169022
 9172085
 1332597
 9174488
 9173689
 9176910
 9151682
 9150775
 9162599
 1389935
 9169552
 9167571
 9168414
 9171832
 9171731
 9172432
 9170854
 9172732
 1359680
 9170357
 9171831
 9170875
 9174911
 9175751
 9176594
 9174467
 9175890
 9179076
 9178334
 9178686
 9179762
 9178895
 9143600
 9172972
 9144663
 9145047
 9146101
 9175543
 9178918
 9179988
 9178536
 9179143
 9179579
 9180258
 9137815
 9146060
 9156749
 9171748
 9170849
 9171978
 9174346
 9176389
 9175844
 9175182
 9178792
 9179727
 9179420
 9177668
 9178269
 9177608
 9179156
 1304459
 9177851
 9177978
 1376891
 1376572
 9179016
 1322616
 9168425
 9169017
 1318343
 9170633
 9170788
 1318349
 1310895
 9174719
 9167587
 9154172
 9158878
 9165481
 1310880
 9166665
 9172799
 9171301
 9171372
 9172303
 9172263
 9175468
 9175216
 9176611
 9179673
 9179851
 9178105
 9178534
 9179031
 1377408
 1377413
 9179167
 9178541
 9172763
 9176252
 9175499
 9178704
 1315716
 9156755
 9167276
 9169057
 9171035
 9173396
 9175829
 9176685
 9173477
 9174855
 9174062
 9178182
 9178273
 9178319
 9176250
 9176341
 9174116
 9176046
 9175696
 9176165
 9177995
 9178331
 9178300
 9178547
 9179425
 9180130
 9179464
 9180044
 9179354
 9178671
 9177617
 9139871
 9176654
 9179387
 1393347
 9159495
 1322498
 9169786
 9174644
 9179142
 9178722
 9177530
 1315720
 9178928
 9180172
 9177561
 9179435
 9177078
 9163960
 9163983
 9167846
 9166502
 9168126
 9172315
 9170931
 9170935
 9170745
 9174036
 9174250
 9175003
 9175885
 9176234
 9174773
 9175816
 9176079
 9178957
 9178638
 9179977
 9178144
 9180010
 9178653
 9180158
 9179598
 9177963
 9178295
 9134454
 9152074
 1368737
 9157167
 9156714
 9159452
 9165548
 9168546
 9172139
 9171380
 1377356
 9175285
 9175364
 9174613
 9176453
 9174915
 1189067
 1359557
 9173584
 9176221
 9174601
 9175713
 1161310
 9174108
 9174722
 9176648
 9179245
 9179773
 9177414
 1377414
 9179356
 9178542
 9156016
 9157013
 9160679
 9162892
 9168752
 9170102
 9172061
 9170946
 9176543
 9173769
 9173782
 9173950
 9173943
 1189057
 9175554
 9174963
 1362371
 9177175
 9177495
 9178544
 9178851
 9177148
 9179348
 9179752
 9179740
 9178180
 9179129
 9178672
 9178803
 9177023
 9177727
 1026895
 1376139
 1376598
 1235839
 1296840
 1376579
 1376586
 9180285
 9178863
 9179568
 9179261
 9177525
 9177680
 9178009
 9178089
 9178121
 9178168
 9178637
 9178646
 9178230
 9178640
 9177516
 9111734
 9162171
 9164380
 9165589
 9163771
 9173018
 9170406
 9176932
 9174476
 9175073
 9177399
 9177401
 9180021
 9179421
 1353328
 9130330
 9139991
 9154816
 1321047
 1368775
 9167167
 9172629
 9171651
 9175873
 9164895
 9164152
 9141251
 1318367
 1318120
 9164471
 1318330
 9174160
 9176383
 9179991
 9177626
 9179759
 9177500
 9178136
 9136300
 9153645
 9155851
 9153206
 9159098
 9159129
 1243297
 9165476
 9163147
 9164837
 9168446
 1373199
 9170139
 9174750
 9176757
 9176651
 9176521
 1310898
 9174302
 9173587
 9176381
 9174244
 9174327
 1318377
 9175126
 9176248
 1161306
 9173765
 9176329
 9178941
 9177478
 9177232
 9178652
 9177864
 9177437
 9177961
 1373663
 1373698
 9178217
 9177655
 1377402
 1376894
 1376140
 1296846
 1296850
 9177126
 9177565
 9178740
 1318400
 1318251
 9177435
 9179352
 9179255
 9152727
 9170735
 9175339
 9178090
 9179269
 9178776
 9178780
 1389991
 9177899
 9178298
 9158537
 9162299
 9163543
 9166697
 9166977
 9167027
 9170178
 9172900
 9171912
 9172422
 9172856
 1315768
 9175872
 9175238
 9176788
 9175765
 9176583
 1315793
 9174266
 9175721
 9176135
 9179265
 9179641
 9177507
 9178066
 9180231
 9179428
 9178443
 9177666
 9179427
 9177799
 9179322
 9143318
 9147827
 9160453
 9164227
 9167295
 9170904
 9171033
 1284003
 9171424
 9169975
 9171245
 9171577
 9174180
 9175252
 9175260
 9173557
 9175325
 9176034
 1365957
 9176289
 9176905
 9174137
 9179665
 9179986
 9178989
 9179858
 9177704
 9179695
 9180076
 9178503
 9178751
 1376141
 1235834
 9177272
 9177962
 1362718
 9153651
 9162392
 1362787
 1362344
 9174833
 9178307
 9177903
 9168588
 9170741
 9174925
 9175839
 9178220
 9178635
 9178708
 9179906
 9179684
 9177551
 9177964
 9179174
 9144132
 9157376
 9159743
 9157145
 9162027
 9165161
 9165695
 9168439
 9168594
 9168914
 9172213
 9170817
 9171071
 9176511
 9173517
 9174468
 9175382
 9173395
 9175845
 1273112
 9174024
 9174379
 9176014
 9176450
 9176617
 9174662
 9175835
 9176487
 9176915
 9175061
 9180080
 9177365
 9177776
 9180126
 1322632
 9179405
 9179885
 9178969
 9179638
 9180013
 9177918
 9179217
 9179247
 9178271
 9177303
 9177083
 9177084
 9177183
 9178421
 9178531
 9178762
 9179550
 9179607
 9179676
 9179930
 9179336
 9179426
 9180175
 9180197
 1387355
 9178165
 9180061
 9178392
 9177598
 9178155
 9179938
 9178859
 1376877
 1376890
 1235816
 1235125
 9178795
 9179578
 9179689
 9179616
 9177905
 9178349
 9177408
 9160010
 9180273
 9180274
 9180276
 9165853
 9166614
 1163518
 9177795
 9177889
 9177446
 9179800
 9178984
 1377412
 9179376
 9172331
 9173382
 1367182
 9178093
 9178127
 9178771
 9177829
 9177275
 9178565
 9178385
 9156906
 9157144
 9170632
 9174293
 9113635
 9130752
 9136480
 9136898
 9176347
 9161184
 9165090
 9169173
 9169804
 9170482
 9170653
 9170881
 9172754
 9174751
 9173590
 9175427
 9176556
 9176624
 9176647
 9176689
 9176800
 9176928
 9175489
 9177367
 9179614
 9180043
 9179908
 9178393
 9179281
 9179385
 9179538
 9179809
 9180090
 9178902
 9179107
 9177169
 9177352
 9178096
 9179321
 9179327
 9179536
 9179849
 9179855
 9178760
 9179646
 9178191
 9179267
 9179343
 9178812
 9179424
 1235820
 1296838
 1296839
 1376580
 1235124
 1235129
 9180286
 9180299
 9177190
 9177792
 9178056
 9178557
 9178759
 9178769
 9173165
 1365841
 9179679
 1387362
 9178145
 9176970
 1232079
 9174890
 9175414
 9178556
 1235823
 9166079
 9166082
 9166083
 9166084
 9169843
 9169844
 9169845
 9169847
 9169848
 9151399
 9152224
 9169682
 9173112
 9173114
 9173117
 9173173
 9171624
 9174706
 9176501
 1322626
 9174162
 9176639
 9175601
 9175448
 9176129
 9174615
 9160525
 9165219
 9168308
 9171540
 9171785
 9171957
 9170072
 9171046
 9174164
 9174005
 9174810
 9176733
 9174295
 1377390
 9175569
 1326312
 1326315
 9177140
 9178108
 9179042
 9179659
 9180003
 9180070
 9180088
 9180097
 9180128
 9180161
 9179554
 9180264
 9180270
 9164582
 9169466
 9170233
 9176610
 9175850
 9175068
 9179595
 9179518
 1322513
 9177897
 1373662
 9178280
 9179974
 9180287
 9179788
 9162911
 9144622
 9153348
 9157516
 9158675
 9162414
 9169487
 9172227
 9173529
 9173842
 1364614
 9175342
 9176983
 1373687
 1373692
 9177834
 9178559
 9179674
 9178076
 9178072
 9177455
 9177755
 9178882
 9178857
 9161321
 9175357
 9177880
 9172644
 9172010
 9172648
 9170623
 9171968
 9171260
 9171150
 9173347
 9170425
 9175528
 9175368
 1393349
 9175141
 9175500
 9174489
 9124609
 9147325
 9147351
 9148918
 9176430
 9178360
 9178641
 9180015
 9178413
 9136760
 9136855
 9143663
 9150527
 9152214
 9155746
 9161450
 9161749
 9165244
 1189339
 9163257
 1364346
 9163273
 9167019
 9167266
 9167733
 1297318
 9169454
 9171886
 9171244
 9172043
 9172312
 9172725
 1332605
 1322628
 1273172
 9175863
 9176708
 1189060
 9178747
 9178841
 9179751
 1322631
 9177307
 9180170
 9179507
 9178194
 9177100
 1376587
 1376596
 9177529
 9177462
 9155610
 1393307
 9157366
 9161334
 1393321
 9165856
 9163214
 9173138
 9172772
 1332591
 9174472
 9176797
 9175907
 9167150
 1232083
 9173168
 9170884
 9174769
 9176792
 9163336
 9170388
 1368777
 1368778
 9172549
 9154235
 9157209
 9158405
 1243154
 9164060
 9165417
 9169029
 9168215
 9167738
 9167479
 9171027
 9172835
 9173177
 9170012
 9174887
 9174953
 9175664
 9175706
 9174739
 9174781
 9175761
 9176830
 9175506
 1318371
 9174171
 9178379
 9177596
 9178023
 9179714
 1373694
 9177858
 9179900
 9178340
 9179545
 9180096
 9178073
 9177654
 1235847
 1376570
 1318386
 9179722
 1318197
 9163545
 9169139
 9176726
 9175746
 9177340
 9179963
 9179960
 9135323
 9148487
 9160163
 1160914
 9162772
 9165272
 1304629
 9168456
 9169692
 1377314
 9172283
 9171254
 1377416
 9179473
 9171108
 9174529
 9173904
 9176537
 9174131
 9176214
 9178869
