16-08-13
 9168620
 9175453
 9180931
 9182308
 9183461
 9180928
 9181872
 1318254
 9178427
 1318385
 1318268
 9142019
 1389860
 9151576
 9155460
 9158586
 9159060
 9162647
 9163446
 9168395
 9173215
 9170990
 9176066
 9176405
 9176680
 9176435
 9180078
 9179718
 9179911
 9179810
 1376888
 9183637
 9182646
 9180399
 9182168
 9181109
 1188225
 9183556
 9180998
 9182257
 9180369
 9180807
 9183505
 9181075
 9181154
 9181816
 9174152
 9180913
 9181549
 9182097
 9182829
 9183262
 1377345
 9182858
 9183883
 9182190
 9180877
 9162705
 9144771
 9150494
 9155232
 9155386
 9156874
 9147994
 1358125
 9155552
 9155360
 9160339
 9160652
 9161457
 9161679
 9161711
 9161884
 9161578
 9173616
 9173951
 9177012
 9180502
 9182897
 9182004
 9180800
 9183349
 9155740
 9166808
 9172252
 9172750
 1318139
 9153686
 9157394
 9168450
 9173179
 9174978
 9176840
 9177663
 9177439
 9180163
 9178285
 1393345
 1387358
 9177149
 9177787
 9178865
 9177838
 9178312
 9181475
 9183429
 9183784
 9181813
 9183811
 9183865
 9183923
 9181210
 9181215
 9182201
 9180662
 9180851
 9182763
 9183485
 9183771
 9182324
 9182568
 9183101
 9180922
 9182135
 9181188
 9182473
 9183860
 9183887
 9184005
 1318265
 9182191
 9182072
 9181960
 1318332
 1318355
 1318376
 9149998
 9150001
 9155774
 9166000
 9166022
 9168121
 9173810
 9177900
 9177934
 9182278
 9183553
 9166529
 9172163
 9173391
 1358406
 9184007
 9149960
 9147387
 9155433
 9158695
 9157781
 9157619
 9157290
 9158532
 9157428
 9157442
 9161754
 9164760
 9164337
 9164041
 9164402
 9166634
 9166981
 9167765
 9171490
 9172606
 9175758
 9176844
 9174687
 9173893
 9174313
 9179717
 9178365
 9177878
 1161319
 9179235
 9180418
 9181038
 9183053
 9181918
 9181952
 9182121
 9182321
 9182562
 9182725
 9183094
 9180809
 9183431
 9181761
 9145800
 9155988
 9161550
 9174070
 9161744
 9177402
 9177230
 9179227
 9181439
 9182396
 9182664
 9181491
 9095957
 9121813
 9172360
 9175653
 9174964
 9175192
 9175200
 9175278
 9178390
 9180110
 9178435
 9178724
 9179557
 1296836
 9182953
 9183826
 9182036
 9183695
 9182678
 9181170
 0937190
 9182494
 9182394
 9180833
 9182354
 9166699
 1188033
 9175655
 9174481
 9160096
 1367184
 1367185
 9164206
 9167720
 9173340
 9159111
 9156617
 9164068
 9165320
 9168397
 9172520
 9174135
 9179571
 9177416
 9179033
 9179320
 9181946
 9183542
 9183626
 9183419
 9183541
 9181820
 9183438
 9181234
 9181836
 9182491
 9183122
 9181898
 9182165
 9183153
 1163519
 1318172
 9159963
 1318188
 9162067
 9163909
 9163821
 9175508
 9173665
 9178189
 9177448
 9178095
 1376896
 1235826
 9180485
 9181793
 9181050
 9181875
 9183038
 9183911
 9181743
 9161387
 9167178
 9171258
 9175078
 9181114
 9181293
 9181405
 9182541
 9182316
 1317864
 1188044
 9180752
 9182673
 9181565
 9183271
 9181119
 9146129
 9149365
 9156934
 9164136
 9171926
 9177842
 9180006
 1387360
 9183172
 9183452
 1387365
 9152554
 9159230
 9157475
 9175921
 9175826
 9174704
 9177395
 9177872
 9178498
 9181765
 9181489
 9182574
 1365980
 9181441
 9183502
 9154462
 9160404
 9164130
 9169799
 9172270
 9174805
 9176615
 9174812
 9175300
 9179479
 9178840
 9178206
 9179410
 9183238
 9180387
 9180393
 9181756
 9181876
 9182179
 9182952
 9183775
 9180723
 1188228
 1188230
 1317858
 1317859
 9181844
 9182358
 9182501
 9183651
 9181584
 9177843
 9178272
 9182712
 1368360
 9148151
 9148492
 9156953
 9160878
 9164238
 9164826
 9168836
 9166571
 9171014
 9176297
 9175571
 9174657
 9174958
 9176160
 9177808
 9177771
 9178988
 9179106
 9179971
 9179178
 9179907
 9178188
 9180039
 9178142
 9178950
 9178122
 9178082
 9179220
 9182531
 9183345
 9183231
 9183813
 9182848
 9180864
 9181306
 9182281
 9182900
 9183607
 9181695
 9181873
 9141585
 9167372
 9170918
 9174555
 1224779
 9174951
 9176971
 9178963
 9177646
 9177086
 9182813
 1322717
 9180939
 9181601
 9182522
 1224780
 9180929
 9181350
 9181494
 9182211
 9182469
 9182480
 9182914
 9183311
 9183389
 9183663
 9180727
 9183756
 9183972
 1188226
 9183352
 9181847
 9181720
 9182641
 9182906
 9183381
 9182792
 9180878
 9183229
 9183416
 9180860
 9182206
 9183149
 9147446
 9148419
 9146824
 9150153
 9155385
 9159643
 9164403
 1318339
 9169908
 9172512
 9174027
 9176727
 9175005
 9180143
 9178881
 1235130
 1376573
 9178021
 9180336
 9183396
 9183830
 9183834
 9181611
 9181916
 9180804
 9182218
 9183027
 9183702
 9181359
 1387364
 9180934
 9180698
 9183492
 9182221
 9184034
 9184042
 9183980
 9163906
 1224774
 9169699
 1297319
 9169124
 9169123
 9170187
 9170652
 9172760
 9172231
 9171291
 9173578
 1224776
 9173871
 9175984
 9177846
 9178783
 9179372
 9178833
 1317867
 9162765
 9170014
 1332585
 9153579
 9166038
 9169561
 9166718
 9175486
 9175625
 9178135
 9099241
 9146537
 9151879
 9152552
 9155991
 9176507
 9176929
 9178301
 9180984
 9182765
 1318058
 9153358
 9153343
 9155555
 9162311
 9168741
 9167346
 1232080
 9171454
 9170338
 1322620
 1364637
 9176219
 9176087
 9178043
 9178523
 1373669
 1353325
 9179588
 9179931
 1161317
 9177956
 9177318
 9182286
 9182373
 9182662
 9181258
 9182703
 1377211
 9182551
 9182293
 9183338
 9183892
 9183564
 9183131
 1161323
 1161328
 1161329
 9181309
 9177522
 9179756
 1188227
 9181087
 9181867
 1315656
 1315659
 9181616
 9148692
 9154061
 9159928
 9174839
 9174272
 1310387
 9173562
 1365837
 9174459
 9174423
 9177738
 9178520
 9180081
 9180144
 9178839
 9177550
 9179108
 9177828
 9177349
 9179657
 9182028
 9181090
 9181196
 9181235
 9180822
 9142018
 9148615
 9150539
 9153603
 1297716
 9164131
 9167628
 9169794
 9170392
 9172294
 9173839
 9176306
 9177141
 9178593
 9179609
 9178854
 9179257
 9178044
 9178800
 9180262
 9179355
 1322716
 9183881
 9182517
 9182949
 9180858
 9182384
 9182797
 1284074
 9181303
 9183440
 1387367
 9182051
 9182104
 9182342
 9183249
 9183518
 9181302
 9127252
 9155967
 9167847
 9172723
 9171175
 9175188
 9180283
 9179687
 9174587
 9174987
 9181077
 9182063
 9182073
 9182748
 9183925
 9183536
 9183699
 1377206
 9159351
 9157700
 9169354
 9167088
 9174368
 9173488
 9176053
 9179050
 9177915
 9178951
 9179094
 9179024
 1387361
 9178775
 9181166
 9182092
 9182508
 9182671
 9183423
 9183436
 9182509
 9182696
 9183409
 9181840
 9182701
 9183203
 9182603
 9181683
 9181719
 9182566
 9183455
 9183634
 9183951
 9181839
 9182598
 9183753
 9183820
 1317866
 9182002
 9181544
 9181681
 9182958
 9180923
 9181602
 9182275
 9182327
 9181005
 9181815
 9182337
 9181976
 9181992
 9174288
 9175521
 9173728
 9173946
 9174885
 9182460
 9183983
 1322702
 9181250
 9182855
 9181625
 9182374
 1317857
 9180530
 9181332
 9182062
 9183776
 9183343
 1377433
 9182973
 9181208
 9181278
 9164460
 9173183
 9173861
 9174114
 9174418
 9174031
 9178250
 9182612
 9182412
 9182059
 9181230
 9183612
 9183378
 9183392
 9181400
 9143583
 1389970
 1322602
 9162661
 9168373
 9169768
 9184004
 9168749
 9171869
 9171908
 9171055
 9172244
 9172559
 9174456
 9178514
 9178511
 9178329
 1296835
 9181613
 9182827
 9183111
 9183664
 9183890
 9182997
 9183400
 9183708
 9181192
 9181221
 9182942
 9182761
 9183534
 9181467
 9181478
 9181700
 9182232
 9182540
 9182571
 9182675
 9182730
 9182982
 9183173
 9183533
 9181139
 9182330
 9182644
 9180596
 9182301
 9183524
 9183730
 1365977
 9181321
 9183915
 9182009
 1318271
 9180927
 9182643
 9183666
 9183487
 9182835
 9181832
 9165655
 9168181
 9169771
 9171821
 9170360
 9178876
 9179566
 9180271
 9180291
 9181009
 9181240
 9181193
 9181375
 9183185
 9180630
 1188049
 9169857
 9180323
 9150470
 1284022
 9178816
 9179471
 9183399
 9180886
 9153825
 9155194
 9153321
 9156376
 9160097
 1224777
 9145197
 9144928
 1209410
 9157448
 9162291
 9160887
 9162575
 1364343
 9161476
 9160885
 9161176
 9163598
 9163715
 9165779
 9163757
 9168467
 9169604
 9166315
 9171923
 9173257
 1377368
 9172715
 9176519
 9175699
 9176149
 9177546
 9179923
 9178805
 9179121
 9179701
 9179815
 9179639
 9180086
 9178181
 9179417
 9180202
 9178706
 9143968
 9169728
 9174728
 9176622
 9176712
 1315794
 1326316
 9177627
 9180091
 9177413
 9178590
 9178600
 9179334
 1332629
 9180540
 9182592
 9183382
 9183562
 9183960
 9146276
 9144058
 9148043
 9151016
 9150582
 9155947
 9154062
 9154862
 9156099
 9157559
 9156648
 9157018
 9158141
 9158519
 1194695
 9157357
 9159260
 9160505
 9161762
 9162133
 1318302
 1318309
 9160159
 9160296
 9162312
 9164944
 1322612
 9165233
 0937178
 9164606
 1284277
 9165254
 9163325
 9164323
 9165622
 9162953
 9163026
 9163847
 9164112
 9164122
 9165545
 9166531
 9167758
 9168265
 9169621
 9169292
 1373189
 9167827
 9169714
 1359679
 9167224
 9168112
 1318346
 9168579
 9166400
 9170144
 9171915
 9171299
 9171506
 9172467
 9171501
 9171796
 9171303
 9171243
 9172712
 9171078
 9170871
 9171124
 9170970
 9171718
 9176146
 9174102
 1373603
 1373635
 9173567
 9173793
 9173458
 9173527
 9174419
 9176577
 9174932
 9175096
 9174136
 9173732
 9175613
 9177055
 9179866
 9178266
 9179776
 9177859
 9177868
 9178850
 9177763
 9179998
 9177105
 9177824
 1377418
 9179013
 9177029
 9177129
 9179088
 9181817
 9182599
 9183693
 9181282
 1188043
 9180943
 9183264
 9182307
 9181893
 9182199
 9183743
 9180889
 9149155
 9165453
 9172100
 9171829
 9174513
 9182779
 9158364
 9163879
 9165542
 9167265
 9172099
 9173565
 9175373
 9176281
 9173747
 9178772
 9178158
 9178071
 1284026
 9179243
 9177778
 1376875
 9177633
 9178929
 9177200
 9179510
 1351754
 9180427
 9180716
 9181028
 9183668
 9181507
 9181571
 9181750
 9180842
 9181835
 9181674
 9172379
 9177811
 9180000
 9181680
 9183843
 9156125
 1322619
 9166534
 9173555
 9175064
 9178618
 9180098
 9179216
 1322636
 9180516
 1240468
 9183198
 9155492
 9168178
 9166457
 9169020
 9172050
 9172738
 9174411
 9175730
 9175553
 9179270
 9177765
 9177541
 9177705
 9178947
 1310394
 9177823
 9179158
 9177791
 1376871
 1235818
 1235849
 9178697
 9179400
 9178471
 9182742
 9183355
 9181792
 9180897
 9181096
 9181542
 9181958
 9182576
 9182615
 9182921
 9183081
 9181552
 9181056
 9181313
 9181108
 1010077
 9180756
 9182427
 9165088
 9165323
 9172480
 9173064
 9176783
 9175482
 9179857
 9178965
 9178994
 9179683
 9179994
 9178948
 9179879
 9180111
 9178486
 9178201
 9178875
 9177623
 9179716
 9181973
 9182802
 9183402
 1322706
 9182313
 9182688
 9182947
 9182955
 9180732
 9181147
 9183078
 9183752
 9180920
 9181327
 9182467
 9181162
 9181547
 9182757
 9182824
 9180983
 9156225
 9168429
 9167211
 9150498
 9166527
 9171586
 9174823
 9175244
 9173818
 9177404
 9177850
 9177957
 9179166
 9180129
 9178005
 9178515
 9180281
 9178837
 9177192
 9178449
 9181112
 9181662
 9181392
 9183003
 9181092
 9178938
 9179063
 9179824
 9179947
 9179224
 9178913
 1315715
 9180277
 9177426
 9183254
 9183633
 9181576
 9163395
 9167175
 9166301
 9170834
 1188247
 9178622
 9117338
 9171702
 9170005
 9172284
 9174595
 9176916
 9178975
 9179390
 9178253
 9177944
 9178500
 9178341
 9181081
 9181115
 9181267
 9181664
 9182989
 9182626
 9183292
 9183846
 9181348
 9183287
 9183093
 1188233
 9183136
 9182705
 9181884
 9180589
 1344908
 9181944
 1364612
 9174788
 9176235
 9179493
 9178313
 9180269
 9177820
 9179000
 1322718
 9143933
 9146488
 9160349
 9177945
 9183103
 9181684
 9153543
 9162238
 9179791
 T900003129
 T900019637
