 16-08-15
 9155693
 9169566
 9174144
 9175274
 9181514
 9186950
 9187443
 9186004
 9172204
 9174030
 9174792
 9178437
 1318387
 9181996
 1318262
 9184521
 9185373
 9186810
 9125226
 1322449
 9142821
 9141308
 9141775
 9145511
 9146147
 9144391
 9146156
 9147621
 9147982
 9149298
 9149374
 1358144
 9149455
 9150826
 9150244
 9154623
 9155175
 9159654
 9157964
 9157833
 9158003
 9166793
 9173069
 9175759
 9176386
 9180827
 9180992
 9180626
 9182885
 9183013
 9187716
 9185664
 9187365
 9184479
 9184682
 9186111
 9186889
 9187138
 9184903
 9184442
 9185821
 9186593
 1163768
 9182894
 9182990
 9186675
 9186776
 9186946
 9187281
 9187416
 9184958
 9186525
 9152550
 9184780
 9185320
 9186078
 9186763
 9186739
 9186820
 9187018
 9184196
 9185948
 1163776
 1163778
 9159512
 9165972
 9167006
 9172031
 9175475
 9176855
 1322482
 9171359
 9173560
 9170671
 9170913
 9171242
 9171329
 9171582
 9171742
 9171867
 9172761
 1205218
 9174209
 9174921
 9175857
 9176459
 9175540
 9175679
 9175853
 9175505
 9175626
 9181735
 9186722
 9184191
 9184195
 9184322
 9185859
 9165073
 9164473
 9172458
 9170301
 9174943
 9176303
 9169849
 9169850
 9171787
 9178487
 1324964
 1318168
 1318173
 1318193
 9159579
 9163874
 9166985
 9175233
 9176682
 9175703
 9176399
 9177509
 9179072
 9179905
 1387354
 9181164
 9182446
 9181246
 9185572
 9184899
 9185432
 9186500
 9186517
 9187642
 9187326
 9186730
 9184640
 9184331
 9185462
 9185576
 9184475
 9185045
 9185123
 9185640
 9186789
 9187157
 9184542
 9187667
 9186707
 1387363
 1393336
 1387369
 9186272
 9185752
 9185755
 9185959
 9184922
 9186764
 9184503
 1326133
 9141730
 9141153
 9146535
 9151569
 9160032
 9159270
 9159982
 9160009
 9165563
 9167697
 9177917
 9187927
 9149122
 9148417
 9157895
 9159525
 1368385
 9168029
 9180007
 9179808
 9178223
 1161313
 9179360
 9180656
 9181908
 1161325
 9185366
 9185452
 9186029
 9186253
 9186409
 9185632
 9187684
 9185905
 9177634
 9154607
 9154999
 9156063
 9167583
 9175089
 9178998
 9178634
 9183161
 9183465
 9184214
 9185129
 9185440
 9185517
 9184416
 9121045
 9144553
 9155530
 1373096
 1373098
 9154562
 9157738
 9168646
 9167248
 9172497
 1205230
 9178417
 9180027
 1364558
 1322703
 9180394
 9181370
 9183361
 9180926
 9182739
 9183793
 9184915
 9186915
 9185970
 9186501
 9185192
 9184838
 9185177
 9175246
 1318389
 9155841
 1377425
 9181420
 9181697
 9183327
 9184009
 9181443
 9186108
 9187167
 9187212
 9187773
 9187148
 9187413
 1387373
 9185491
 9184420
 1163543
 1315677
 9158815
 9174063
 9177350
 9179323
 1376874
 9181621
 9181760
 9181374
 9180930
 9185245
 9185079
 9185091
 9187171
 1377227
 9185425
 9179339
 9182163
 9181029
 9183620
 9184809
 9185728
 9186041
 9186211
 9186922
 9187300
 9187382
 9184777
 9185879
 9186666
 1364572
 9184911
 9185687
 9187292
 9185418
 1377436
 9171918
 9178249
 9181473
 9163576
 9166896
 9170776
 9175868
 9173983
 9179366
 9177845
 9177160
 9177801
 9179540
 9181019
 9183725
 9181171
 9185352
 9186631
 9185683
 9185882
 9186934
 1353062
 9186863
 9187446
 9184419
 9164145
 9168799
 9171761
 9179460
 9177334
 9178737
 9179478
 9182940
 9182787
 9182212
 9184181
 9185510
 1224785
 9186043
 9186129
 9187082
 9186374
 9185983
 9187282
 9184872
 9186106
 9186334
 9182717
 9185695
 1243746
 9185535
 9187084
 9137371
 9137585
 9147237
 9150675
 9155226
 9161042
 9162104
 9162520
 9162541
 9160883
 9164988
 9166279
 9172425
 1351237
 9176489
 9175027
 9176173
 1232091
 9178140
 9178889
 9179467
 1377424
 9178782
 9181231
 9181285
 9183782
 1317855
 9182338
 9182776
 9183087
 9183261
 9183596
 1377438
 9184010
 9183004
 9187263
 9185856
 9185255
 9186625
 0775792
 9185719
 9184908
 9185335
 9184599
 9185778
 1163781
 9185213
 9187329
 9168835
 9171034
 9178940
 9179865
 1318379
 9177958
 9181801
 9181328
 1318266
 9184393
 9187095
 9184456
 9184514
 9185195
 9185270
 9185646
 9186223
 9186708
 9186838
 9185858
 9186308
 9184445
 9185012
 9184228
 9184611
 9185330
 9185845
 9186322
 9186354
 9186585
 9186962
 9187164
 9187561
 1382956
 9185610
 9184716
 9184884
 9142190
 9152319
 9152797
 9154877
 9159629
 9164923
 9173610
 9174319
 9178538
 9180293
 9183560
 9183566
 9181798
 9183008
 9183678
 9182881
 9182849
 9181703
 1318269
 9186512
 9185401
 9186393
 9187833
 9187694
 9186923
 1353058
 9186366
 9067143
 1332830
 9178412
 9187467
 1387356
 9152774
 9182833
 9186085
 9185908
 1318280
 1358120
 9150472
 9154437
 1272772
 9170462
 9171255
 9173726
 9174952
 9175648
 9177229
 9178288
 9178077
 9179902
 9180477
 9180844
 9182164
 1240466
 9182564
 9180932
 9184014
 9181690
 9183079
 9181094
 9181693
 9184179
 9184368
 9184965
 9186647
 9187290
 9187296
 9185095
 1373427
 9186058
 9187584
 9187617
 9184659
 1318279
 9187035
 9187175
 1163531
 9187304
 9180658
 9183062
 9182044
 9187789
 9185806
 9187419
 1389656
 1315667
 9185503
 9185022
 9185836
 9139408
 9139727
 9144168
 9171621
 9171026
 9178933
 9179972
 9178109
 9179801
 9179291
 9181707
 9181402
 9183548
 9181846
 9181024
 9183121
 9182087
 9182587
 9183697
 1188224
 9181579
 9181857
 9182674
 9183638
 1377449
 1315652
 9185312
 9185651
 9186762
 9187379
 9187650
 9187136
 9187756
 9148954
 9170867
 9178233
 9178389
 9180036
 9178366
 9183118
 9183022
 9184068
 9182180
 9182842
 9183041
 9183189
 1377435
 9181124
 9183576
 9184174
 9185463
 9186416
 9187711
 9185807
 9186218
 1373429
 1373434
 9184245
 9187396
 9185580
 9186661
 9180977
 1317856
 9183171
 9172711
 9177371
 9177786
 9180324
 9181553
 9182784
 1188240
 9183427
 9183692
 9187681
 9186989
 9185861
 9186548
 9187469
 9186888
 9182054
 9181658
 1377448
 9183190
 9185439
 9170239
 9174743
 9173456
 9177597
 9179577
 9181830
 9182294
 9183468
 9183803
 1318263
 9181596
 9182362
 9180577
 9186493
 9185469
 9185545
 9186562
 9187547
 9187878
 9187372
 9187389
 9185160
 9186332
 9187589
 9185745
 9185867
 9186880
 9186566
 9186665
 9184773
 9186952
 9186972
 9187247
 9187592
 9185757
 9187003
 9187563
 9185154
 9185913
 9186050
 9185488
 9186509
 9186082
 9187565
 9187866
 9187910
 9186882
 9184666
 9185660
 9183418
 9184029
 9186057
 9187943
 9181151
 9185729
 9186333
 9185325
 9187740
 9185595
 9185767
 1377235
 1367172
 1367173
 1367176
 1367187
 1367188
 9181617
 9183336
 1367191
 9182853
 9186890
 9185529
 9184845
 9185524
 9177987
 9177356
 9181831
 9181430
 9181985
 9181757
 9182383
 9182656
 9182668
 9180615
 9187445
 9185306
 9185674
 9139761
 9152491
 9152341
 1367162
 9169560
 1284020
 9183351
 9183435
 9182915
 9184260
 9184409
 9184920
 9187750
 9185309
 9186338
 9187285
 9187638
 9187713
 9187850
 9186408
 9185156
 9185380
 9185715
 9185565
 9184305
 9184963
 9186392
 9186656
 9186464
 9185538
 9184935
 9186800
 9186811
 9187414
 9186604
 9187238
 9187192
 9184866
 9187056
 9187911
 9185247
 9185259
 9186264
 9187310
 1163545
 1163754
 1326136
 9185436
 9186557
 9163024
 9167591
 9170744
 9171620
 9172177
 9176517
 9174454
 9178993
 9179967
 9182421
 9183120
 9183230
 9183647
 9182549
 9183366
 9185220
 9187856
 9187123
 9187799
 9187463
 9184661
 9184835
 9186960
 9185553
 9187026
 9186693
 9186954
 9173371
 9173373
 9173374
 9174307
 9175632
 9176965
 9176967
 9158423
 9158337
 9161732
 9167318
 9155445
 9169909
 9179999
 9178260
 9179398
 9183019
 9183088
 9182506
 9182069
 9183549
 9183503
 1315655
 9180553
 9180959
 9182786
 9186864
 9185628
 9186966
 9187118
 9187759
 9186053
 9187670
 9184255
 9184397
 9145964
 9144976
 9146501
 9146545
 9148536
 9149438
 9148427
 9152333
 9151095
 9150686
 9153175
 9154168
 9154835
 9152864
 1324861
 9154284
 9158883
 9166219
 9166491
 9169781
 9169800
 9170850
 9173822
 9174192
 9176721
 9175122
 9175066
 9176911
 9179134
 9179451
 9183408
 9181600
 9183869
 9181423
 9182596
 9183176
 9183193
 9183777
 9181011
 1377450
 9181452
 9184019
 9183977
 9184831
 9184439
 9186891
 1191976
 9186597
 9186615
 9186872
 9185393
 9184546
 9184877
 9184650
 9186651
 9149614
 9159694
 9159210
 9158624
 9177261
 9182440
 9181987
 1284073
 9183181
 9183339
 9184760
 1373439
 9187061
 9187636
 9187867
 9185690
 9185931
 9187497
 9186281
 9187311
 9186567
 9185933
 9184851
 9187119
 9185713
 1224770
 9183764
 9186391
 9187386
 9187798
 9146512
 9157685
 9158851
 1376892
 1296845
 9180748
 9183665
 9182877
 9183109
 9181790
 9182434
 9184496
 9185548
 9186030
 9186759
 9187403
 1377241
 9186208
 9185185
 9187193
 1321167
 1321200
 1318021
 9142037
 9143082
 9144071
 9144318
 9146979
 9155122
 1318176
 1318181
 9160938
 9165152
 9165172
 9164159
 9166747
 9167380
 9168537
 9168559
 9168586
 9171097
 9172679
 9173282
 9171239
 9174249
 9173794
 9176420
 9177848
 9177924
 9177054
 1224781
 9183295
 9181209
 9180549
 9184092
 9186887
 9185292
 9185828
 9185760
 9187336
 9185056
 9184819
 9186798
 9143585
 9144113
 9152527
 9159109
 9162750
 9164438
 9163274
 9175504
 9179445
 9181283
 9159543
 9160556
 9173243
 9170207
 9178831
 9177253
 9177518
 9181369
 9181178
 9181216
 1377250
 9187436
 9187405
 9187228
 9185498
 1318285
 9186119
 9152549
 9154358
 9167864
 9166620
 9172910
 9172314
 9176704
 9174365
 1373552
 9175237
 9179311
 9179715
 9181628
 9181637
 9181822
 9182422
 9183731
 9181415
 9181479
 9182150
 9181701
 9182003
 9182498
 9181378
 9180965
 9183055
 9185378
 9186237
 9187555
 9185742
 9185874
 9186660
 9186737
 9185938
 9185231
 9186091
 9187673
 9187763
 9186401
 9186414
 9185289
 9185702
 9187574
 9185626
 9187697
 1365849
 9185311
 9187177
 9187496
 9184193
 1163548
 9184860
 9186640
 1318368
 9181194
 9183648
 9181408
 9181819
 9180351
 9184876
 9187577
 1387370
 9162398
 9163988
 1297312
16-8-15
 9169236
 9169981
 9173390
 9177789
 9177885
 9177907
 9181107
 9182471
 9183434
 9180735
 9185901
 9186013
 9185716
 9171056
 9175351
 9176778
 9181255
 9183383
 1317861
 9182224
 1382920
 9184227
 9184262
 9184263