 16-08-16
 T900003132
 T900007967
 9182413
 9185605
 9189345
 9189420
 9191287
 9191565
 9188451
 9195066
 9194073
 9194058
 9173134
 9178888
 9182575
 9185367
 9187481
 1318284
 9192734
 9194803
 9192158
 9194322
 9162192
 9165438
 9169580
 9168733
 9168949
 9169092
 9174777
 1284021
 9181111
 9187640
 9184680
 9187585
 9189911
 9191211
 9191306
 9191420
 9188413
 9189945
 9189977
 9191927
 9192778
 9194615
 1322646
 9195223
 9192301
 1373029
 9193097
 9191895
 9192761
 9193923
 9194178
 1387389
 9191990
 9191835
 9193413
 1377151
 9195294
 9195400
 9192631
 9194719
 9170378
 9183712
 9190740
 9168773
 9189178
 9194994
 9195127
 9193772
 1243187
 9188727
 9190077
 9189826
 9164938
 9169326
 9152709
 1243294
 9164284
 9163009
 9163011
 9166706
 9168332
 9170063
 9170017
 9176390
 9191413
 1357525
 9193515
 9180313
 9180320
 9183270
 1317853
 1317863
 9180443
 9182476
 9183417
 9181742
 9181206
 9183283
 9187822
 9186786
 9185301
 9187631
 9189583
 9191529
 1377075
 9188021
 9195409
 9192743
 9194873
 9195068
 9194402
 9193720
 9194677
 9194832
 9195081
 9191942
 9195203
 9194996
 9195200
 9191999
 9193679
 9192609
 9195199
 9194452
 9194883
 9194392
 9192355
 9192482
 9195397
 9195399
 1367312
 9194742
 9192269
 9170642
 9179353
 9185546
 9186309
 9184605
 9191493
 1379836
 9185918
 9193892
 9161987
 9172300
 9174101
 9175076
 9179662
 9183237
 9187360
 9185894
 9186095
 9186128
 9190845
 9188662
 9192386
 9193091
 9193890
 9194793
 9192712
 9192832
 9192900
 9192666
 9176934
 9181051
 9182455
 9182462
 9181911
 9183156
 9184306
 9186541
 9188066
 9189756
 9190268
 9190318
 9194995
 9164423
 9167196
 9169965
 9176121
 9177548
 9183481
 9185225
 9186734
 9186793
 9189832
 9190223
 1364575
 9194015
 9191768
 9192372
 1373013
 1373015
 9191986
 1361833
 9194176
 9193064
 9193471
 9193119
 9188398
 9188584
 9180295
 9175780
 9180421
 9183611
 9193489
 9192298
 9192736
 9192784
 9195207
 9195158
 9193223
 9193708
 9194318
 9194780
 9194839
 9192754
 9195142
 9193146
 9194225
 9183341
 9186993
 9190637
 9188157
 9194589
 9164400
 9181636
 9183475
 9187094
 9188419
 9189266
 9188346
 9190656
 9191497
 9193234
 9193245
 9192051
 9194701
 9195160
 9192162
 9181281
 9187641
 9186022
 9186099
 9186618
 9192399
 9192762
 9193167
 9193919
 9192370
 9195035
 9192654
 9193753
 9192787
 9192341
 9175778
 9181102
 9181752
 9182419
 9187301
 9192412
 9192568
 9194967
 9195034
 9195126
 9169038
 9175348
 9180703
 9187493
 9189210
 9190207
 9189457
 9190605
 9195024
 9192174
 9193994
 9194534
 9195339
 9195001
 9192588
 1377156
 1377170
 1365998
 9193208
 9192314
 9156741
 9168019
 9169224
 9171723
 9179529
 9181069
 9182091
 9183501
 1384151
 9186453
 9184398
 9190442
 9190002
 9190977
 9195019
 9192366
 9193252
 9193872
 9194558
 9194205
 9194858
 9156742
 1189051
 9174233
 9179483
 9178051
 9179628
 9178481
 9177630
 9181237
 9182864
 9182225
 9187501
 9186821
 9187390
 0775789
 9185531
 1324514
 9186574
 1163756
 1163764
 9185516
 9189605
 9191404
 9190685
 9189114
 9191019
 9189204
 9190737
 1377092
 9189170
 9190163
 9189336
 9189395
 9189481
 9190552
 9188613
 9188714
 9190693
 9192076
 9193105
 9195216
 9192618
 9193359
 9194077
 9194585
 9195260
 9194345
 9193179
 9193257
 9192839
 9192603
 9192014
 9194102
 9163674
 9174559
 9184552
 9187608
 9187754
 9191366
 9191617
 9190792
 9194090
 9192252
 9193266
 9192634
 9192965
 9194467
 9194489
 9192542
 9193686
 9193951
 9192502
 9193221
 9192751
 9194784
 9192648
 9194540
 9192426
 9193304
 9193961
 9192999
 9193307
 1232073
 9168855
 9167650
 9178923
 9180068
 9180991
 9181768
 9183732
 1188243
 9181827
 9184036
 9181349
 9186533
 9184485
 1387371
 9186649
 9191190
 9190969
 1387378
 9195436
 9192592
 9194905
 9193616
 9193867
 9195175
 9150281
 9154680
 9188001
 9189342
 9190522
 1368797
 9189540
 9189554
 9192637
 9194457
 9188003
 9193594
 9193324
 9191869
 9192309
 9194166
 9173902
 9175438
 1310392
 9181201
 9183143
 1315665
 9191502
 9188968
 9188375
 9190076
 9189805
 9188735
 9190730
 9191110
 9189132
 9190135
 9190452
 9190933
 9188454
 9188457
 9188647
 9190816
 9188339
 9190331
 9192395
 9192789
 9193447
 9193640
 9193889
 9194898
 9195090
 9195276
 9192922
 9193255
 1373014
 9193562
 9194141
 9194951
 1389838
 9193284
 9192564
 9192983
 1373034
 9193291
 9192205
 9194292
 9194564
 9167359
 9168572
 9175733
 9183168
 9181791
 9182495
 9185883
 9186254
 9185082
 9184883
 9186920
 9190459
 9190714
 9190185
 9189430
 9189413
 9189893
 9190589
 9191423
 9190049
 9188208
 9189244
 9193053
 9193623
 9192700
 9194023
 9194037
 9195208
 9193571
 9194242
 9193278
 9194819
 9167353
 9178779
 1235815
 1376578
 9180034
 9185136
 9187241
 9187248
 9187909
 9184197
 9185033
 9186319
 9188965
 9188894
 9188912
 9188812
 9189847
 9188477
 9189383
 9190575
 9191111
 9193002
 9192659
 9193268
 9192285
 9194507
 9195402
 1243188
 1243189
 1326326
 1382718
 1297805
 9133518
 9136452
 1297773
 9134093
 9142868
 9141144
 1368364
 1232858
 9147353
 1209417
 1297971
 9149516
 9150525
 9156121
 9156073
 9154907
 9154369
 9157560
 9158618
 9156409
 9165075
 9168551
 9169090
 9174811
 9177267
 9177344
 9177740
 9179319
 9177576
 1010074
 1317868
 9184025
 9186145
 9187423
 9188527
 1361819
 9190292
 9191199
 1010085
 9193579
 9158431
 1010336
 9185420
 9189031
 9191053
 9190271
 9190596
 9189873
 9189887
 9189235
 9195080
 9194713
 9194718
 9193031
 9193558
 9176906
 9179304
 9179146
 9181227
 9184048
 9182439
 9184037
 9183139
 9186504
 9186996
 9186398
 9186799
 9187450
 9186973
 9190934
 9188230
 9188290
 9190891
 9188439
 9191195
 9191315
 9191352
 9190359
 9192106
 9192257
 9192326
 9193454
 9194216
 9194488
 9195228
 9192920
 9193593
 9193740
 9194592
 9195232
 9195241
 9192927
 9193018
 9193641
 9193508
 9192097
 9192640
 9193210
 9193287
 9193427
 9193441
 9193822
 9195285
 9192389
 9193209
 9195053
 9192042
 9192402
 9193789
 9193013
 9177587
 9181276
 9185193
 9191644
 9191648
 9192626
 9185635
 1368795
 9191116
 9190550
 9190566
 9190579
 9190613
 9190167
 1317871
 9189852
 9189281
 9189913
 9189985
 9189023
 9190336
 9193370
 9193698
 9194626
 9192942
 9192956
 9192961
 9193009
 9193280
 9193555
 9194222
 9193269
 9193390
 9194582
 9193135
 9193945
 9193496
 9193730
 9193275
 9185205
 9189066
 9189370
 9189636
 9191392
 9188765
 9193990
 9194932
 9193246
 9192714
 9194105
 9192717
 9192838
 9194569
 9190315
 9189227
 9189422
 9193438
 9192340
 9192020
 9192759
 9192535
 9193058
 9195069
 9191787
 9191931
 9180294
 1365976
 9187915
 9180296
 9182604
 9181121
 9183051
 9183421
 9186587
 9191277
 9188604
 9191092
 9189304
 9191120
 9191326
 9190117
 9188433
 9190453
 9190760
 9188652
 9189196
 9191628
 9189324
 9190025
 9192963
 1351779
 9192872
 9193190
 9193904
 9194025
 9194071
 9193592
 9191957
 9192268
 9193434
 9195026
 9192935
 9192251
 9193467
 9193510
 9193883
 9194671
 9194808
 9195222
 9192715
 9194969
 1387390
 1387382
 9192384
 9194254
 9192276
 9194929
 1377163
 9192089
 9192803
 9194498
 9191897
 9191919
 9192105
 9192110
 9192114
 9193939
 9193226
 9192919
 9193084
 9193682
 9177394
 9177255
 9185206
 9194240
 9192767
 9184776
 9188228
 9191047
 9191189
 9195388
 9193147
 9194161
 9194406
 9193232
 1389997
 9195104
 9194187
 9165484
 9181057
 9182177
 9182453
 9183213
 9185389
 9187321
 9187357
 9190179
 9191074
 9191410
 9191480
 9191498
 9189156
 9189570
 9191124
 9191134
 9190128
 9188911
 9190253
 9190103
 9190716
 9190860
 9191526
 9191545
 1357510
 9188491
 9190220
 9189720
 9191344
 9191577
 9194365
 9195112
 9192660
 9193526
 9194389
 9195120
 9192518
 1377172
 9192905
 9194126
 9194492
 9192368
 9165101
 9170154
 9176274
 9175507
 9178658
 9178113
 9184482
 9184998
 9187873
 9185355
 1377229
 1163769
 9190973
 9189946
 9189678
 9188521
 9190670
 9191038
 9191138
 1377058
 1377059
 9191629
 9188703
 9192823
 9192892
 9194975
 9193453
 1373007
 1373018
 9192333
 9192546
 9194070
 9194372
 1389999
 9195403
 9193482
 9173333
 9173346
 9180267
 9184040
 9191431
 9179454
 9183235
 1273124
 9188476
 9190554
 9189120
 1357836
 9188308
 9188858
 9191742
 9192400
 9192282
 9192817
 9192231
 9192585
 9192857
 9195082
 9188678
 9187758
 9189113
 9194148
 9193831
 9170648
 9182681
 1284072
 9181728
 1322641
 9184630
 1364568
 9193310
 9171284
 9173899
 9175902
 9176358
 9175889
 1325032
 9177720
 9179669
 9179455
 9183141
 9180830
 9186427
 9184913
 9184424
 9184565
 9185300
 9185597
 9185621
 9186437
 9186867
 9185111
 9191676
 9189683
 9188401
 9189587
 9190266
 9191370
 9189613
 9189104
 9189086
 9189984
 9190007
 9190957
 9190383
 9189752
 9190622
 1351766
 9195010
 9193922
 9192682
 9194033
 9193336
 9194811
 9195130
 9192493
 9194136
 9194781
 9195039
 1297592
 9193470
 9193737
 9194735
 9194782
 9194814
 9192650
 9194208
 9194644
 9194715
 1010090
 9195006
 9192828
 9192909
 9193655
 9194204
 9193309
 9166367
 9187140
 9186653
 9189536
 9190840
 9188729
 9191346
 9190160
 9188771
 9189074
 9190703
 9193137
 9194469
 9179402
 1318281
 9165352
 9171516
 9180724
 9182970
 9187362
 9186858
 9188548
 1387376
 1351775
 9192794
 9193936
 9194710
 9195289
 9194842
 9193609
 9192364
 9193219
 9194548
 9192622
 9174351
 9179084
 9178946
 9190638
 9190225
 1377052
 9190875
 9190415
 9192656
 9194559
 9195030
 9193827
 9191826
 9167449
 9168322
 9167707
 9170246
 9183369
 9187871
 9185145
 9185128
 9186033
 9191178
 9181638
 1377233
 9185563
 9190495
 9191237
 9177079
 9177445
 9181122
 9186325
 9187394
 1357511
 9189009
 9189938
 9190625
 9191171
 9188549
 9188697
 9190180
 9188084
 9191767
 9192918
 9193807
 9195170
 9195172
 9193383
 9194122
 9194316
 9195123
 9195144
 9194945
 9195274
 9194800
 9195078
 9191753
 9191707
 1243186
 9176908
 1318374
 9177615
 9178202
 1318390
 1318391
 1318392
 9186489
 0775795
 9190323
 9194798
 9194065
 9193925
 9194330
 1358517
 9171493
 9177138
 9177195
 9181824
 9183233
 9190557
 1373785
 9191516
 9191638
 1362654
 9194574
 9192565
 9167180
 9173741
 9178549
 9182367
 9187426
 9184440
 9184802
 9186411
 9187103
 1318256
 1318261
 9187351
 9187153
 1318278
 9190299
 9189780
 1235452
 1318298
 1325004
 9152842
 9162938
 9167218
 9175693
 9182896
 9183557
 9183874
 9183900
 9187828
 9186639
 9184102
 9186054
 9186624
 9188701
 9190090
 9190882
 1322644
 9191235
 9191377
 9190365
 9190692
 9188977
 9189795
 9188598
 9190200
 1353084
 9189817
 9191003
 9191226
 9189972
 9187227
 9190830
 9189072
 9162308
 9172530
 9171772
 9182793
 9185274
 9190766
 9189185
 9189297
 9189669
 9188651
 9190902
 9191214
 9188760
 9190857
 9147670
 9151596
 9176032
 9160767
 9164436
 9179253
 9189559
 1365983
 1318100
 1318113
 9147821
 9176968
 9179037
 9179783
 9179826
 9177263
 9175813
 9176182
 9144464
 9152004
 9177902
 9183050
 9183683
 9186648
 9185106
 9184616
 9187923
 9187944
 9184551
 9189406
 9190214
 9190286
 9190570
 9191299
 9189374
 9189640
 9190739
 9190113
 9188941
 9188915
 9189902
 9190304
 9190483
 9191073
 9190842
 9190197
 9188245
 9189658
 9189910
 9190295
 9190942
 9191424
 9191582
 9191637
 1318288
 9190988
 9190619
 9190168
 9173345
 1189055
 9177181
 9180298
 1317854
 9185199
 1387374
 9187917
 9185965
 9189164
 1318399
 9191641
 9191649
 9138489
 9164038
 1232074
 9163884
 9169568
 1252268
 9169011
 9168803
 9172595
 9172690
 9172286
 1297324
 9174358
 9179459
 9179970
 1377409
 9177250
 9182220
 9182156
 9183248
 1317860
 9181608
 9180847
 9185998
 9187415
 9185147
 9187325
 9185890
 9185172
 9185643
 9188740
 9190815
 9191373
 9190309
 9191179
 9191635
 9189184
 9189609
 9190530
 9173335
 9185323
 9187485
 9191059
 9172196
 9172234
 1373560
 9178470
 1376872
 1235835
 9181627
 9182046
 1188249
 9182340
 9181187
 9182045
 9183462
 9185670
 9187720
 9185815
 9187076
 9184396
 9185218
 9191084
 9189423
 9189907
 9191165
 9191329
 9191521
 9189055
 9191233
 9189228
 9191064
 9188808
 9189115
 9180279
 9180290
 9179753
 9182158
 9182022
 9186833
 9168990
 1393348
 9179313
 9183573
 9183266
 9182057
 9185408
 9187476
 9187745
 9187170
 9187244
 1394185
 9185398
 9189418
 9190779
 9190568
 9190888
 9189843
 9191002
 9188482
 9191049
 9191321
 1318194
 9164552
 1318322
 9168534
 1318336
 9170733
 9170461
 9185182
 9176529
 9183113
 9186436
 9189259
 9188447
 9188693
 9190030
 9183689
 9184076
 9186620
 9184824
 9187924
 9185266
 9189191
 9190041
 1317869
 9188666
 9188969
 9189661
 9165458
 9172582
 9174277
 9185906
 9187648
 9189963
 9190850
 9191105
 9188241
 9191581
 1377325
 1377350
 9173330
 1377420
 9181789
 9184889
 9185846
 9189280
 9191203
 9191473
 9189028
 9189432
 9191589
 9189906
 9189318
 1377081
 9190303
 9188655
 9190818
 9171704
 9175377
 9173905
 9175393
 9179867
 9178719
 9178743
 9182357
 9181257
 9185212
 9186676
 9186735
 9191012
 9190788
 9190985
 9189782
 9190908
 9188618
 9189272
 9188963
 9190042
 9190614
 9189167
 9190588
 9190357
 9188668
 9191068
 9176904
 9179951
 9178504
 9177194
 9180979
 9183029
 9182198
 9184337
 9184728
 9186052
 9187016
 9187058
 9185280
 9190351
 9189783
 9190421
 1317862
 9184453
 9185282
 9187575
 9187926
 9184467
 9191155
 9189283
 9189770
 9190171
 9188928
 9189166
 9189059
 9190190
 9190423
 9191295
 9189363
 9189019
 9188732
 9188940
 9188405
 9189351
 9190314
 9190838
 9191118
 9191127
 9191241
 9188930
 9190262
 9188585
 9189302
 9190565
 9190848
 9190897
 9191291
 9188562
 9188566
 9190020
 9161309
 1318316
 9166488
 9168129
 9177256
 9179896
 9177747
 9180272
 1161316
 9177951
 9180988
 9181247
 1161324
 9184868
 9184676
 9186315
 9184183
 9186948
 1326321
 9191265
 9190418
 9188395
 9190133
 9190975
 9189652
 9191652
 1353082
 9190965
 9188463
 9179979
 9172454
 9182665
 9185877
 9185558
 1317873
 9160271
 1360436
 9175102
 9179186
 9180949
 9185342
 9166628
 9181465
 9186449
 9190162
 9190010
 9190238
 9183253
 9165368
 9168086
 9166450
 9171409
 9174663
 9177817
 9177268
 1161318
 9179315
 9181612
 9181784
 9183199
 9180533
 9186463
 9185060
 9186343
 9185857
 9184955
 9185613
 9188541
 9189814
 9189930
 9190465
 1373760
 1373762
 9190584
 9188406
 9188816
 9179434
 9185749
 9189461
 9190529
 9188529
 1389898
 9190616
 9189284
 9188490
 9172475
 9172264
 9175240
 9178701
 9178229
 9178791
 9179562
 9178015
 9182368
 9182529
 1377437
 9182102
 9182169
 9181804
 9186773
 1373441
 9185907
 9186696
 9187768
 9186515
 9186898
 1243744
 9185265
 9184621
 9188815
 9189431
 9190646
 9189864
 9189848
 9189872
 9191308
 9191238
 9189111
 9168235
 9179056
 9183748
 9181076
 9182899
 9181900
 9186138
 9186926
 9184555
 9184447
 9186860
 9187691
 9187836
 9185840
 9185519
 9186486
 9187017
 9184585
 9189251
 9191535
 9188190
 9188365
 9188371
 9188489
 9188492
 9189039
 1377068
 9189107
 9189937
 9191662
 9188648
 9163527
 1297315
 1224778
 1224784
 9186975
 1010087
 9188219
 9190524
 9181980
 9181472
 9184638
 9185326
 9185797
 9186104
 9185533
 9166823
 9172236
 9172056
 9174124
 9180297
 9182903
 9180483
 9182582
 9182247
 9183126
 9183323
 9182237
 9185457
 9185885
 9187630
 9186697
 9187070
 9187305
 9186048
 1377242
 9187581
 9185616
 9185826
 9187595
 9187594
 9191378
 9189270
 9189626
 9189993
 9190721
 9191456
 9189879
 9191397
 9191447
 9191501
 9191541
 9189380
 9189821
 9187969
 9189741
 1373784
 9188619
 9189125
 9189599
 9188068
 9188544
 9190072
 9190711
 9190974
 9188924
 9189365
 9190910
 9191261
 9191445
 9191551
 9190212
 1377066
 9189278
 9188440
 9189518
 9190119
 9191102
 9191249
 9191461
 9191496
 9191624
 9190982
 9190998
 9181890
 9166410
 9176909
 9176914
 9175738
 9179505
 9178174
 9183621
 9184008
 9172078
 1367192
 9182652
 9186359
 9186712
 9185786
 9185614
 9187920
 9185037
 9186245
 1243743
 1357509
 9191491
 9190463
 9190535
 9188072
 9190972
 9190498
 9182144
 9185377
 9187537
 1273208
 9190862
 9188122
 9189234
 9189788
 9188636
 9188811
 9178069
 9181311
 9182840
 9182131
 9187041
 9187262
 9186375
 9147525
 9170492
 9173484
 9176787
 9178977
 9182607
 9181085
 9181749
 9182142
 9185263
 9185559
 9187882
 9185963
 9187127
 9187401
 9187479
 9184478
 9186116
 9187932
 9187767
 9189616
 9190396
 9191385
 9190680
 9191024
 1273209
 1273224
 9189547
 9190506
 9191153
 9188242
 9190143
 9190749
 9189068
 9189195
 9191056
 9188030
 9189216
 9165993
 9171614
 1284287
 9170214
 9171810
 9174918
 1365839
 9179895
 9181202
 9181040
 9183969
 9186584
 9188276
 9179564
 9181446
 9181074
 9181619
 9187645
 9186413
 9187412
 9186727
 9185555
 9184591
 9184976
 9189103
 9189955
 9188746
 9190290
 9190825
 9191288
 9189912
 9190360
 9189445
 9190270
 9180315
 9180316
 9180317
 9180318
 9180319
 9180314
 9184083
 9184084
 9184085
 9184086
 9184087
 9184088
 9184089
 9161782
 9160491
 1011759
 9180312
 9184077
 9184078
 9184079
 9165031
 9167433
 9169003
 9172948
 9176140
 9175283
 1330689
 9178827
 9177759
 1376574
 1010075
 9181315
 9181438
 9182021
 9182258
 9183059
 9183414
 9182547
 9183616
 9181989
 9180837
 9185164
 9185318
 9187081
 9185776
 9186558
 9152541
 9153643
 9162748
 9169795
 9182204
 9187122
 9185273
 9185116
 9184806
 9186263
 9186848
 1163777
 9189276
 9190852
 9188420
 9190159
 9189684
 9191304
 9191419
 9190964
 9188550
 9171018
 9173970
 9175017
 9175025
 1322634
 9180954
 9181027
 9180869
 9181062
 9182010
 9181158
 9183737
 9183785
 9184017
 9183422
 9184589
 9185169
 9185994
 9185800
 9185114
 9187276
 1163550
 1163751
 9185015
 9186161
 9190154
 9187966
 9187971
 9190217
 1284082
 9189048
 9190621
 9190720
 9190532
 9188452
 9188696
 9191246
 1377086
 9188484
 9191630
 9191167
 9190490
 9172394
 9171353
 1322508
 9176760
 9180292
 9183258
 9155529
 9167573
 9178710
 9182027
 9187607
 9186596
 9184622
 9184100
 9186510
 9184779
 9185135
 9188218
 9190713
 9190176
 1373758
 1373783
 9189960
 9191566
 9189062
 9189900
 9190203
 9189628
 9188174
 9188559
 9188833
 9189504
 9190611
 9188588
 9189515
 1353080
 1353081
 1324814
 9189737
 9190769
 9191022
 9188338
 9189548
 9188210
 9190993
 9191298
 9177784
 9181173
 9190608
 9164222
 9183963
 9191488
 9190406
 9189757
 9168540
 9169805
 9177601
 9179705
 1377421
 9178912
 9181199
 9185708
 9184925
 9186141
 9186276
 9189572
 9172759
 9175831
 1296847
 9178305
 9183277
 9180874
 9180685
 9180937
 9180944
 9183601
 9183609
 9183034
 9184961
 9185053
 9186985
 9186844
 9185291
 9184182
 9187272
 9185353
 9187277
 9186522
 1163765
 9186023
 9185299
 9190600
 9190574
 9191077
 9189986
 9190243
 9190534
 9190775
 9189927
 1315839
 1010337
 9178717
 9179250
 9180173
 1224782
 9181403
 9183747
 9180919
 9184348
 9184906
 1273125
 9186386
 9185134
 9185817
 9186667
 9187806
 9187837
 9186682
 9186702
 9187701
 9187704
 9186638
 9186687
 9187331
 9185598
 9188685
 9189471
 9189596
 9190187
 1373755
 9188939
 9190778
 9191234
 9191393
 9191396
 9189309
 9189653
 9188359
 9190950
 9190874
 9188128
 9188711
 9189497
 9191552
 9191258
 9165976
 9169573
 9178306
 9181649
 9186446
 1351755
 9187486
 9187776
 9186382
 1318282
 9185850
 9184534
 9190887
 9191417
 9190644
 9188469
 9188842
 9190864
 9190967
 1317870
 9190497
 9188467
 9188839
 9190181
 9188209
 9191289
 9163516
 9177777
 1161331
 9186578
 1315683
 1315692
 1315693
 1326322
 9170384
 1368779
 9173996
 9175881
 9179530
 9179027
 9184090
 9184094
 9184237
 9152320
 9153635
 9160594
 9176275
 9177265
 9177686
 9178518
 9183044
 1387366
 9183726
 9180838
 9184464
 9184895
 9186853
 9187202
 9187635
 9186554
 9186576
 9186801
 9187402
 9187286
 9187367
 1387375
 9187774
 9186460
 9186674
 1365985
 9189508
 9190101
 9190612
 9189177
 9190832
 9188410
 9188369
 9189534
 9189816
 9191523
 9191525
 9190322
 9189750
 1377249
 9188473
 9189895
 9191151
 9188435
 9189010
 1394194
 9171678
 1318351
 1318352
 9186400
 9191492
 9190345
 9190234
 9165178
 9165933
 9166892
 1358629
 9185267
 9185940
