 16-8-17
 T900008051
 T900018510
 T900000764
 T900003376
 1317878
 9189917
 9194043
 9197451
 9198155
 1325176
 9184030
 9195286
 9192382
 9195422
 9198146
 9197980
 1362364
 9178588
 9190807
 9190628
 9192496
 9192278
 9193491
 9191857
 9193632
 9192940
 9195797
 9195815
 9198123
 9198651
 1322658
 9197923
 9198644
 9198734
 9197692
 9196266
 9196987
 9195771
 9196418
 9196381
 1377196
 9198107
 9198461
 9198118
 9195474
 9197278
 9197306
 9198261
 9197378
 1326328
 9191079
 9190992
 9192663
 9193037
 9196626
 9196454
 9158979
 9160725
 9156427
 9164263
 1357828
 9170220
 9174754
 9177614
 9178240
 9178756
 9178411
 9179693
 9177461
 9180967
 9181341
 9181897
 9183043
 9183086
 9183441
 9183804
 9182910
 1344913
 9181054
 9182193
 9184909
 9185076
 9186516
 9186691
 9185880
 9184847
 9188883
 9189158
 9189416
 9189588
 9190239
 9190391
 9190826
 9190980
 9190109
 9190205
 9188211
 9192525
 9192915
 9193498
 9193712
 9193423
 9184082
 9185522
 9186364
 9191695
 1377183
 9195395
 9185346
 9187168
 9173684
 9177049
 9185297
 9184748
 1367306
 9195063
 9192906
 9194420
 9192673
 9193141
 9195293
 9194946
 9191735
 9197111
 9196301
 9198333
 9197728
 9196844
 9195664
 9197123
 9196576
 9195650
 9196606
 9197438
 1389845
 9195986
 9197231
 9198591
 9198646
 9198847
 9195621
 9196491
 9184415
 9195343
 9191861
 9196849
 9188244
 9190785
 9195654
 9198836
 9163500
 9183457
 9187198
 9190106
 9188820
 9193870
 9192989
 9197367
 9196172
 9196247
 9196821
 9196162
 9186644
 9190374
 9190582
 9193777
 9193828
 9194227
 9193912
 9198527
 9192421
 9167818
 9172820
 9173647
 9175657
 9179882
 9177361
 9184457
 9187618
 9187432
 9184266
 9186131
 9190939
 9189615
 9193505
 9194343
 9191998
 9192929
 9194982
 9194348
 9191831
 9193320
 9193985
 1273355
 9196288
 9195604
 9197283
 9196388
 1365858
 9196430
 9197109
 9197934
 9198663
 9198695
 9177589
 9181941
 9189163
 9189169
 9187905
 1362774
 9172298
 9171158
 9175697
 9181104
 9183473
 9189834
 9193016
 9195275
 9195377
 9191997
 9193545
 9196409
 9197426
 9197529
 9195665
 9197041
 9197400
 9196146
 9196240
 9198755
 9197846
 9197803
 9175930
 9186912
 9187686
 9188919
 9189944
 9191586
 9189489
 9193242
 9192053
 9192263
 9193355
 9195347
 9195352
 9192373
 9192379
 9193829
 9196818
 9196851
 9195812
 9196083
 9196034
 9197347
 9198661
 9182810
 9186819
 9191688
 9192558
 1273134
 9193947
 9194312
 9191904
 9197971
 9196004
 9196009
 9197170
 9196788
 9197956
 9196931
 1317909
 1365854
 9197290
 9184914
 9162105
 9179141
 9186534
 9190272
 9194017
 9193431
 9194064
 9198169
 9198089
 9198682
 9198720
 1387386
 9167018
 9186979
 9190282
 9189400
 9194525
 9192766
 9194788
 9192824
 9192265
 1364577
 9193952
 9193251
 9198045
 9198413
 9196343
 9196031
 9197293
 9196765
 9197034
 9196805
 9197352
 9197833
 9195944
 9167021
 9171309
 9174500
 9187721
 1373708
 9189796
 9190116
 9190199
 9190809
 9193689
 9193567
 9194566
 9194363
 9194005
 9194116
 9194159
 9195741
 9195779
 9195683
 9195688
 9197344
 9196065
 9197776
 9198087
 9198096
 9198119
 9196390
 1344916
 9196297
 9197590
 9195780
 9196580
 1389722
 9196474
 1368361
 9147097
 9149123
 9168865
 9174681
 9176229
 9179482
 9182870
 9184013
 9184366
 9186473
 1377238
 9189777
 9188932
 9189071
 9193942
 9194796
 9195002
 9193133
 9194026
 9192593
 9196426
 9196050
 1304464
 1377464
 9159688
 9177580
 9181652
 9185855
 9185620
 9188499
 1373707
 9189061
 9188070
 9189899
 9194896
 9194079
 9192696
 9193387
 9195992
 9198415
 1389844
 9196112
 1365852
 1365855
 9196008
 9196132
 9196347
 9196949
 9197408
 9197747
 9197887
 9198577
 9198584
 9197412
 9197272
 9197462
 9197733
 9170147
 9179422
 9187254
 9191381
 1273200
 9190591
 9190736
 9194085
 9193569
 9195404
 9193116
 9196747
 9197935
 9197997
 9196003
 9197436
 9197289
 1317913
 9198653
 9188996
 9194479
 1263004
 9192722
 9193665
 9192357
 9193534
 9198359
 9197152
 9197377
 9167536
 9178830
 9194790
 9195917
 9164275
 9140887
 9174050
 9181778
 9190231
 1357835
 9189186
 9189542
 9193157
 9194646
 9195373
 9192307
 9193527
 9197459
 9197083
 9197644
 1322654
 9196120
 9197338
 9195905
 9197298
 9196036
 9183298
 9186974
 9187374
 9192202
 9193404
 9193743
 9193754
 9195230
 9194618
 9194215
 9196159
 9195614
 9196366
 9196627
 9198311
 9197444
 1315621
 9197043
 9197561
 1163354
 1340029
 9186173
 9185363
 9188628
 9190251
 1353076
 9193479
 9193144
 9194313
 9192371
 9191902
 9193134
 9193402
 9195267
 9195282
 1365997
 1326324
 9192957
 9193048
 9195014
 9196209
 9196890
 9198115
 9195830
 9195832
 9195841
 9197722
 9196850
 9198746
 9195606
 1377197
 9141407
 9173837
 9183971
 1322705
 9183037
 9183410
 9183049
 9186026
 9185204
 9186329
 9187128
 1163772
 9189855
 9189269
 9189888
 1324812
 9195043
 1191978
 9192325
 9193243
 9193417
 9193478
 9194068
 9192627
 9194210
 9192237
 9194801
 9195424
 9192222
 9192241
 9192321
 9193362
 9196509
 9196541
 9198140
 9198264
 9198401
 9197759
 9196661
 9197616
 9197269
 1377198
 1365856
 9198170
 9198850
 9195964
 9196359
 1286845
 9158602
 9159433
 9164245
 9166825
 9172618
 1286601
 9176919
 9182775
 9181200
 9186883
 1317875
 9190008
 9193748
 9193836
 9194383
 9185571
 9189233
 9190578
 9188787
 9197124
 9197652
 9197813
 9198180
 9198567
 9197619
 9197745
 9198047
 9197892
 9198615
 9196037
 9188879
 9191728
 9194256
 9167540
 9171972
 9178897
 9182050
 9182965
 9183031
 9185864
 9191065
 9188511
 9190017
 9190229
 9188755
 9188421
 9191015
 9193971
 9195161
 9191911
 9193004
 9193192
 9193671
 9193476
 1379850
 9195243
 9193767
 9191761
 9192060
 9192913
 9193337
 9194010
 9196058
 9197983
 9197912
 9196681
 9197602
 9198131
 9198145
 9197688
 9195579
 9195746
 9196194
 9196981
 9197107
 9197850
 9197879
 9197220
 9197924
 9196360
 9197139
 9197805
 9198114
 9197373
 9197638
 9198288
 9198182
 9196502
 9196983
 9197362
 9197796
 9185113
 9181809
 9185476
 9185663
 9192653
 9193297
 9196504
 9196756
 9198418
 9196848
 9196539
 9196547
 9197861
 9196335
 9197100
 1377477
 9195962
 1161339
 1269546
 1269547
 1269548
 1318380
 1318398
 9180951
 9185655
 9193706
 9192474
 9193957
 9193607
 9196824
 9197284
 9197166
 9197191
 1318663
 9192826
 9192604
 1284105
 9198462
 9196054
 9195884
 9198690
 9196210
 9196702
 9156699
 9167955
 1150212
 9166619
 9167960
 9171652
 9170844
 9174147
 9173896
 9179574
 9179055
 9187669
 9188194
 9191296
 9191356
 9173387
 9178400
 9182916
 9189922
 9190350
 9190878
 9190827
 9189275
 9189932
 9192613
 9192748
 9193276
 9193416
 9195124
 9195049
 9193412
 9193741
 9194653
 9194573
 9194327
 9193970
 9193271
 9194056
 9197271
 9196870
 9198287
 9197591
 9198382
 9198673
 9197414
 9198250
 9197351
 9198296
 9197634
 1389707
 1304468
 9195794
 9197244
 9197114
 9197364
 9198821
 9197253
 9198223
 9197987
 9198273
 9196217
 9196856
 9197517
 9195859
 9198681
 9172305
 9186404
 1365850
 9191386
 9190750
 9188724
 9193544
 9191929
 9195218
 9192320
 9196577
 9196062
 9197206
 9196711
 9197579
 9196057
 9180765
 9190288
 9193702
 9193109
 1296609
 9196947
 9196408
 9196718
 9198450
 1317911
 9196197
 9197584
 9130595
 9163260
 9165612
 9166021
 9166025
 9166074
 9166076
 9166077
 9166085
 9166822
 9166948
 9168490
 9168521
 9167977
 9170455
 9171569
 9172506
 9173339
 9173341
 1318358
 9174508
 1322505
 9173552
 9176570
 9176924
 9177635
 9177558
 9178570
 9178551
 9180278
 9180280
 1318252
 9180768
 9181150
 9182320
 9182861
 9181174
 9184012
 9184015
 9185812
 9187916
 9187922
 9187928
 9189905
 9188171
 9190237
 9191633
 1367252
 9192302
 9195036
 1367195
 9169846
 9187968
 9187970
 9187972
 9187973
 9187974
 9187975
 9184095
 9190516
 9194844
 9195105
 9195116
 9193464
 9193965
 9195176
 9192786
 9193654
 1146336
 9193703
 9196465
 9196453
 9195910
 9197655
 9198060
 9198360
 1317915
 9196568
 9184987
 9188917
 9188901
 9188595
 9189512
 9189469
 9189479
 9192284
 9194709
 9194422
 9194903
 9192727
 9194349
 1377154
 9192318
 9193963
 9195248
 9194408
 9197519
 9197135
 9198205
 9195692
 9197672
 9196854
 9197132
 9197005
 9196589
 9171341
 9182389
 9185158
 9190752
 9188480
 9194269
 9194940
 9195007
 9193602
 9194721
 9195121
 9194093
 9194601
 1202901
 9195994
 9197537
 9198337
 9198444
 9195918
 1359700
 9197323
 9195868
 9195800
 9197023
 9197266
 9197287
 9197572
 9197617
 9198093
 9196443
 9198344
 9197787
 9163339
 1365988
 9191655
 1340048
 9194117
 9198009
 9198224
 1387377
 9180529
 9193693
 9193422
 9193752
 9193537
 9198025
 9198295
 9196734
 9197064
 9164916
 9180150
 9182542
 9187494
 9190352
 9191477
 9191010
 9188922
 9190379
 1010089
 9193468
 9195100
 1273135
 9193075
 9194815
 9194924
 9192503
 9193199
 9196110
 9196158
 9196852
 9198041
 9197715
 1296610
 9198077
 9197944
 9195811
 9197615
 9189709
 9188478
 9165055
 9178179
 9183356
 9186103
 9189857
 9195272
 9195016
 9196875
 9196889
 9198727
 9175309
 9183315
 9190000
 9190853
 1318296
 9192529
 9192397
 1390000
 9192489
 9196581
 9198392
 1315620
 9168486
 9173668
 1362365
 9183659
 9186251
 9189670
 9197890
 9195849
 9196813
 9162236
 9169117
 9169395
 9169266
 9172912
 9176601
 9182485
 1369598
 9185764
 9186930
 1389878
 9185990
 9187229
 9184712
 9189313
 9190284
 9188953
 9189544
 9190409
 9188745
 9191208
 9191206
 9192445
 9192792
 9194550
 9193102
 9195173
 9192465
 9193338
 9193238
 9195210
 9193559
 1389837
 9194001
 9194776
 9192796
 9192928
 9195896
 9195760
 9196228
 9195674
 9197467
 9197951
 9198215
 9196573
 9195781
 9196930
 9197976
 9197994
 9197247
 9198597
 9198183
 9195802
 9196527
 9198375
 9177379
 9177752
 1318382
 9181049
 9193586
 9193928
 9196835
 9197086
 9197091
 9196030
 9196046
 9119562
 9179328
 9183480
 9185689
 9186324
 1377083
 1377178
 1297596
 9196015