16-08-18
 1387353
 9185442
 9187654
 9195102
 9198438
 9198739
 9198451
 9198699
 9198702
 9198705
 9197126
 9198412
 9200101
 9202666
 9201375
 9182474
 1318293
 1318294
 9196533
 9162980
 9175899
 9194694
 9194987
 9198051
 9198270
 9202052
 9202334
 9199536
 9200305
 9201005
 9200630
 9202174
 9199024
 9199181
 9200538
 9201699
 9202484
 9200865
 9200049
 9202020
 1377500
 1367347
 9199604
 9199852
 9201159
 9201731
 9197666
 9198458
 9198321
 1351795
 9201445
 9200366
 9200004
 9162764
 9138245
 9181461
 9182677
 9182067
 9183223
 9186407
 9191144
 9188414
 9194379
 9192869
 1202902
 1202911
 9196203
 9196317
 9197788
 9198032
 9198158
 9198815
 9200804
 9148741
 9165096
 9168180
 9175056
 1365842
 9174401
 9178702
 9179854
 9179596
 9179065
 9182136
 9181810
 9185167
 9184815
 9185622
 9186606
 9191114
 9189480
 9189122
 9192513
 9184080
 9184081
 9186938
 9187925
 9190556
 9191752
 9193584
 9194771
 9195453
 9169429
 9173133
 9176225
 9180232
 9178770
 1318383
 9182631
 9184027
 9189060
 9194980
 9194003
 9192887
 9194900
 9198641
 9198606
 9197018
 9197226
 1387384
 1357913
 9195837
 1367200
 1318662
 9201112
 9200071
 9201911
 1322746
 9199983
 9200719
 9201834
 9202427
 9199286
 9199550
 9200836
 9200991
 9201095
 9201126
 9201489
 9200890
 9200121
 9201557
 1387385
 9200856
 9201286
 9201799
 9199390
 9200371
 9200362
 9200903
 9200339
 9202340
 9202349
 9202572
 9202691
 9198948
 9201273
 1202933
 9180955
 9181781
 9185630
 9192145
 9193093
 9195936
 9192011
 9192797
 9195410
 9197511
 9198835
 9200839
 9147388
 9154596
 9168737
 9183704
 9187590
 9186991
 9191086
 9194337
 9192842
 9193205
 9193264
 9195946
 9197995
 9196652
 9197819
 9197893
 9196229
 9197322
 1368535
 9198822
 9196412
 9197989
 9200351
 9200148
 9200727
 9201485
 9201745
 9201989
 9200340
 9201603
 9199307
 9199496
 9199759
 9200957
 9159956
 9159959
 9166224
 9186122
 9186485
 9191109
 9193884
 9194082
 9193692
 9194168
 9197407
 9197453
 9197471
 9198683
 9195902
 9202057
 9199430
 9199813
 9201447
 9202118
 9161354
 9163008
 9181066
 9185802
 9186523
 9189825
 9189897
 9190768
 9196437
 9196700
 9195586
 9196843
 9198125
 1365857
 9196234
 9198052
 9202275
 9202363
 9200523
 9199637
 9200968
 9202010
 9200388
 9200555
 9202280
 9200714
 9200982
 9202554
 9200795
 1202333
 1387383
 9195940
 9196497
 1367193
 9192739
 9194447
 9196522
 9197385
 9199103
 9199845
 9201170
 9201654
 1387387
 9201623
 9199534
 9201452
 9202544
 9200701
 9174708
 9176466
 9178115
 9177712
 1318253
 9181668
 9180961
 9186397
 9184648
 9194855
 9194861
 9197282
 9197302
 9197573
 9199718
 9200529
 9201638
 9183540
 9180997
 9185526
 9193321
 9192130
 9195937
 9197959
 9197982
 9196508
 9195738
 9198234
 9199380
 9201600
 9201068
 9201670
 9199786
 9199827
 9164303
 9178568
 9190004
 9199515
 9199502
 1393339
 9182101
 9190329
 9192996
 9197314
 9198312
 9197425
 1389708
 1161334
 9196434
 9196807
 9197847
 9202276
 9201214
 9202229
 9199547
 9200093
 9202689
 1202359
 1362776
 9163705
 9175559
 9178757
 9180071
 9179495
 9182377
 9187195
 9186765
 9185368
 9191093
 9189546
 9188773
 9193683
 9192310
 9193914
 9193581
 9194857
 1389822
 9195544
 9196811
 9198730
 9196223
 9198243
 9198213
 9196485
 9196564
 9196969
 9197122
 9197463
 1384352
 9196682
 9197228
 9197336
 9197413
 9202237
 9202265
 9200954
 9201285
 9201712
 9201757
 9201164
 9201486
 9202056
 9201667
 1359622
 9200967
 9199122
 9199379
 9201848
 9201938
 1351769
 9174080
 9175683
 1189052
 9179729
 9188712
 9193311
 9193812
 9193343
 9198507
 9197902
 9195926
 9197530
 1317914
 1325178
 9195754
 9197133
 9196941
 9198824
 9198013
 9201009
 9202305
 1322745
 9199607
 9199532
 9200536
 9201475
 9201115
 1377488
 1377491
 1384457
 9201963
 9202672
 1326085
 9177922
 9183206
 9189535
 9188860
 9197744
 9197709
 9197227
 9197515
 9196687
 9200513
 9199507
 9199735
 9200902
 9202195
 9200282
 9200466
 9201194
 9201531
 9201599
 9201397
 9202338
 9199697
 9202170
 9202204
 1384453
 9199731
 9199752
 9201343
 9202059
 9202582
 9199281
 9200052
 9199064
 9199304
 9201107
 9199264
 1202947
 9182404
 9182227
 9187541
 9197840
 9199462
 9199079
 9201132
 9202045
 9201979
 9199533
 9117859
 9142198
 9142936
 9197718
 1317912
 9197600
 9200774
 9199664
 9201054
 1367152
 9191741
 9182608
 9194428
 9197189
 9201308
 9199648
 9199784
 9200753
 9202701
 9164915
 9168094
 9176201
 9180390
 9181039
 9186928
 9193758
 9192979
 9194097
 9193371
 9193442
 9192814
 9195067
 9192694
 9194591
 9195652
 9196861
 9198499
 9196411
 9196558
 1377190
 9197104
 9198647
 9195958
 9198569
 9198618
 9202426
 9201696
 9202115
 1322666
 9200933
 9201236
 9199720
 1417056
 1417067
 9201247
 9199464
 9200352
 9200874
 1353816
 9199529
 9199125
 9171374
 1240366
 9201526
 9200862
 9199517
 9201819
 9184892
 1163528
 9190708
 9193301
 9195281
 9194278
 9198752
 9196488
 9197490
 1367197
 9202403
 9199231
 9200130
 9199811
 9201063
 9201076
 9200489
 9165598
 9166774
 9177412
 9181007
 9182303
 9187906
 9190165
 9190683
 9195376
 9192387
 9192583
 9193513
 9193421
 9197398
 9195908
 9198225
 9196693
 1359601
 9196901
 9197631
 9197342
 9199030
 9201151
 9202121
 9202332
 9202617
 9200484
 9199444
 9201071
 9202346
 9199329
 9196567
 9197331
 1161344
 9189676
 9193083
 9192616
 9198073
 9199868
 9201169
 9201354
 9201937
 9202012
 9190528
 9197794
 9198551
 9196834
 9198152
 9200179
 1318344
 1318345
 9174071
 1318372
 9191727
 1376150
 9194587
 1389998
 9194446
 9195401
 9191917
 9196033
 9197497
 9196712
 9197735
 9198832
 9196602
 9198161
 9199959
 9200524
 9201026
 9201032
 9201514
 9201845
 9199790
 9202263
 9202370
 9202406
 9200493
 9200509
 9200514
 9199707
 9200394
 9199451
 9199709
 9199749
 9200840
 9201553
 9201587
 9200906
 9199918
 9201997
 9201661
 9200353
 9202287
 9202335
 9202430
 9202674
 9200588
 9200892
 9200759
 9168131
 9175642
 9186683
 9192813
 9192356
 9195817
 1297595
 9197452
 9197062
 9199296
 9200500
 9201953
 9202027
 9202040
 9202402
 9200681
 9201636
 9201144
 9202206
 9200993
 9200449
 9201216
 9200721
 9201829
 9190601
 9197867
 9196952
 9198167
 9196647
 9201604
 9200413
 9200491
 9200478
 9199841
 9199220
 9199788
 9199549
 9200110
 9160774
 9197594
 9197360
 9198378
 9201728
 9198986
 9199763
 9199488
 1202913
 1202942
 9201722
 9142015
 1373349
 9158089
 9183165
 9185290
 9184702
 9191936
 9192299
 9192345
 9195807
 9197894
 9181014
 9180709
 9189851
 9191437
 9189052
 9189755
 9191484
 9188580
 9189136
 9194764
 9193966
 9194836
 9192330
 9195676
 9196994
 9198110
 9197443
 9197622
 1357453
 1365859
 9198563
 9201858
 9202425
 9199766
 9200726
 9199799
 9200237
 9200799
 9201391
 9202000
 9202540
 9201942
 9199540
 9200791
 9200809
 9201137
 9201640
 9201936
 9202051
 9200120
 9200197
 9200322
 9201175
 9201493
 9199555
 9199098
 9199780
 9199974
 9202286
 9200047
 9200793
 9201751
 9202041
 9202266
 9200617
 9199436
 9200309
 9200346
 9200567
 9201552
 9201618
 1202932
 9170058
 9189119
 9194762
 9196231
 9197332
 9198064
 9196332
 9202315
 9200042
 1376581
 9180391
 9192924
 9193253
 1296612
 1010094
 9198404
 9201724
 9199660
 9201566
 9200789
 9200598
 1389735
 9200414
 9201710
 9199051
 9199058
 9201474
 9176418
 9175565
 9188836
 1357545
 9197659
 9198340
 9198658
 9196939
 1357570
 9200941
 9201838
 9202545
 9202605
 1326082
 1373574
 9190380
 9193368
 9193457
 9198070
 9196096
 9198132
 9197441
 9195631
 9196916
 1389704
 1377453
 9198226
 9198400
 9198447
 9198817
 9196907
 9201140
 1322665
 9199797
 9201104
 9200387
 9200140
 9201906
 9201946
 9200556
 9201439
 9202454
 9200909
 9201798
 9200948
 9175163
 9183010
 9185751
 9185869
 1373771
 9190470
 1373020
 9193169
 9191985
 9198173
 9197954
 9196637
 9202109
 9199941
 9202272
 9199958
 9201300
 9201877
 9199437
 9202348
 9201888
 9201341
 9199090
 9200430
 9199900
 9200100
 9202387
 9202498
 9200048
 1202927
 1202941
 9199839
 9201235
 9195406
 1322653
 9196826
 9199817
 9199493
 9201291
 9194328
 9192625
 9194193
 9192704
 9194850
 9192541
 9192822
 9195141
 9192353
 9195237
 9194185
 9197102
 9198354
 9196562
 9196726
 9197001
 1273361
 9196868
 9197234
 9198242
 9198286
 9198631
 9196308
 9196819
 9197049
 9198211
 1377454
 9197267
 1235457
 9198046
 9196323
 9197816
 9198237
 9196186
 9196534
 9197705
 9200938
 9199970
 9200614
 9201220
 9201701
 9200564
 9199948
 9201424
 9201433
 9201876
 9202358
 9202366
 9202372
 9200402
 9202326
 9201342
 1326080
 9199407
 9086221
 9165478
 9172854
 9172239
 9171458
 9180153
 1376590
 9183326
 9183899
 9185508
 9185525
 9187862
 9188061
 9188191
 9190517
 9190794
 9191294
 9188409
 9189998
 9191560
 9188663
 9191458
 1010088
 9190068
 9195101
 9195226
 9195217
 9193176
 1010091
 9196458
 9196735
 9198740
 9198439
 1235454
 9197316
 9197607
 1322662
 9201204
 9202643
 9199934
 9201277
 9201686
 1384456
 9201356
 9202007
 9202385
 9202627
 9171532
 1351765
 9193393
 9196799
 9198352
 9198186
 9198756
 9196985
 9201238
 9201385
 9199830
 9202227
 9201186
 9201645
 9199673
 9201304
 9177240
 9189711
 9197485
 9196460
 9201257
 9201920
 9200870
 9187647
 9185304
 9191611
 1296848
 9182332
 9186367
 9189655
 9193382
 9195213
 9194111
 9192035
 9197417
 1322737
 9195775
 9197154
 9197110
 9197988
 9196298
 9198043
 9198655
 9201179
 9200244
 9201413
 9202392
 9199475
 9200210
 9199363
 9200935
 9201869
 9201282
 1387381
 9199776
 9199953
 9199467
 9201498
 9200817
 9201717
 1377505
 9200728
 9199542
 9185717
 1367302
 9192970
 9193561
 9195773
 9196222
 1286849
 9201442
 9201572
 9138804
 9143604
 9140751
 9145909
 9145343
 1297984
 9153478
 9158016
 9156877
 9163255
 9178350
 9181782
 9184572
 9184608
 9185454
 9189894
 9192952
 9194917
 9192448
 9199159
 9200969
 9180064
 9189129
 9198834
 9200268
 9199196
 1368543
 9202699
 1011810
 9200074
 9199552
 T900007964
 T900019644
