16-08-19
 1317872
 9176400
 9182726
 9195915
 9196630
 9202242
 9202631
 9201662
 9200575
 9205117
 9205380
 9203728
 9206302
 9204401
 1387397
 9203494
 9204234
 9182464
 1367315
 1318654
 1318653
 9196490
 9200034
 9206076
 9205686
 9206083
 9204252
 9205173
 1367348
 9170879
 9170794
 9176693
 9183850
 9187625
 1359691
 9201100
 9201863
 1322744
 9201736
 9198924
 9204360
 9205405
 9204111
 9205676
 9205511
 9205216
 9206085
 9206087
 9203589
 9205328
 9205517
 9206329
 9206384
 9205755
 9205586
 9203280
 9204250
 9204647
 1404963
 9204542
 9204931
 9205754
 9205772
 9203202
 9203472
 9204423
 9201898
 9199654
 9205994
 9204442
 9205237
 9204174
 1317923
 9203635
 9205561
 9204856
 9205710
 9195876
 9198231
 9198819
 9200887
 9199895
 9200275
 9161095
 9174404
 9179150
 9185733
 9201083
 9195751
 9203916
 9206420
 9205025
 9205047
 9197697
 9185004
 9190765
 1387379
 9196526
 1284095
 9198285
 9198520
 9196524
 9202185
 9201968
 9200917
 9201886
 1387394
 9202654
 9204924
 9204878
 1417119
 1417039
 1284145
 9203818
 9204142
 9204895
 9205131
 9205805
 9205874
 9206078
 9206296
 9206469
 9204843
 1378265
 1378257
 9203577
 9205695
 9204206
 9204711
 9204779
 9206425
 9204026
 1326332
 9183827
 9195057
 9193525
 9192643
 9198035
 9198055
 9198680
 9198688
 9195860
 9202602
 1387396
 9204919
 9204916
 1378274
 9205387
 9182479
 1357906
 9200464
 9200884
 9171174
 9172699
 9178662
 9187530
 9188688
 9190836
 9192391
 9194237
 9195722
 9196013
 9197394
 9196167
 9196187
 9201631
 9200755
 1389675
 9204075
 9204179
 9204724
 9204852
 9205741
 9203783
 9204469
 9203627
 9204061
 9203959
 9205783
 9203457
 9174194
 9187383
 9188067
 9197230
 9203183
 9203562
 9203617
 9204549
 9206039
 9161362
 9172436
 9189448
 9192056
 9198573
 9196238
 9198778
 9200078
 9200407
 9201362
 9201564
 9205086
 9204335
 9205229
 9205960
 9203819
 9203027
 9204936
 9205179
 9205673
 9204346
 9204363
 9204925
 1377119
 1377127
 9204674
 9206224
 9204592
 9205181
 9189331
 9200539
 9180260
 9190079
 9197380
 9198818
 9196697
 9200274
 9200916
 9204989
 9185820
 9188594
 9191256
 9199715
 9200492
 9200067
 9202015
 9205452
 9203572
 9204574
 9206228
 9195819
 9200357
 9200716
 9200692
 9201086
 1202917
 1202918
 9204733
 9203726
 9203641
 9204099
 9204175
 9204384
 9205069
 9205524
 1317918
 9206497
 9203816
 9204405
 1202392
 9186780
 1378263
 9205168
 9204840
 1378269
 1378271
 9180591
 9192099
 9194440
 9196656
 1389847
 9198393
 9196450
 9200308
 9202042
 9200030
 9200741
 9202023
 9201785
 1202946
 9204898
 9203903
 9205986
 9205338
 9204025
 9205003
 1378260
 9203786
 9203250
 9185904
 9188680
 9189040
 9193585
 9191963
 9193768
 9194081
 9194595
 9193195
 9194450
 9197506
 9197668
 9197916
 9195704
 9196929
 9202226
 9202412
 9201205
 9202522
 9202575
 9199924
 9201833
 9200079
 9200994
 9203349
 9204283
 9203643
 9204556
 9204790
 9206318
 9204233
 9204331
 1317925
 9203574
 9205687
 9205193
 9205760
 9205703
 9203189
 9204604
 1202272
 1202396
 9197326
 9202075
 9202511
 9200273
 9206251
 9202855
 9205612
 9205483
 9166217
 9170156
 9176657
 9184489
 9186568
 9184486
 9189952
 1377168
 9193107
 9197775
 9196042
 9197090
 9195934
 1377188
 9196177
 9198156
 1326327
 9196182
 9197310
 1351794
 9199801
 9202284
 9200898
 9201907
 9201275
 9201090
 9200153
 9201055
 9199993
 9206183
 9205844
 9204899
 9204391
 9205589
 9203410
 1202261
 9192554
 9192061
 9194212
 9198335
 9201408
 9199886
 9202137
 9202552
 9201241
 9201675
 9201303
 9201835
 9205543
 9203117
 9203557
 9203808
 9203821
 9203591
 9204691
 9204749
 9206366
 9206074
 9206079
 9203608
 9203469
 9204232
 9204361
 9204750
 9205439
 9205990
 9204585
 9203663
 9204726
 9205928
 9204127
 9204851
 9205214
 9204867
 9176729
 1161326
 9185202
 9187068
 9187938
 9184921
 9186051
 9190473
 9191540
 9192290
 9192733
 1351783
 9198556
 9198044
 9197128
 9196909
 9198840
 9200455
 9200326
 9202477
 9201249
 9199710
 9201306
 9200545
 9201702
 9201709
 1387392
 9200733
 9199818
 9201244
 9204356
 9204366
 9205930
 9206084
 9203573
 1368548
 9200734
 9203425
 9205467
 9206010
 9198757
 9172235
 9171164
 9180257
 9181022
 9180782
 9185732
 9187571
 9188075
 9192858
 9194555
 9195420
 9195423
 9193292
 9198256
 9195957
 9197736
 9196188
 9202111
 9160083
 9166215
 9170073
 9180595
 9184242
 9184469
 9185331
 9192358
 9200112
 9199376
 9204228
 9202798
 9203838
 9204949
 9205444
 9179051
 9182888
 1344912
 9184933
 9187615
 9185920
 9185556
 9189539
 1373789
 1357834
 9189685
 9190310
 9193244
 9192374
 1365860
 9198992
 9201295
 9202079
 9202091
 9198980
 9199530
 9202219
 9202565
 9200718
 9202381
 9200159
 9202062
 9200083
 1340163
 9205329
 1322853
 9206314
 9205617
 9205653
 9204390
 9205473
 9204618
 9205088
 9204330
 9206433
 9203261
 9200729
 9204382
 1389689
 1359628
 9204314
 1404960
 9184751
 9185564
 9189973
 1377173
 9194432
 1357558
 9198513
 9198729
 9197179
 9196792
 9195736
 9195874
 9196708
 9195822
 9199229
 9200104
 9201441
 9201253
 9202171
 9199690
 9200347
 9201020
 9199702
 9199260
 9203135
 9205042
 9206215
 9205283
 9202982
 9203043
 9204806
 9205584
 9205668
 9203096
 1377139
 9204743
 9205156
 9203351
 9171130
 9190227
 1318290
 9194604
 1351785
 1373800
 9197635
 9198994
 9200744
 9202166
 9201961
 9199618
 9200677
 9199736
 9202096
 9202100
 9199521
 9202944
 9206247
 9205993
 9206186
 9203912
 1417110
 9203655
 9203779
 9205522
 9204001
 9205577
 9206523
 9205150
 9160812
 9163668
 9178799
 9195966
 9197022
 9200188
 1317924
 9176060
 9201016
 9200725
 9201394
 9202745
 9205067
 9204754
 9205977
 9205909
 1377057
 9197242
 9195111
 9193407
 1205248
 9195935
 9198795
 9197731
 9198248
 9197077
 9198220
 9195845
 9198291
 9198685
 9198831
 9202705
 9200301
 1417061
 9200293
 9200873
 9201178
 9201339
 9201576
 9202165
 9200901
 9202663
 9202084
 1377515
 9202217
 9202677
 1367342
 9206185
 9203378
 9204961
 9205985
 9206312
 1322855
 9204892
 9206321
 9206100
 9206299
 9206385
 9206325
 9203022
 9204504
 9205479
 9205530
 9205321
 9205428
 9203845
 9204184
 9205871
 9205894
 9206023
 9206138
 9206399
 9205656
 1378273
 9206277
 9205655
 9203716
 9204511
 9203459
 9204740
 9205012
 9206008
 9206338
 9203919
 1202276
 1387380
 9190636
 9196204
 9198203
 9198848
 9204024
 9203327
 9203885
 9203981
 9204011
 9205384
 9205396
 9203624
 9203848
 9206131
 9204310
 9205144
 9203287
 9205459
 9204881
 9192122
 9194235
 1317905
 9201535
 9200846
 9201168
 9199641
 9204431
 9205494
 9203822
 1382985
 9205326
 9205956
 9204125
 9205682
 9200176
 9203646
 9205231
 1202258
 9202983
 9203973
 9102878
 9183170
 9185521
 9189350
 9189618
 9195740
 9198826
 9198830
 9199621
 9204825
 9184043
 9185634
 1315610
 9196953
 9198033
 9199456
 9199652
 9201732
 9202215
 9202400
 9202664
 9198997
 9199615
 1202364
 9206248
 9203149
 9205415
 9206015
 9206024
 9203902
 9205875
 9204873
 9204930
 9204945
 9205620
 1417136
 9203213
 9204223
 9205228
 9205678
 9206227
 9202997
 9203632
 9205280
 9204746
 9205625
 1389698
 9204140
 9205368
 9204953
 9205982
 9204980
 9206528
 9203508
 9203850
 9205353
 9205379
 9204256
 9204701
 9205198
 1202252
 1202214
 9182764
 9191403
 9189968
 9202248
 9199984
 9202537
 1378261
 9199066
 1296622
 9205482
 9205963
 9205292
 9202777
 9202811
 9203518
 1010092
 9163335
 9199396
 9201099
 9199572
 9204533
 9204532
 9204731
 9205251
 1317921
 9203329
 9203990
 9203062
 9203068
 9203106
 1205209
 9173380
 9176578
 9191132
 9191691
 9195447
 9195456
 9198886
 9168590
 1364613
 9174347
 1330691
 9179259
 1235831
 9177577
 9177796
 9177511
 9178691
 9178797
 9178006
 9181624
 9182018
 9180812
 9187125
 9187542
 9185142
 9186431
 9187699
 9187141
 1377228
 9185515
 9190771
 1377071
 9190036
 9190547
 9193648
 9194537
 9195188
 9194416
 9193504
 9193766
 9194195
 9197386
 1322656
 1322657
 9198440
 9198108
 9197175
 9196425
 9198236
 9200553
 9201135
 9202612
 1377503
 9199216
 9206044
 9206164
 9157205
 9163677
 9168895
 9166988
 9166689
 9166597
 9169893
 9172709
 9174435
 1373626
 9173561
 9174460
 9175704
 9175579
 9174784
 9177606
 9179299
 9177768
 1235825
 9179228
 9183872
 9181368
 9180888
 9183125
 1188222
 1188039
 9182532
 9180883
 9187597
 1373440
 9187616
 9186805
 9187658
 1353060
 9188302
 9190003
 9190758
 9189724
 9191489
 9188756
 9188274
 9190155
 9188380
 9189493
 9190005
 9194282
 9193626
 9194878
 1373038
 9191883
 9192597
 9194835
 9194848
 9195062
 9195261
 9194314
 9193986
 9194906
 9194933
 9193158
 9193051
 9192615
 9192619
 9198391
 9197081
 9195835
 9197066
 9198398
 9198722
 9196032
 9197522
 9198748
 9196563
 9200082
 9199822
 9201148
 9202345
 9201659
 9200397
 9199468
 9202068
 9202669
 9199193
 9200361
 9206410
 9204102
 9205523
 9204350
 9204260
 9206175
 9203579
 9203304
 9206050
 9205786
 9205414
 9203690
 9205471
 9168084
 9168383
 9174156
 9173932
 9183585
 9187930
 9190053
 9190606
 9194864
 9202110
 9170611
 9178732
 9186339
 9188961
 9190672
 9192521
 9193975
 1263003
 1357911
 9202213
 1417068
 9201693
 9202595
 9199524
 9199937
 9201051
 9204432
 9204108
 9203623
 9203628
 9204822
 9205320
 9203765
 9206005
 9206153
 9203935
 9204014
 9203703
 1202270
 9192520
 9192531
 9201676
 9202466
 9206291
 9205644
 1318264
 9191660
 1322659
 9198852
 9198853
 1367337
 9197212
 9204336
 9206492
 1378276
 9203695
 9173779
 9175669
 1362369
 9177573
 9179990
 9185746
 9190204
 1372020
 9193563
 9192990
 9194707
 9192590
 9194277
 9198410
 9196108
 9197038
 9200446
 9202073
 9199701
 9199777
 9201358
 9199459
 9200377
 9201157
 9201915
 9201956
 9202318
 9199479
 9199655
 9200851
 9201409
 9203156
 9205073
 9205273
 9204012
 9203131
 9204136
 9204628
 9204192
 9204528
 9204994
 1377121
 9203920
 9204910
 9205118
 9203165
 9203276
 9204092
 9205051
 9205244
 9205466
 1202398
 1315782
 9183937
 9184327
 9184879
 9188738
 9190960
 9191231
 9188639
 9194305
 9195029
 9200676
 9201885
 9202375
 9200615
 9202389
 9201449
 9202546
 1384455
 9200150
 9204460
 9205165
 9205555
 9206192
 9204833
 9206326
 9206330
 9206444
 9205313
 9205423
 9205433
 9206289
 9203987
 9203558
 9206021
 9206030
 9206145
 9203498
 1202367
 9196445
 9197972
 9186094
 9184320
 9190312
 1322743
 9200480
 1378255
 9199741
 9201768
 9206197
 9206122
 9203376
 9206463
 9203753
 9203462
 9204764
 9204710
 9204848
 9203296
 1161327
 1284085
 9189372
 1389706
 9199795
 9202700
 9199943
 9202223
 9174384
 9177335
 9179697
 9187069
 9191292
 9188936
 9200021
 9197814
 9201246
 9205598
 9161813
 9163275
 9170485
 1310892
 9174672
 9174598
 9178235
 9189424
 9191348
 9189051
 9192184
 1365994
 9196495
 9197604
 9196605
 9198745
 9195987
 9196530
 9197393
 9197449
 9201902
 9202103
 9198944
 9201881
 9202283
 9201053
 9202295
 9201687
 9200552
 9201108
 9202661
 9199391
 1202342
 9203847
 9206331
 9203621
 9204394
 1296621
 9206064
 9204400
 9205223
 9206148
 9204055
 9206466
 9206467
 1378275
 9203977
 9205775
 9203873
 9205604
 9205641
 9204832
 9206161
 9203979
 9203590
 9205512
 1202400
 9185680
 9189617
 9191802
 9192707
 9191803
 9197626
 9195585
 9199705
 9202472
 9201988
 9200958
 9201704
 9200423
 9205707
 9203438
 9205886
 9204666
 9166013
 9173344
 9181755
 9186190
 9191636
 9192721
 9195396
 1377469
 9198829
 9199020
 9203757
 9184028
