16-08-02
 9124681
 9130458
 9132662
 9134094
 9137453
 1324980
 9142169
 9142194
 9146335
 1362705
 9142303
 1318104
 1318121
 9124543
 9128849
 9139934
 9142652
 9142952
 9141338
 9142109
 9141830
 9143526
 9140704
 9143020
 9142597
 1222507
 9144147
 9144150
 9146416
 1322215
 9146057
 9144297
 9144138
 9143762
 9143849
 9144118
 9145770
 9146271
 9144662
 9144221
 9144524
 9145297
 9144427
 9140802
 9141506
 9145970
 9144243
 9133630
 9133822
 9135319
 9135011
 9124234
 9142377
 9140539
 9142098
 9144339
 9146282
 9144152
 9144856
 9146200
 1232897
 1297775
 1297779
 9137289
 9139787
 9137352
 1297850
 9118936
 9093997
 9132607
 9138290
 9132261
 9132439
 1358079
 1358775
 1358766
 9130828
 9131155
 9132544
 9142152
 9144745
 9144486
 9144397
 9142476
 9132690
 9131998
 9132549
 9132824
 9132168
 9131635
 9138836
 9137166
 1377915
 9143061
 9143375
 9143410
 9141637
 9142552
 9145163
 9144465
 9145856
 9146474
 9144285
 9146286
 9146185
 9146350
 9144289
 9143917
 9144129
 9145670
 9145766
 9144089
 9144552
 9145259
 9145292
 9145781
 9146087
 9146095
 9143794
 9144911
 9144213
 9146373
 9145058
 1326217
 9145389
 9143986
 9130535
 9128103
 9135418
 1393253
 9137814
 9140430
 1393272
 9141864
 9137446
 9140065
 1297826
 9125342
 9125901
 9127561
 1209376
 9132177
 9131356
 9131760
 9136124
 9135563
 9139668
 9139809
 9140668
 9140993
 9141682
 9141222
 9145258
 9144149
 9145749
 9145884
 9146086
 9146267
 9144421
 1368378
 1377870
 9115692
 9131566
 9135428
 9137496
 9139047
 9142205
 9142627
 9142656
 9141148
 9144991
 9143842
 9119417
 1311582
 9127958
 9131147
 9131151
 9134790
 1373329
 9137719
 9139400
 9140189
 9142713
 9143393
 1194690
 9141085
 9143298
 9141403
 9141906
 9142315
 9145587
 9146040
 9144301
 9144236
 9144678
 9145302
 1373127
 9139006
 9135186
 9125805
 9132144
 1387142
 9132590
 9139836
 9137178
 9143005
 9143240
 9145581
 9145441
 9145886
 9144913
 9129566
 1358328
 9127574
 9127962
 1365932
 1318033
 1318043
 9143090
 9137958
 9139205
 9140104
 9142951
 9143040
 9144672
 9144854
 9144883
 9145186
 9145807
 9146331
 9144107
 9125457
 9136858
 9135347
 9140420
 9139600
 9141475
 1297843
 9145817
 9144085
 9144148
 9145101
 9144728
 9145502
 1377947
 9135824
 9138271
 9143438
 9142600
 1393279
 9129851
 9134241
 9134781
 9134746
 9135120
 1377990
 9139438
 9137326
 9137523
 9138796
 9141823
 9142031
 9141534
 9142305
 9141137
 9113249
 9116143
 9115478
 1297758
 9135918
 9136499
 9136837
 9134803
 9139511
 9138529
 9139247
 9139541
 9140119
 9140100
 9141867
 9141141
 9140750
 9145228
 9144398
 9145390
 9146291
 9144601
 9146115
 9146254
 9144637
 1332847
 1373347
 9145545
 9117056
 9119290
 9126785
 9125247
 9126308
 9126518
 9128226
 9128554
 9130528
 9131961
 9131984
 9132809
 9134816
 9136071
 9136030
 9137468
 9138611
 9137839
 9138354
 9138551
 9139063
 1297794
 9138429
 9140429
 9137652
 9141260
 9141772
 9142105
 9141045
 9142355
 1326269
 9143834
 9145374
 9144337
 9145957
 9144081
 9144442
 9144495
 9145421
 9144169
 9144929
 9144789
 9145422
 1368373
 9145470
 9146055
 1359520
 9146533
 9146544
 9143731
 9144866
 9129376
 9132462
 9132145
 9140297
 9138353
 9143070
 9142983
 9141586
 9141378
 9141465
 9142448
 9144471
 9144714
 9145414
 9146091
 9146096
 9146366
 9146053
 9145479
 9145123
 9145268
 9145275
 9145780
 9146164
 9144586
 9144628
 9144924
 9146351
 9144379
 9143966
 9144062
 9144041
 9144712
 9144766
 9144953
 9145063
 9145169
 1318125
 9145090
 9131955
 1304579
 9140289
 9141030
 9143087
 9143453
 9141247
 9140664
 9142401
 9142800
 9143362
 9145293
 9146068
 9144036
 9145104
 9145849
 9146098
 9146404
 9145159
 9143765
 1393277
 9145088
 9144179
 9097396
 9110929
 9141283
 1315026
 9142637
 1358889
 9124202
 9135468
 9139377
 9128841
 9130071
 9132460
 9142429
 9143875
 9143999
 9117646
 9123628
 1318008
 9129633
 9129232
 9131766
 9132481
 9135961
 9136191
 9136416
 9138964
 9139857
 9140089
 9137642
 9137594
 9137286
 9138307
 9139609
 9139106
 1318091
 9139361
 9138129
 9143350
 9143143
 9144872
 9145307
 9144731
 9146437
 9144373
 9145370
 1373962
 9143795
 9144186
 9145349
 1394105
 1373998
 9145256
 9143951
 9145693
 9107683
 1366687
 9131073
 9134806
 9137109
 9137591
 9137408
 9140688
 9143153
 1322457
 1315994
 9145109
 9145939
 9146278
 9145684
 9144992
 9144173
 9145589
 9144473
 9144957
 9145033
 9145164
 9146408
 9145061
 9145148
 9145323
 9146529
 9144220
 9144726
 9133846
 9136823
 9135142
 9142121
 9141482
 9141277
 9143079
 9142939
 9142056
 9103472
 9107650
 9115268
 9117660
 9122217
 9125086
 1358788
 9134481
 9141488
 9143216
 9139357
 9143038
 9144063
 9145079
 9145387
 9146461
 9146306
 9143710
 9146315
 9137033
 9136248
 9136260
 1377998
 9136655
 9139295
 9137471
 1321049
 9140974
 9143236
 9141530
 9141589
 9140997
 9142528
 1377864
 9141059
 9141545
 9145050
 9145113
 9145852
 9146406
 9146468
 9145759
 9145953
 9144347
 9145883
 9144378
 9145332
 9145709
 9146015
 9146076
 9144128
 9144556
 9145394
 9145490
 9145657
 9145893
 9144017
 9145153
 9146239
 9146277
 9145456
 9146388
 9144190
 9145876
 9145975
 1318132
 9145013
 1326218
 9131686
 9133816
 9134154
 1297792
 9140462
 9146521
 9146522
 9146525
 9137220
 9143469
 9143098
 9141357
 9145874
 9144400
 9144706
 9146001
 9146023
 9144368
 9144374
 9144643
 9144834
 9146370
 1368355
 1367157
 1367158
 9145095
 9145189
 9145192
 9144202
 9144835
 9145630
 9114860
 9125823
 9128410
 9130014
 9138370
 9145824
 9144647
 9145754
 9144614
 9145397
 9128475
 1297783
 9142201
 9144722
 1284259
 9144072
 9145897
 9144525
 9145978
 9144115
 9144696
 9145561
 9144684
 9144312
 9137010
 9120579
 9126177
 9136503
 9142405
 9141010
 9141455
 9142530
 9141164
 9141439
 9143031
 9146392
 9146496
 9144410
 9144435
 9145277
 9145027
 9145201
 9145493
 9145638
 9145301
 9145830
 9144580
 9143965
 9146356
 9144120
 9146027
 9144938
 9145942
 9146536
 1232868
 9144233
 9144276
 9145600
 9145697
 9145703
 9145712
 9125071
 9133810
 9140912
 9145818
 9144422
 9144725
 9146458
 9145026
 9144199
 9133234
 9139929
 9142036
 9141391
 9143088
 9141849
 9145565
 9143919
 9144549
 1284258
 1232881
 9144847
 8872819
 8941035
 9033709
 9048646
 9138035
 9137659
 9119944
 9120396
 1382824
 9127259
 9137865
 9142470
 9143074
 1243263
 9124251
 9124252
 9124778
 9131046
 9132469
 9133683
 9135487
 9134764
 9139877
 9137501
 9137754
 9139494
 1324744
 1324982
 9138778
 9141972
 9141665
 9140829
 9140478
 9142792
 1326211
 9144474
 9146199
 9144252
 9146358
 1296530
 9145150
 9146168
 1146323
 9121722
 1160889
 9126646
 1373251
 1373252
 9128082
 9129408
 9131597
 9132501
 9133817
 1322190
 9135399
 9135334
 9137210
 9137506
 1373079
 9138627
 9139266
 9138636
 9139764
 9138819
 9139951
 9142759
 9143455
 9141817
 9141941
 9141218
 9142998
 1377938
 9140874
 9142428
 9143303
 9143573
 1326209
 1394050
 9145812
 9144359
 9145569
 9145264
 9144570
 9144112
 9144916
 9144649
 9134123
 9140431
 9120058
 9127465
 9136957
 9137058
 1332660
 9137609
 9139387
 9141720
 9142547
 9142794
 9142590
 9141640
 9141361
 9143652
 1332681
 9144484
 9145346
 1374000
 1373090
 9144229
 9146045
 9144176
 9144607
 9144652
 9145053
 9145467
 1357741
 9143748
 9146280
 9145738
 9143883
 9145451
 9145949
 1224762
 9134797
 1224769
 9143154
 9145093
 9145578
 9145838
 9145917
 9124851
 9135021
 9134107
 1322197
 9139335
 1318090
 9143330
 9145423
 9126069
 9128555
 1366634
 9135184
 9136053
 9134730
 9136297
 9139756
 9140053
 9140231
 9140208
 9137944
 9138937
 9139171
 9139380
 9137927
 1011927
 9139125
 9139912
 9139962
 9141799
 9142161
 9141121
 9140701
 9141033
 9141111
 9142961
 9143188
 9142379
 1297846
 9141182
 9143013
 9140881
 9141731
 9143115
 9143180
 9140763
 9142620
 9143263
 9142120
 9141660
 9141374
 9142005
 9142009
 9145573
 9144635
 9145880
 9144467
 9144752
 9145106
 1365947
 9146340
 1011933
 1232883
 9145035
 1362704
 9144606
 9144653
 9145635
 9145804
 1321204
 9118597
 9122404
 9126397
 9124389
 1318026
 9132671
 1358466
 9133787
 9135316
 9134126
 9137598
 9140193
 9139041
 9140387
 9137410
 9138751
 1322213
 9142073
 9141692
 9142022
 9141390
 9143173
 9140639
 9141667
 9140836
 9142781
 9141252
 9141781
 9142666
 9141737
 9144668
 9144674
 9144956
 9146264
 9146270
 9146483
 9144444
 9145650
 9145929
 9146318
 9146130
 9144760
 9145135
 9145688
 9146051
 9146434
 9145645
 9144447
 9145280
 9146316
 9145008
 9145322
 9145480
 9146186
 9141967
 9140828
 1318099
 9141414
 9141220
 9144736
 9146151
 9131997
 9130937
 9134905
 9137097
 1318076
 9138258
 9140513
 1318108
 9145509
 9145436
 9144784
 9144171
 1318124
 1318130
 1232888
 9121050
 9127955
 9128696
 9127869
 9127776
 9128439
 9144334
 1373092
 9129141
 9128482
 1373485
 9131488
 9132913
 9135321
 9135932
 9135425
 9138482
 9138878
 9137487
 9139629
 9137697
 9138671
 9142705
 9143268
 9143388
 9143069
 9143405
 9143512
 9142698
 9141539
 9143189
 9141437
 9142455
 9142630
 9143406
 9141618
 9142682
 9145586
 9143654
 9144406
 1351129
 9144238
 9144774
 9145488
 9145935
 9146396
 9146463
 9144536
 9143921
 1373955
 9145246
 9145497
 1358894
 9144644
 9145254
 9145266
 9146198
 9146261
 9146369
 9146132
 1389491
 1377814
 9145590
 9146391
 9143699
 9144380
 9130808
 1318052
 9134355
 9139045
 9142342
 9143368
 9144893
 9144105
 9144498
 9145396
 9145016
 9144695
 9138009
 9140917
 9146526
