16-08-20
 9176072
 9178289
 9190467
 9190084
 9200094
 1378259
 9206495
 9206496
 9210080
 1378283
 9160537
 9163372
 9176920
 9178137
 9182248
 9191101
 1318295
 1318297
 9197402
 9198072
 9201388
 9199769
 9203680
 9206167
 9205375
 9204242
 9206448
 9203741
 9204068
 1377124
 1377125
 9206212
 1202257
 9208618
 9208414
 9208444
 1322679
 9208398
 1417218
 9207736
 9207921
 9209453
 9208399
 9209667
 9207702
 9209420
 1389790
 9208908
 9208609
 9207961
 9209447
 9207576
 9208362
 9197943
 9182801
 9182822
 9194889
 9202002
 9200438
 9208334
 9209725
 9207600
 9208988
 9207008
 9207798
 1404969
 1146331
 9181737
 9182627
 9186565
 9189230
 9190872
 9193707
 9196189
 9196897
 9196206
 9202132
 9200440
 9171928
 9173709
 1269549
 1353326
 9179926
 9183555
 9192034
 9194526
 1317903
 9197862
 9201231
 9202680
 9203234
 9204812
 9202809
 9205948
 9205095
 9204933
 9210231
 9209213
 9208559
 9208880
 9208991
 9209961
 9209580
 9209649
 9209665
 9209785
 9209992
 9210119
 9210224
 9207994
 9208529
 9209541
 9207841
 9208549
 9209689
 1378266
 1378277
 1378279
 1378280
 9209051
 9209499
 9209845
 9207116
 9193239
 9205594
 9169769
 9167016
 9168643
 9169778
 9171799
 9204443
 9206280
 9205453
 9181225
 9202570
 9203164
 9206315
 9205853
 9205970
 9206426
 9209319
 9209443
 9189199
 9189771
 9201626
 1377498
 9201873
 9205277
 9204858
 1377122
 9205489
 9205809
 1202206
 9208320
 9209885
 9209941
 9209644
 9207066
 9208670
 1202869
 9195416
 9198845
 9180266
 9187010
 9186067
 9190044
 9194418
 9198319
 9202037
 9204413
 9204687
 9208558
 9207689
 9179380
 9193528
 9200367
 9205955
 9205777
 9205740
 9205774
 9209412
 9207065
 9207186
 9207581
 9206850
 9206889
 1387393
 9197871
 9205139
 1367196
 1318563
 1318583
 9156093
 1326314
 9180259
 9177739
 9187350
 9194034
 9197592
 9199511
 9200157
 9203869
 9202984
 9205742
 9205465
 9204032
 9203490
 9202991
 9205258
 1202213
 9206730
 9207882
 9210144
 9209023
 9207978
 9210044
 9209545
 9209800
 9208574
 1378262
 9207242
 9208201
 9207650
 9207607
 9209218
 9207076
 9209361
 1202242
 9209925
 9197685
 9200894
 9206020
 9205460
 9205298
 9205304
 9203802
 9208429
 9207107
 9208234
 9195452
 1317904
 9201577
 9201181
 9203881
 9204816
 9205306
 9206506
 9204804
 9207002
 9208986
 9208853
 9208225
 9208254
 9208793
 9209476
 9166651
 9182161
 9189869
 9208187
 9208021
 9197848
 9197504
 9201460
 1377502
 9202030
 9199666
 9205898
 9206370
 9204465
 9203715
 1378270
 9203762
 1359627
 9208403
 9210072
 9208122
 1417142
 9209105
 9207246
 9210206
 0775891
 9208218
 9210015
 9208927
 9209489
 9209860
 1202241
 9176319
 9189037
 9193894
 9193458
 9192354
 9195461
 9198710
 9197403
 9196512
 9201707
 9201202
 9203083
 1359625
 9204079
 9203563
 9207879
 9206947
 9207088
 9207762
 9209365
 9209375
 9209797
 9208315
 9209194
 9207556
 9208013
 9209203
 9209757
 9206976
 9208408
 9208410
 9209579
 9209656
 9209771
 9208577
 9208623
 9193450
 9196960
 9201674
 9205900
 9206007
 9205542
 9206205
 9204130
 9206174
 9206110
 1202292
 9210116
 9208206
 9208149
 9209555
 9208801
 9210174
 9207067
 1326337
 9177465
 9180597
 9182567
 9190069
 1367314
 9197734
 9201884
 1367346
 9202910
 9203566
 9205811
 9204209
 9204057
 9208101
 9208865
 9207377
 9208473
 1224787
 9208697
 9209672
 9208840
 9207256
 9208308
 9209072
 9207988
 9208409
 9209094
 9209714
 9210056
 9206593
 9209022
 9162914
 9166412
 9186545
 9189861
 9188743
 9189978
 9189704
 9193746
 9191766
 9194599
 9192642
 9192774
 1202909
 9197433
 9196744
 9198071
 9202353
 9201301
 9201999
 9202702
 9201429
 9205630
 9206028
 9203697
 1202383
 9208671
 9208169
 9208120
 9208012
 9209675
 9206845
 9208233
 9141546
 9199762
 9205345
 9201823
 9194480
 9194138
 9200989
 9202107
 9202704
 9203394
 9204891
 9206494
 9207822
 9179207
 9189220
 9194376
 9192876
 9192802
 9197876
 9196574
 1417079
 1417083
 1202313
 9206016
 9203712
 9205142
 9205972
 9206427
 9206526
 9203493
 1367154
 9204096
 9206168
 1202293
 9206678
 9208783
 9208917
 9209840
 9210246
 9209563
 9209567
 9207619
 9208769
 9209572
 9209709
 1417216
 9209400
 9207274
 1318572
 9207739
 9193351
 9196683
 9205988
 1389690
 9208070
 9207261
 9208150
 1389777
 1389263
 9208219
 9207204
 1326336
 1202875
 9166582
 9174377
 9192988
 9199904
 9203851
 9203972
 9204028
 9203150
 9205572
 9203284
 9203772
 9208838
 9209597
 9209600
 9209609
 9208864
 9209417
 9209517
 9172478
 9175760
 9179576
 1317865
 9186634
 9188394
 9194151
 1367309
 9196379
 9200177
 9201765
 1254139
 1417036
 9203171
 9206061
 9203561
 9206022
 9205615
 9205137
 9209270
 9207655
 9208773
 9206879
 9208764
 9208316
 9207709
 9210208
 9209308
 9208884
 9207018
 9208588
 9209565
 9209679
 9206721
 9209304
 9176298
 9181986
 9189291
 9193113
 9194520
 1379849
 9194761
 9198136
 9198176
 9201653
 9203222
 9209592
 9206707
 9206718
 9194301
 9200059
 9200581
 9201793
 9201630
 9203272
 9205486
 9206067
 9204956
 1377138
 9204016
 9206555
 9208016
 9209480
 9209906
 9207609
 9188162
 9189468
 1318289
 9193073
 9196808
 9198290
 9202241
 9199531
 9201928
 9201815
 9204097
 9204744
 9205249
 9203292
 9204601
 9203151
 9204669
 9205891
 9205952
 9205947
 9208468
 9207868
 9208227
 9208581
 9208929
 9209419
 9209671
 1322681
 9207372
 9209590
 9209987
 9210106
 9208299
 9206760
 9206806
 9206810
 9209662
 9209920
 9208970
 9209817
 9208644
 9207993
 9208520
 9206965
 9207777
 9209888
 9210258
 1318581
 9208993
 1326089
 9201036
 9199317
 9203256
 9196842
 9199028
 9199059
 9202751
 9204047
 9203071
 9208897
 9207985
 9208781
 9209230
 9208251
 9208934
 9208161
 9207973
 9207799
 1318577
 9210195
 9205749
 9203774
 9204872
 9207470
 9206848
 9205399
 9205583
 9200838
 9207700
 9204741
 9203657
 9182502
 9193830
 9205847
 9198781
 9197382
 9203008
 9204845
 1202374
 9206839
 9207193
 9207474
 9207730
 9208873
 9209305
 9209745
 9209781
 9208816
 9209041
 9209922
 9208445
 9207666
 9207281
 9208668
 9209215
 9209792
 9209959
 9210075
 9209261
 9209120
 9206715
 9210001
 9207086
 9209903
 9207922
 9208565
 9209898
 9209369
 1202611
 1202622
 9184049
 9190593
 9190267
 1394192
 9192247
 9200257
 9202555
 9204224
 9208999
 9209652
 1322859
 9208007
 9206575
 1383000
 9209060
 1326090
 1326167
 9206556
 9204861
 9204332
 9208374
 9209007
 9207118
 9207503
 9187965
 9191689
 9191690
 9191692
 9191693
 9191694
 9191696
 9187977
 9192304
 9170267
 9185358
 9195118
 9195182
 9192800
 9193659
 9197130
 9198249
 9197756
 9198267
 9198614
 9197098
 9197627
 9198771
 9198851
 9200826
 9200942
 1322738
 9199821
 9201982
 9201318
 9200511
 9201176
 9203707
 9203267
 9205910
 9204882
 9205370
 9206256
 9206345
 9205130
 1253987
 1253988
 9191642
 9192953
 9201481
 9200380
 9202646
 9201290
 9199804
 9202142
 1254142
 9204523
 9205518
 9204622
 9204354
 9204182
 9206049
 9205905
 9204365
 9205100
 9205290
 9205634
 9204497
 9205554
 1326333
 1404958
 9209405
 9209883
 9209956
 9210162
 9210196
 9207262
 9207288
 9207906
 9207670
 9207917
 9207694
 9209695
 9209602
 1326339
 9150491
 9154692
 9169116
 9170610
 9171140
 9174842
 9175720
 9176531
 9177393
 9181035
 9181796
 1377215
 9181432
 9185718
 9186368
 9186527
 1273213
 1326323
 9190684
 9192081
 9192245
 9192289
 9194664
 1359593
 9192555
 9192955
 9197213
 9198395
 9197311
 9196588
 1315614
 1377506
 9200214
 9201361
 9200742
 9205737
 9206109
 9203247
 9203896
 9203163
 9204673
 9206284
 9205123
 9205190
 9202788
 9205831
 9204435
 9205245
 9205420
 9204507
 9206207
 9203824
 9205134
 9207888
 9209397
 9208291
 9207996
 9209249
 9207399
 9207494
 9209773
 9209970
 9208467
 9207136
 9208003
 1377555
 9207029
 9208229
 9208624
 9208943
 9209161
 9208587
 9207422
 9166794
 9168742
 9179268
 1376879
 9189441
 9192383
 9197029
 9200792
 9201160
 9170379
 9181811
 9182065
 9183014
 9190706
 9196207
 9198019
 9201213
 9201507
 9204484
 9204893
 9204693
 9203669
 9208037
 1417220
 9209859
 9207605
 9209180
 9209461
 9207356
 9206963
 9207240
 9207911
 9209179
 1202228
 9196770
 9206199
 9209065
 9210124
 9209552
 9198369
 1322669
 9202066
 9202551
 9206723
 1378282
 9152893
 9178003
 9193256
 9196487
 9197563
 1202338
 9205739
 9203133
 9205158
 9205162
 9209273
 1351849
 1351906
 9207401
 9207491
 9207898
 9207016
 9207020
 9207144
 9208189
 1326335
 9163615
 9164295
 9194544
 9197481
 9198665
 9200359
 9201042
 9201861
 9199629
 9202632
 9199578
 9200661
 9203857
 9205657
 9204739
 9205992
 9204418
 9205896
 9203442
 9205288
 1318561
 9204625
 1351908
 9208424
 9208525
 9207959
 9207972
 9208654
 9209645
 9209734
 9208455
 9209373
 9207617
 9210184
 9210010
 9207805
 9206717
 9206855
 9181228
 9198142
 9196475
 9195852
 9200313
 9200823
 9201721
 1202325
 9203500
 9204485
 9206430
 9203161
 9205782
 9203708
 9207523
 9209241
 9209582
 9209526
 9195405
 9201743
 9205419
 9205961
 9204679
 9205017
 9205350
 9205509
 9210135
 9209363
 1315573
 9163458
 9183304
 9186607
 9193281
 9192753
 9197946
 9196532
 9197939
 9196742
 1286843
 9197431
 9202352
 9201400
 9201646
 9201919
 9201579
 9202641
 9201195
 9202288
 1417100
 9204738
 9205663
 9206300
 9204508
 9203524
 1318557
 9203087
 9205301
 9207554
 9209508
 9207149
 9207315
 9207732
 9209732
 9207376
 9207386
 9207208
 9208787
 9209575
 9209620
 9209240
 9207036
 9208599
 9207313
 9208147
 9206605
 9207293
 9198841
 9196621
 9201320
 9200314
 9200803
 9204537
 9203435
 9203443
 9207318
 9180373
 9186879
 9184330
 9187090
 9192396
 9192819
 9196466
 9202833
 9205887
 9204968
 9204796
 9207967
 1389691
 9206840
 9208082
 9208500
 9209015
 1389265
 T900019631
 T900019627