16-08-03
 9115507
 9135376
 9145771
 9147248
 9111017
 9117755
 9139535
 9140819
 1318114
 9142436
 9142450
 9146495
 1318122
 9145566
 9149951
 9148036
 9149119
 9135387
 9136008
 1284398
 9142422
 9141678
 9145450
 9146081
 1351140
 9149071
 9148987
 9147910
 9146643
 9149138
 9146579
 9148080
 9149831
 9146883
 9148515
 9147907
 9148168
 9147341
 9149973
 9146170
 9149311
 9149545
 9143099
 9148244
 1297980
 9148239
 9149149
 9144791
 9110159
 9146566
 1272751
 9148546
 9148564
 9148100
 1351104
 9135644
 9139665
 9138210
 9139121
 9136595
 9138873
 9136743
 9134690
 1318073
 1318072
 9138884
 9142799
 9145487
 9145778
 9146028
 9145083
 9146281
 9147186
 9147440
 9149959
 9149587
 9149635
 9149772
 9149869
 9147412
 9148727
 9149108
 9149680
 9148577
 9148809
 9148437
 9146887
 9147511
 9148331
 9149734
 9148881
 9148511
 9149089
 9149417
 9147365
 9149525
 9120358
 9138710
 9140970
 1297969
 9144393
 9146347
 9149472
 9149942
 9149818
 9147672
 9133564
 9141591
 9150011
 9126560
 9138842
 9142192
 9145353
 9147391
 9149402
 9149434
 1272755
 9148085
 9136412
 9139949
 9138724
 9142272
 9143244
 9144204
 9144224
 9145832
 9145902
 9148398
 9149588
 9076975
 9120200
 9135631
 1323688
 9138743
 9140332
 9137474
 9141542
 9145559
 9144110
 9146019
 9144183
 9143811
 9145769
 9145327
 9145959
 9146989
 9147853
 9148323
 9148176
 9149323
 9148979
 9147818
 1240460
 9147048
 9149529
 1376690
 9147062
 9148255
 9136396
 9139978
 9140426
 9144053
 9144056
 9146066
 9135175
 9137640
 9145391
 9149955
 9146587
 9148506
 9148897
 1389494
 9147504
 9147623
 9148143
 9147410
 9147054
 1326283
 9147139
 9135946
 1358122
 1315924
 9120465
 1378102
 9138759
 9139133
 9141763
 9140998
 9142246
 9144936
 9117718
 9122565
 9126483
 9135683
 9136338
 9135974
 9135994
 9141408
 9141502
 9145242
 9145724
 9144182
 9149756
 1191972
 9147648
 9147985
 9149159
 9149510
 9149640
 9148377
 1297976
 1297992
 9148518
 9147702
 9148909
 9148074
 9149207
 9147326
 9123350
 9136895
 9139860
 9140182
 9142387
 9143967
 9144828
 9145021
 9148927
 9149444
 9142410
 9142238
 9142512
 9141847
 9144279
 9145225
 9145593
 9146082
 9144636
 1373951
 9143987
 9146378
 9146064
 9144669
 9144676
 1196997
 9144005
 9148246
 9148743
 1272754
 9148485
 1377840
 9147954
 9139401
 9137626
 9142119
 9142523
 9145757
 1368353
 9149161
 9146666
 9147073
 9149427
 9149158
 9146787
 1297552
 1297978
 9148985
 9147300
 9148761
 9146848
 9146945
 9147321
 1377755
 9149477
 9142701
 9149315
 9149698
 9148202
 9149353
 9149616
 9148040
 9147447
 9147715
 9148628
 9149559
 1297983
 9147370
 9147317
 9147761
 9148762
 9131910
 9141311
 9145171
 9145637
 9144322
 9145070
 9145237
 9145983
 9146243
 9148627
 9149328
 1209414
 9149649
 9147687
 9148446
 9147739
 9147927
 1297990
 9148353
 9147009
 9147046
 9148279
 9147284
 9147409
 9147425
 9148410
 9149014
 9149253
 9149440
 9149537
 9149849
 9147092
 9149202
 9149932
 9146975
 9147416
 9147614
 9148819
 9146844
 9147601
 9128525
 9137429
 9137437
 9142691
 9143152
 9143559
 9140909
 9145174
 9144431
 9146999
 9149546
 9148501
 9145719
 9144611
 9131007
 9135012
 9143608
 9144569
 9148886
 9146764
 9148371
 9149373
 9133290
 9118804
 9122156
 9125286
 1318065
 9135728
 9135886
 1377985
 9139025
 9137913
 9141766
 9142808
 9145354
 9144874
 9145017
 9147929
 9147962
 9148184
 9149096
 9149360
 1322230
 9147889
 9147942
 9148712
 9148533
 1376688
 9147548
 9148300
 9149329
 9149221
 1315974
 9146671
 9149548
 1191971
 9147291
 9148601
 9146879
 9147228
 1240450
 9146986
 1315902
 1315037
 9121380
 9121422
 9130177
 9132414
 9135346
 9137228
 9139845
 9139287
 9138335
 1351122
 9142768
 9141352
 9142134
 9143138
 9140931
 9141451
 9143053
 9142941
 9141162
 9141702
 9143501
 9141553
 9140525
 9140784
 9141610
 9145321
 9143809
 9146197
 1243288
 9145131
 9146717
 9147355
 9148905
 9147941
 9148488
 9147270
 1389495
 1377751
 1365948
 9147030
 9148633
 9149281
 9119055
 9124488
 9124615
 9132957
 9141572
 9142345
 9143186
 9143256
 9143149
 9143610
 9143829
 9145915
 9146317
 9145607
 9145067
 9145988
 9143918
 9144859
 9145065
 9144074
 9145286
 9146362
 9144602
 9144608
 9144667
 1377869
 9144198
 9146515
 9144490
 9144803
 9146783
 9149603
 9148931
 9148357
 9149435
 9147678
 9149288
 9148695
 9147213
 9147260
 9149273
 9150009
 9147486
 9148215
 9116793
 9118736
 9119031
 9122922
 9133841
 9149066
 9145006
 1382740
 9145822
 9147744
 9138263
 9138983
 9142399
 1297968
 9144116
 9145347
 9145068
 9145941
 9146089
 9144987
 9145386
 9148326
 1322223
 9149622
 9147560
 9148411
 9148686
 9148696
 9149290
 9149798
 9147501
 9147666
 9147876
 9147933
 9147774
 9147948
 9148119
 9148988
 9149464
 9149754
 9147811
 9147197
 9149874
 9146817
 9148992
 9147082
 9148895
 9149182
 9149706
 9150002
 9146867
 9134697
 9138369
 9140871
 9145055
 9147390
 9147393
 9147401
 9148476
 9148947
 9148796
 1209418
 1209412
 1297982
 1297986
 9147787
 9147808
 9148314
 9149416
 9149632
 9147069
 9147477
 9147712
 9148723
 9149409
 1209404
 9142432
 9141296
 9143645
 9147389
 1322471
 9148399
 9147394
 9148839
 9147654
 9147596
 9149145
 9147854
 9146736
 9125845
 9128950
 1365933
 9129796
 9129484
 9132623
 9130942
 9137100
 9135107
 9139608
 9140311
 9138931
 9139960
 9140143
 9137284
 1297967
 9143596
 9146552
 9136707
 9139778
 9143213
 9143416
 9142366
 9143365
 9140662
 9142103
 9143698
 9145433
 9144396
 1393282
 9149000
 9148270
 9147257
 9147131
 9146806
 9146809
 9148027
 9149081
 9147903
 9147934
 9147272
 9148443
 9146960
 9147605
 1376687
 1318138
 9149229
 9147173
 9147259
 9147263
 9148945
 9148964
 9149352
 9147585
 9148062
 9136518
 9136780
 9137461
 9137276
 9140957
 9142444
 9142832
 9143420
 9143580
 9144069
 9149652
 9149082
 9149582
 1393288
 1315034
 1232884
 1232886
 9146860
 9149254
 9148356
 9147837
 9147430
 9123011
 9143250
 9141327
 9143141
 9143190
 9142301
 9145250
 9145401
 9146386
 9146423
 9145227
 9144449
 9146179
 9144133
 9144363
 9112278
 9117145
 1243254
 9144372
 9144594
 9145865
 9147313
 9148045
 9148608
 9149289
 9147113
 9149935
 1249839
 1326277
 9127275
 1318019
 9128961
 9133441
 9132834
 9132559
 9134732
 9137870
 9137637
 9139933
 9137838
 9142657
 9143582
 9144033
 9144512
 9146405
 9143860
 9144960
 9144046
 9145179
 9148298
 9147539
 9147344
 9147276
 9148887
 9149557
 9148201
 9147117
 9146846
 9148195
 9136996
 9141614
 9122089
 9124889
 9127994
 9139136
 9142017
 9140964
 9142995
 9145381
 9146262
 9143952
 9147909
 9149115
 9149916
 9148245
 9148479
 9147491
 9149291
 9147543
 9149604
 9149180
 9147226
 9148259
 9147795
 9147558
 9148454
 9149707
 9116217
 9141034
 1322212
 9140923
 9141171
 9144702
 9144705
 9146508
 9146530
 9149881
 9149952
 1322228
 1393287
 9149488
 9149078
 9148778
 9142331
 9142848
 9144627
 9147350
 9149534
 9147361
 9147589
 1358107
 9148453
 9147863
 9147740
 1224766
 1224768
 9138252
 9138259
 9141333
 9143796
 9143798
 9146234
 9144175
 9146031
 9141130
 9143203
 9144888
 9125790
 1357730
 9140461
 9141792
 9144781
 9145196
 9145823
 9146042
 9146050
 9148739
 9149146
 9109697
 1161235
 9141149
 9142982
 9145987
 9144088
 9145195
 9146728
 9147483
 9147833
 1332686
 9147707
 9149333
 9149549
 9147453
 9147882
 1326282
 9137877
 9134698
 9136606
 9141935
 9142972
 9140913
 9145155
 9145076
 9145845
 9144547
 9144585
 9146099
 9144797
 9144314
 9148989
 9148139
 9149236
 9148636
 9149322
 9149574
 9149607
 9149656
 9147661
 9149586
 9148522
 9149076
 9146826
 9147554
 9149741
 9147043
 9147831
 9148735
 9149457
 9149887
 9149210
 9147522
 9147923
 9143059
 9149496
 9148457
 9088597
 9110024
 9122258
 9145976
 9147667
 9148852
 9148621
