16-08-04
 1297781
 1297788
 9135203
 9140476
 1176898
 9137526
 9144430
 9145937
 9146346
 9147437
 9147267
 9150918
 9151059
 9152048
 9152203
 9152209
 9152414
 9089743
 9120219
 9133153
 9143536
 9146519
 9148914
 9147167
 9147640
 9151687
 9152051
 1318150
 1318154
 9116731
 9142094
 9140689
 9141328
 9146452
 9144855
 9146968
 9146782
 1322468
 9147796
 9148272
 9148075
 9148814
 9152149
 9152188
 9150963
 9151077
 9150507
 9151112
 1323122
 9151129
 9150360
 9152019
 9151744
 9152159
 9151541
 9151741
 9152217
 9146556
 9150405
 9151133
 9151480
 9151501
 9138784
 9139080
 9138951
 9149540
 9142082
 9152095
 1368735
 9150502
 9150336
 9122045
 1358178
 1358356
 9128931
 1358396
 1358399
 9143547
 9144219
 9144625
 1332684
 1311556
 1311579
 9144101
 9078726
 9090407
 9091125
 9119468
 9121110
 9128028
 9130978
 9140307
 9139214
 9142114
 9140935
 9144703
 1377832
 9145056
 9147681
 9148673
 9147764
 9147175
 9146908
 9148539
 9146993
 9149727
 9146926
 1326279
 9147896
 9149041
 9150780
 9150920
 9152302
 9152426
 9152361
 9150662
 9151127
 9151371
 9151405
 1377704
 9150722
 9150673
 1318137
 9140942
 9146735
 9149538
 9146119
 9151138
 9090551
 9114399
 9128571
 9128253
 9135380
 9134948
 9138622
 9142231
 1368377
 9145279
 9148781
 9147925
 9149031
 9148340
 9147792
 9148556
 9149611
 9149936
 9150776
 9150411
 9151491
 9150706
 1368696
 9151790
 9141755
 9142276
 9141754
 9145443
 9144042
 9136887
 1272861
 9144208
 9145218
 9147166
 9151385
 9123791
 9132618
 9142798
 9144741
 9144787
 9148667
 9147675
 9148545
 9149009
 9147349
 9147802
 9150513
 9150744
 9150732
 9150576
 9152233
 9151163
 9145146
 9147427
 9141596
 1367160
 1367161
 9133559
 9131927
 9134701
 9146104
 9128227
 9134350
 9145606
 9148861
 9148484
 9148894
 9147836
 9110674
 9137732
 9143520
 9142462
 9148439
 9147274
 9148830
 9152084
 9151330
 9151336
 9150369
 9151187
 9150751
 9150973
 9152037
 1376696
 9119230
 9137206
 9143891
 9144215
 1232895
 9149121
 9149500
 1297551
 9149445
 9147516
 9151279
 9151195
 9151702
 9143452
 9145963
 1393175
 9148478
 9149486
 9148617
 9148254
 9150838
 9150624
 9124185
 9128797
 9136094
 9135513
 9139774
 9142452
 1377950
 9142683
 9144047
 1362706
 9147935
 9147433
 9147840
 9096213
 9136574
 9139562
 9137252
 9137236
 1297798
 9141749
 9144578
 9145288
 9147372
 9149406
 9147343
 9147778
 9148764
 1358106
 1358123
 9148136
 9146789
 9148426
 9150145
 9151860
 1322475
 9151462
 9150578
 9150869
 9151846
 9150593
 9152182
 9151558
 9151739
 9151432
 9150684
 9123669
 9128046
 9138940
 9139724
 9150004
 9148640
 9151252
 9150781
 9150600
 1368733
 9150260
 9152546
 9143619
 9147822
 9149305
 9147368
 1389857
 1315919
 9148157
 9147095
 9147245
 9146794
 9150358
 9151867
 9152106
 9150305
 9150310
 9150885
 9151005
 9150222
 9151657
 1304597
 9150829
 9150632
 9150736
 9150747
 9151253
 9151266
 9151533
 9151719
 9152088
 9152105
 9150601
 1344971
 9150921
 9151076
 9151508
 9151708
 9136298
 9136171
 9135500
 9141023
 9140669
 9142646
 9143511
 9145597
 9144870
 9146111
 9146359
 9146502
 9146516
 1232899
 9146918
 9147333
 9147346
 9147957
 9149446
 9146821
 9148432
 9149001
 9149878
 9147041
 9150139
 9150148
 9152134
 9151350
 9150886
 9151770
 1393294
 9152508
 9152543
 9152065
 1344974
 9150616
 9095120
 9139010
 9144654
 9144940
 9145577
 9149915
 9149043
 9147239
 9150224
 9122394
 9143062
 9135416
 9137863
 9141788
 9145564
 9144963
 9147731
 9147797
 9148888
 9152009
 9152551
 9128199
 9139735
 9138827
 9139091
 9138515
 9137622
 9140576
 1389903
 9141627
 9145145
 9145890
 9144353
 9148329
 9149047
 1209413
 9149519
 1272761
 9149223
 9148137
 9151440
 9152464
 9151544
 9151357
 1373807
 9151720
 9151229
 9151019
 1344951
 9152026
 9126262
 9125965
 9145147
 9143814
 9145285
 9148562
 9147946
 9147700
 9152449
 9150497
 9151447
 9151437
 9151117
 9151523
 9151320
 9135245
 9137445
 9139293
 9139450
 9138336
 9142947
 1254942
 9145774
 9148471
 9149807
 9147913
 9147653
 9147769
 9149005
 9149757
 1163503
 9150327
 9151887
 9150704
 9150709
 9152006
 9152231
 9152007
 9152017
 9150482
 9151872
 9151214
 9151359
 9134664
 9137120
 9141397
 9141936
 9143575
 9145673
 9144358
 9146511
 9148560
 9149086
 9148960
 9148066
 9149779
 1393286
 9147208
 9148843
 1389859
 9147824
 9150028
 9149889
 9150185
 9150492
 9152286
 9152378
 9152387
 9152467
 9152496
 1373824
 9150827
 9151608
 9151213
 9151557
 9151512
 9152305
 1377712
 9152530
 9152531
 1344955
 1176324
 9105219
 9116303
 9121863
 9128246
 9133209
 9136318
 9139994
 1368374
 9150017
 9136577
 9149429
 9149702
 9149079
 9146961
 9147479
 9149152
 9152393
 9150543
 9151954
 9151118
 9140479
 9141764
 9145007
 1368367
 9145161
 9147531
 9147376
 9149249
 9132514
 9140602
 9141521
 9142711
 9141605
 9145969
 9146297
 1325165
 9147545
 9147366
 9147953
 9149278
 9149672
 9148983
 9149196
 9148400
 9148433
 9149836
 9147512
 9148569
 9148228
 9148868
 9149398
 9151122
 9151677
 9151883
 9152317
 9152391
 9151069
 9151716
 9151977
 9152396
 9151829
 9152276
 9151522
 1373845
 9150529
 9151659
 9150160
 9150625
 9150666
 9150959
 9151048
 9151177
 9151332
 9151433
 9151603
 9152192
 1393295
 9150590
 9151328
 9151472
 9152094
 9151538
 9151726
 9151939
 9151934
 9151373
 1344965
 9151111
 9151510
 1297970
 9143246
 1393280
 9146205
 9146505
 1368354
 1318115
 9149244
 9152016
 9150355
 9151093
 9151372
 9150283
 9151855
 1377710
 9152131
 9151291
 9151358
 9149091
 9091710
 9094913
 9113823
 9114938
 9122674
 9137082
 9142892
 1232060
 9143905
 1358126
 9147358
 9128473
 9139549
 9145119
 9149176
 9149098
 1272762
 9147633
 9152275
 9150676
 9151486
 9151725
 9151882
 9151891
 9152085
 9152251
 9152260
 9152310
 9150288
 9150398
 9151203
 9150727
 9151581
 9152068
 9152295
 9150318
 9152049
 9152507
 9152548
 9150568
 9150685
 9151388
 9150742
 9151008
 9132686
 9136251
 1365945
 9141996
 9146162
 9152442
 9151664
 9151751
 9151193
 9151798
 9152369
 9137444
 9147839
 9149343
 9148602
 9147938
 1272753
 9149279
 1297981
 9146969
 9147172
 9148231
 9149266
 9149039
 9149166
 9148465
 9151496
 9152109
 9151001
 9141677
 9146229
 9147864
 9148374
 9147215
 9148313
 9147099
 9147616
 9149671
 9094929
 9116990
 9118294
 9130611
 9139329
 9139741
 9141206
 9146176
 9147303
 9149833
 9147532
 9148440
 9148658
 9149560
 9149856
 9149941
 9149205
 9147040
 9151704
 1296534
 9151579
 9152363
 9150846
 9152277
 9151314
 1326289
 1326290
 9125388
 9136806
 9144191
 9147888
 9147002
 9147089
 9147665
 9148496
 9149999
 9146589
 9148186
 9149230
 9149107
 9151964
 9151514
 1373831
 1373846
 1323128
 9150847
 9150194
 9152268
 9150569
 9119541
 9141954
 9145779
 9147657
 9148867
 9146834
 9111359
 9133482
 9133210
 9132647
 9135162
 9145158
 9145372
 1372523
 9147127
 9147711
 9149027
 1365949
 9148122
 1326281
 9147734
 9151940
 9150448
 9152113
 9152212
 1373814
 1323146
 9150326
 9151850
 9150337
 9150810
 9146295
 9149216
 9144045
 9146507
 1322219
 9148482
 9136575
 9139181
 9141791
 9142776
 9145036
 9146206
 9148680
 9148006
 9148707
 9148678
 1209408
 9146907
 9148307
 9149452
 9149019
 9147806
 9148171
 9148825
 9147880
 9148508
 9147773
 9148748
 9148942
 9148205
 9152098
 9150485
 9150878
 9150460
 9150591
 9151056
 9151068
 1377720
 9151773
 9151952
 9151206
 9120766
 1189349
 9133717
 9145034
 9146322
 9148216
 9149584
 9149593
 9146714
 9148719
 9149627
 1377783
 9148277
 9150558
 9150695
 9150863
 9152382
 9152133
 9152330
 9150642
 9152208
 9150756
 9151282
 9151869
 9132856
 9137580
 9139019
 9142704
 9142390
 9141105
 9141903
 9142340
 9144894
 9144685
 9149564
 9149750
 9147155
 9148226
 9149060
 9147271
 9148290
 9147845
 9152261
 9151831
 9152356
 9150192
 9151240
 9151099
 9120513
 9139640
 9145529
 9145452
 9148498
 9148385
 9149153
 1315929
 1315039
 9151087
 9151652
 9152043
 9151066
 9127777
 9131916
 9135271
 9135818
 9138601
 9139132
 9139642
 9142924
 9142688
 9134142
 9138071
 9140656
 1377944
 9142843
 9144235
 9145230
 9146506
 9144999
 9144002
 9149310
 9149217
 9149615
 9149518
 9146656
 9146840
 9148890
 9148802
 9151633
 9152430
 9151123
 9152022
 9152459
 9152465
 9151246
 9152150
 1393273
 9150463
 9151976
 9152172
 9151863
 9150580
 1353467
 9151227
 9150447
 9150679
 9150554
 9136062
 9137098
 9141019
 9142111
 9141599
 9145108
 9147451
 9147380
 9148412
 9150854
 9116274
 9117320
 9121586
 9125161
 9129048
 9136265
 9141349
 9146558
 9147058
 1368690
 1368694
 9152515
 1368692
 9151545
