16-08-05
 9150947
 9153854
 9155665
 9140585
 9150031
 9151288
 9152365
 9153789
 9155320
 9155905
 9153653
 9115649
 1160622
 9119819
 9138187
 9145644
 9146863
 9148334
 9148923
 9150487
 9150245
 9152075
 9155688
 9153759
 9156167
 9154455
 9156232
 9153529
 9153562
 9152831
 9155169
 9154319
 9155047
 9155679
 9154336
 9152962
 9154684
 9154694
 9156177
 1393300
 9153291
 9154092
 9154270
 9153565
 9153391
 9153760
 9154644
 9155291
 9151752
 1358939
 9154236
 1364332
 9137450
 9152345
 9154492
 9154796
 9153619
 9107835
 1368769
 1366756
 1368706
 1368708
 1390895
 9114156
 9115763
 9115895
 9115079
 9117277
 9119644
 9146171
 9149568
 9147406
 1191827
 9139935
 9150051
 9155856
 9153936
 9110361
 9112312
 9113152
 9115809
 9131385
 1249998
 9139406
 9139550
 9137996
 9142323
 9141624
 9145447
 9146445
 9145798
 9149748
 9148591
 9141484
 9143311
 9142801
 1359506
 9143591
 9143636
 1359517
 9144970
 1232860
 9149386
 9145077
 9134490
 9139832
 9145395
 9148817
 9149577
 1297306
 9150786
 9151323
 9152457
 9150772
 9152221
 9150341
 9156324
 9155305
 9156199
 9156203
 9156205
 9154609
 9154814
 9155056
 9155353
 9154138
 9152798
 9153080
 9153763
 9154262
 9155179
 9155370
 9155390
 9155909
 9153303
 9153731
 9152788
 9154000
 9154898
 9155371
 9154649
 9153962
 1324858
 1324859
 9154605
 9155759
 1284474
 1176894
 9140788
 9151866
 9156229
 1393305
 1297571
 9155858
 9145946
 9152299
 9154729
 9156054
 9141055
 1232890
 9148330
 9148920
 9147779
 9150172
 9151307
 9154179
 9154773
 9155480
 9155561
 9155658
 9152986
 9155861
 1368747
 9155939
 9153769
 9154753
 1362750
 9134397
 9149385
 9142250
 9144691
 9143884
 9148365
 9149139
 9152569
 9152416
 1351066
 9127056
 9131149
 9133244
 9138518
 1322470
 9149141
 9151730
 9153615
 9154118
 9155536
 9153466
 9152934
 9154936
 9146947
 9147134
 9147464
 9147200
 9136955
 9145829
 9138791
 9145992
 1373967
 1232065
 9148632
 9146832
 9152354
 9155677
 9153655
 9154776
 9156215
 9154184
 9155666
 9155953
 9153427
 9154883
 1377740
 9153433
 9152927
 9153054
 1315865
 9139726
 9141009
 9144864
 9144942
 9148856
 9150193
 1376694
 9154459
 9154505
 9153868
 9152772
 9156270
 9151556
 9151293
 9152120
 9154595
 9154331
 9152874
 1297569
 1297574
 9155287
 9130809
 1393261
 9153548
 9156202
 9153479
 9129470
 9139792
 9143170
 9145385
 9143893
 1377822
 9146923
 9148530
 9146811
 9151150
 9151040
 9150420
 9151303
 9151771
 9152066
 9152228
 9150456
 1326287
 9150618
 9150787
 9152055
 9152110
 1322485
 9153818
 9155674
 9154003
 9155242
 9153857
 9154159
 9153750
 9155476
 9153326
 9154625
 9152971
 9154012
 9155297
 1224767
 9131802
 9135026
 1358086
 9138158
 9138794
 9145514
 9143900
 9147724
 9152493
 9150338
 9152836
 9153256
 9153396
 9155178
 9153275
 9153753
 9153832
 9155381
 1297568
 1297570
 9155251
 9154333
 9155111
 9153888
 1362735
 9153405
 9122434
 9121558
 9154354
 9153754
 9153897
 9154857
 9155778
 9153972
 9094527
 1382712
 9120935
 9129959
 9136457
 9138415
 9142613
 9145430
 9143908
 1368359
 9147644
 9149226
 9151261
 9151269
 9150306
 9151451
 1326288
 9128343
 9139975
 9141094
 9143940
 9145350
 1351138
 9150572
 9151110
 9151290
 9150376
 9150619
 9151143
 9151151
 9151260
 9152933
 9152939
 9153425
 9153498
 9154266
 9155921
 9155977
 9153232
 9153239
 9154973
 9155673
 9154540
 9154771
 9155622
 1297572
 9155114
 9155411
 9153005
 9153626
 9154285
 9155121
 9155414
 9155910
 9153082
 9154452
 9155236
 1324902
 9154074
 9154147
 9154301
 9153708
 9146218
 9146504
 1232887
 1232889
 9148381
 1014388
 9147807
 9149212
 9152024
 9151688
 1318157
 9150464
 9150614
 9156003
 9155090
 9155284
 1393298
 9155591
 9156002
 1344984
 9095331
 1351062
 9132696
 9135407
 9154546
 9154156
 9155173
 9155463
 9154409
 1362754
 1362755
 9143323
 9144852
 9144067
 9145640
 9155965
 9153462
 1364333
 9130192
 9135483
 1373311
 9134103
 9137275
 9138536
 9139436
 9141194
 9145583
 9145725
 9149565
 9149638
 1188005
 9147415
 9147318
 9150322
 9151171
 1232069
 1362719
 9150759
 9153650
 9154250
 9155299
 9156129
 9154488
 9155664
 9153346
 9154163
 9155657
 1315036
 9151380
 9153758
 9154698
 9153891
 9154768
 9153867
 9154103
 9155526
 1315864
 1315880
 9153218
 9153782
 9154385
 9154176
 1344986
 9110141
 9132669
 9134438
 9140774
 9141458
 9143950
 9148968
 9147485
 9148115
 9149536
 9147959
 9149274
 9149259
 9152417
 9150608
 9154563
 9156104
 9154160
 9154209
 9154456
 9155427
 9155894
 9153248
 9153189
 9154201
 9155347
 9155308
 9126979
 9129332
 9128520
 9130260
 9136727
 9145188
 9145659
 9148832
 9149744
 9149103
 9149286
 9149412
 9148937
 1373830
 9151899
 9150286
 9150476
 9151550
 9152373
 9152840
 9153577
 9156194
 9153780
 9154025
 9155302
 9153518
 1389917
 1297567
 9156048
 9129260
 9128272
 1209250
 9151382
 9150557
 9151658
 9150974
 9152099
 1368719
 9152935
 9154023
 9154293
 9153984
 9153777
 1163506
 9134854
 9142203
 9142778
 9142407
 9145596
 9148236
 9147721
 9150016
 9146611
 9150831
 9151197
 9151333
 9152270
 9151932
 9155407
 9154963
 9155276
 9153265
 9153752
 9154986
 9156201
 9153704
 9154281
 9154865
 9154193
 9154212
 9153671
 9154630
 9154591
 9155012
 9154054
 9155896
 9155221
 9152940
 9154525
 9154576
 9155558
 9154984
 9156101
 9156237
 9153386
 9154968
 9154380
 1253969
 1318016
 1318079
 9117223
 9115257
 9151097
 9152482
 1322478
 9152001
 9152301
 9150263
 1368714
 9150663
 9151157
 9151943
 1286733
 9152848
 1322481
 9152873
 9153872
 9155029
 9155882
 1297991
 9154229
 9153964
 9155127
 9153883
 9153979
 9002523
 9128684
 9137390
 9148163
 1297979
 9147329
 9151034
 9154476
 9154910
 9155945
 1297555
 1367164
 1344981
 9153258
 9154269
 9155401
 9145558
 9145232
 9146820
 9150247
 9151299
 9153771
 9154400
 9155587
 9152943
 9155840
 9154427
 9152533
 9146014
 9146816
 9151803
 9152170
 9152535
 9150996
 1326117
 9156284
 9152643
 9152718
 9156236
 9152793
 9153117
 9154592
 9155831
 9154402
 9154473
 9155211
 9152997
 9152965
 9155156
 9155182
 9155190
 9155671
 9154044
 9155654
 9153614
 9155567
 9154544
 9153084
 9153408
 9153917
 9153931
 9154442
 9154514
 9155918
 9153247
 9153460
 9153659
 9155027
 9155735
 9155893
 9129878
 9138806
 1365700
 1358909
 9150277
 9152138
 9155996
 9154481
 9154420
 9155072
 9155086
 9156318
 1358961
 9153846
 9152794
 9153980
 9155318
 9143525
 9147436
 9150076
 9151045
 9156134
 9153224
 1297553
 1297565
 1297566
 1297577
 9153350
 9120966
 1321186
 1318020
 9127305
 9127313
 9130540
 9130541
 9131072
 9135187
 9137353
 9139686
 1318095
 9140759
 9143006
 9143338
 9143595
 1318110
 1318127
 9146940
 9127303
 9129345
 9125464
 1358066
 9132693
 9143162
 9141373
 1318131
 9143892
 9149609
 9146870
 9152495
 9077917
 9136701
 9151509
 9151426
 9150197
 9153481
 9155330
 9155784
 9155475
 9155343
 9156226
 9156257
 9156267
 9155300
 9155886
 1377800
 9154712
 9155071
 9154188
 9152780
 9153582
 9089790
 9097855
 9103858
 9118453
 9122514
 9126156
 9132531
 9133005
 9131310
 9132239
 9131157
 9132955
 9135426
 9136918
 9136405
 9135001
 9138586
 9139518
 9139863
 9139666
 9139762
 9138993
 9138686
 9140965
 9142500
 1373124
 9142361
 9140877
 9142639
 9142922
 9143611
 9143209
 9144639
 9146174
 9145190
 1373971
 9144933
 9145012
 9144934
 9144214
 9143978
 9145491
 9146249
 1232066
 9144151
 9144588
 9144598
 9148718
 9148282
 9148526
 9148642
 1209416
 9149297
 9148406
 9149563
 9148321
 9149016
 1014398
 9147386
 9147509
 9148857
 9146839
 9147400
 1323121
 9150595
 1377717
 9151870
 9152145
 9152839
 9153605
 9153787
 9156227
 9153701
 9153483
 9154426
 1358938
 9156264
 9154673
 9152732
 9155573
 9155716
 9154727
 9154769
 9155084
 9155355
 9153545
 9141255
 9142418
 9144773
 9126359
 9126771
 9146263
 9147194
 9147649
 9147717
 9148283
 9151027
 9151249
 9150202
 9150702
 9151548
 9151386
 9150548
 9150880
 9151456
 9150620
 9155742
 9153544
 9153292
 9153333
 9155619
 9154131
 9152897
 9155421
 9155101
 9152672
 9153419
 9154065
 9154754
 9151617
 9150961
 9154069
 9153905
 9144061
 9143997
 9150877
 9150711
 9151731
 9151733
 9156195
 9153726
 9138980
 9147861
 9148904
 9147981
 9151511
 9152129
 9151738
 9150803
 9151667
 9150931
 9154613
 9154964
 9154218
 9153778
 9152834
 9153556
 9154152
 9155095
 9154243
 9153999
 9154205
 1297582
 9152789
 9153558
 9154323
 9155802
 9152891
 9154114
 9155453
 9155521
 9153380
 9146093
 9145265
 9148731
 9149411
 9147969
 9149826
 9149051
 9150635
 9152266
 9150705
 9151132
 9150638
 9153960
 9154519
 9154759
 9155732
 9153877
 9154443
 9155748
 9156033
 1358952
 1297580
 9153601
 9155397
 9155630
 9155860
 9153628
 9153367
 9124238
 9137824
 9139777
 9142255
 9144282
 9145572
 1393275
 9149125
 9151865
 9152466
 9151916
 9152014
 1393293
 9151144
 9151878
 9150977
 9156346
 9153485
 9153564
 9155663
 9154847
 9154255
 9152974
 9154824
 9134500
 9149841
 1318159
 1318163
 9155435
 9153435
 9154423
 9154904
 9145019
 1368698
 1368750
 9151186
 9133467
 9134505
 9139009
 9142606
 9146298
 9144818
 9145510
 9146586
 9146838
 9148906
 9149479
 9150146
 9150819
 9151909
 9151559
 9151098
 9152285
 1378352
 9150385
 1344953
 9152883
 9154574
 9155821
 9155970
 9156329
 9154463
 9156083
 9152832
 9152804
 9152907
 9154352
 9155000
 9155824
 9155655
 9154583
 9153861
 9155077
 9155836
 9155312
 9153372
 9152993
 9154278
 1377727
 9153194
 9154588
 9155539
 9153104
 9153954
 9155614
 9150404
 9154162
 9155266
