16-08-06
 9131538
 9152029
 9153899
 9160061
 9157268
 9159804
 9158944
 9159328
 1318133
 9151044
 9156163
 1318170
 9156975
 9159556
 9159883
 9117725
 9121816
 9126063
 9145517
 9146079
 9146320
 9149129
 9149219
 9151355
 9152359
 1318156
 9155326
 9153079
 9152619
 9156433
 9158824
 9156456
 9157409
 9158277
 9158081
 9159081
 9157412
 9157420
 9157189
 9158142
 1373913
 9156661
 9159157
 9159357
 9159965
 9159101
 9157057
 9158499
 1297708
 9156611
 9156620
 1377666
 9158833
 1243296
 1243299
 9157143
 9158154
 9155653
 9159295
 9159681
 9130519
 9152189
 9153993
 9110998
 9127264
 1358800
 9130829
 9131164
 9134270
 9134274
 9134578
 9134642
 9134734
 9134761
 9135124
 9136671
 9134172
 9134449
 9138288
 9138554
 9139743
 9139861
 9138329
 9140491
 9142058
 9142143
 9142404
 9142884
 9141346
 9149120
 9152199
 9155581
 9157062
 9159072
 1243300
 9155030
 9150050
 1368691
 9152522
 9115304
 1377952
 9132571
 1393251
 1377977
 1393259
 9142125
 1273007
 1393268
 9146494
 9147866
 1393283
 9152141
 9151036
 9150606
 9150546
 9151085
 1393292
 9155366
 9153227
 9154135
 1393297
 9155660
 9153908
 9155304
 9157882
 9159429
 9159584
 9159933
 9158794
 9159774
 9158534
 9157194
 9157551
 9158372
 9159175
 9159403
 9159514
 9158682
 9159736
 1393311
 9159124
 9157896
 1377672
 9159730
 9158295
 9131080
 1393289
 9150964
 9154406
 9153148
 9149778
 9154868
 9157755
 1358456
 9131303
 9132558
 9135963
 9136935
 9134314
 9140198
 9137684
 9137762
 9141183
 9141142
 9145739
 1368358
 9148327
 9147709
 9146992
 9148559
 1368711
 9155697
 9157970
 9157693
 9158308
 9158438
 9159198
 9159464
 9159677
 9159585
 9157330
 9158761
 9148502
 9150481
 1358796
 9142002
 9144723
 9149494
 9150452
 9151089
 9155956
 9157213
 9156820
 9157911
 9119732
 1232857
 9146741
 9149628
 9148038
 1304595
 9155695
 9155992
 9154153
 9155615
 9156015
 9155046
 9155843
 9154764
 9157586
 9158600
 9159325
 9157974
 9159624
 9157794
 9151232
 9151136
 9153578
 9146542
 9136579
 9140766
 9145605
 9146112
 9149257
 9150922
 1365823
 9153730
 9157994
 9157265
 9158145
 9156941
 9159020
 9159733
 9157982
 9157490
 9159451
 9132356
 1318055
 1358097
 1318078
 1318081
 1318084
 9145954
 1318143
 1318144
 9150105
 1318153
 1358973
 9127519
 9141818
 9154470
 9156250
 9154124
 9155560
 9156697
 9156483
 9159318
 9153949
 9153685
 9153528
 9152932
 9153043
 9154723
 9155115
 9156369
 9157869
 9158340
 9158817
 9156782
 9158321
 9159204
 9159509
 9158612
 9156951
 9158735
 9158429
 9157354
 9159059
 9148250
 9140928
 9141633
 9146813
 9151439
 9150598
 1286732
 9155612
 1358937
 9154553
 9158694
 9156624
 9157204
 9157799
 9159454
 9156811
 9159139
 9159186
 9157426
 9157170
 9159048
 9159744
 9131509
 1297757
 9143050
 9146274
 9147637
 9151822
 9155897
 1322483
 9154099
 1324873
 9153010
 9158446
 9158453
 9158832
 9157386
 9159242
 9158414
 9158861
 9117945
 9118008
 9133827
 9139922
 9141133
 9147339
 9148970
 9148281
 9147877
 9149117
 9151378
 9150660
 9151555
 9152056
 9152012
 9154239
 9154447
 9154555
 9156294
 9155850
 1297560
 1297576
 1297578
 9154743
 9155422
 9155515
 9155803
 9154396
 9155263
 9153439
 9153834
 9157921
 9159715
 9157251
 9159088
 9157429
 9157206
 9158976
 9159997
 9158490
 9157080
 9158743
 9159166
 1362707
 1224771
 9151313
 9151502
 9153168
 9156116
 9153144
 9154804
 9153925
 9153440
 9154918
 9153928
 1362748
 9156375
 9158718
 9158729
 9158739
 9160068
 9157716
 9158809
 9159628
 9157673
 9158270
 9158921
 9158941
 9159132
 9159014
 9157705
 9159797
 9159958
 9158633
 9157008
 9157313
 9157542
 9157662
 9159017
 9159445
 9156926
 9157078
 9157616
 9158061
 9159575
 9157419
 1321160
 9120555
 9130358
 9137129
 9146510
 9149575
 9148893
 9151679
 9151335
 9152999
 9154175
 9158531
 9156753
 1389978
 9156424
 9159687
 1318189
 1318190
 9158086
 9101656
 9102884
 9105353
 9103340
 9109910
 9135722
 9135366
 9152944
 9159038
 9157295
 9159466
 9148468
 9149376
 9149461
 9152280
 9143617
 1284263
 9156302
 9156306
 9160054
 9159728
 9148826
 1297768
 1297777
 9142451
 9143011
 9143414
 9140552
 9140918
 9144504
 9144983
 9145289
 9145985
 9148752
 9149520
 9149556
 9147147
 9147914
 9151285
 9154049
 9155003
 9155408
 9155180
 9153822
 1344983
 1344978
 9158764
 9156596
 9158828
 9159722
 9157242
 9157301
 9157914
 9158082
 9159248
 9156878
 9157991
 9159550
 9159759
 9157066
 9157089
 9157584
 9159991
 9157177
 9158855
 9138953
 9144425
 9149400
 9150230
 9154356
 9154097
 9155549
 9156787
 9158880
 1373932
 1389976
 9157751
 9141126
 9146665
 9147403
 9148345
 1284271
 9150943
 9153892
 9155280
 9155644
 9152886
 9154657
 9153311
 9159021
 9157185
 9158365
 9157702
 9158706
 9158100
 9120956
 1387137
 9132866
 9141717
 1318107
 9140904
 9146319
 9145417
 9149441
 9152613
 9155346
 9156143
 9156179
 9154199
 9154435
 9154436
 9154451
 9153801
 9154987
 9153533
 9155462
 9160039
 9158486
 9159794
 9159888
 9157002
 9159286
 9157202
 9158336
 9158964
 9156670
 9158264
 9158514
 9158688
 1367089
 1243735
 1010703
 9054410
 9066271
 1339977
 1339991
 0978760
 9110339
 9113210
 1297863
 9119264
 9121693
 9121635
 9122859
 9126821
 9124676
 9127784
 1358072
 9141747
 9144064
 9144450
 9146520
 9151265
 9152292
 9150975
 9153920
 9154881
 9154885
 1297564
 9154254
 1362747
 9158875
 9157524
 9157890
 9158866
 9159954
 9152342
 9150262
 9150640
 1297581
 9155596
 9159195
 9159700
 9158587
 9158644
 9159364
 1296521
 9140322
 9141012
 9146456
 9150227
 9151599
 9150441
 1232070
 1362730
 9156316
 9155662
 9153409
 9154573
 9152896
 9153260
 9153898
 9154811
 9154992
 9155176
 9155359
 1324882
 9154171
 9155919
 9159089
 9159317
 9159850
 9159582
 9158758
 9158088
 9158854
 9159360
 9159472
 9159494
 9159190
 9159265
 9157436
 9157606
 9159824
 9159515
 9159880
 1377668
 1377674
 1377691
 9156872
 9159964
 9157118
 9157618
 9157996
 1326235
 9150032
 9152747
 9155961
 9155105
 9157734
 9156882
 1296532
 9151120
 9155446
 9154415
 9154515
 9154715
 9155080
 1322489
 9157383
 9157622
 9158871
 9158939
 1376005
 9157056
 9157624
 9156833
 9159450
 1297706
 9158825
 9159330
 1359543
 9159188
 9157187
 9158037
 9159257
 9147086
 9156413
 9157745
 9157905
 1243734
 9153539
 1209201
 9144758
 9144638
 1209409
 9157708
 9158216
 9159207
 9157535
 9159843
 9156395
 9156735
 9131520
 1322188
 1322221
 9151783
 9150737
 9152223
 1322239
 9156108
 9146582
 9146583
 9146584
 9147932
 9150439
 9153152
 9154570
 9154035
 9153943
 9155004
 9156473
 9156474
 9160045
 9159123
 9159532
 9156470
 9158267
 9159291
 1322492
 9157600
 9158655
 9158896
 9159536
 9159657
 9158002
 1373909
 9157518
 9158073
 9158591
 9158683
 9159134
 9159379
 9159572
 9159603
 9156893
 9158013
 9158027
 9158410
 9159765
 9158568
 9157081
 9157612
 9159646
 9157573
 9157797
 9157972
 9158701
 9158763
 9159563
 9156443
 9158236
 9159073
 9157261
 9157520
 9158594
 9159619
 9128400
 9136019
 9138321
 9144057
 9149063
 9153413
 9154849
 9153431
 9155623
 9154650
 9153585
 9159249
 9159397
 9158742
 9158330
 9156576
 9159822
 9159599
 9158584
 9151904
 9151023
 9154661
 9153347
 9159588
 9156897
 9159595
 9157608
 9158392
 9157444
 9158894
 9157826
 9159121
 9133261
 9133100
 9122021
 9122029
 9122322
 9123685
 9123704
 1358759
 9141377
 9141396
 9148717
 9148302
 9148884
 9151460
 1322234
 9151595
 9150528
 9150609
 9151410
 9151013
 1377718
 9152501
 1344972
 9150958
 9153432
 9154059
 9154077
 9153613
 9155108
 9153767
 9155487
 9155459
 1377664
 9127244
 9130565
 9152163
 9153473
 9154063
 9154962
 9155485
 9156259
 1243728
 9156963
 9158787
 1349262
 9156836
 9158648
 9158810
 9159882
 9158864
 1377673
 9156579
 9158681
 9158383
 9157975
 9118516
 9126091
 9139950
 9142837
 9145234
 9144325
 9146657
 9148249
 9151032
 9150985
 9150995
 9155295
 9152909
 9153700
 9155928
 9154139
 9152703
 9154303
 9154721
 1324891
 9155051
 9154641
 9153422
 9156886
 9158196
 9158512
 9159298
 9156965
 9156971
 9158752
 1373912
 1373919
 9157358
 9157735
 9158006
 9158937
 9159719
 9157594
 9158493
 1393319
 9156772
 9159361
 9159299
 9158199
 9139538
 9146793
 9148394
 9150345
 9152036
 9153681
 9154374
 9155835
 9154807
 9154880
 9155517
 9159485
 1373928
 9160049
 9157983
 9158744
 9159035
 9157546
 9157338
 9159634
 9157098
 9156927
 9159758
 9154578
 9159545
 9142770
 9150412
 9152505
 9152930
 9155032
 1377658
 9153581
 9156086
 9156117
 9159775
 9156764
 9156798
 1351111
 9136009
 9149179
 9146972
 9147835
 9151621
 9151406
 9151692
 9151571
 9150647
 9151536
 9151354
 9155189
 9152796
 9154286
 9154057
 9155935
 9153410
 9157962
 9157724
 9158620
 9159122
 9159416
 9158389
 9157416
 9157186
 9158773
 9158447
 9158723
 9158497
 9158666
 9156848
 9158665
 9159447
 9159462
 9159675
 9120652
 9120566
 9121607
 9128667
 9131058
 9131068
 9131116
 9131120
 9132775
 9132840
 9140680
 1297987
 9149499
 9149370
 1362720
 9152605
 9154942
 9155616
 9155962
 9155205
 9155766
 9157863
 9157868
 9159386
 9156758
 9158360
 9158845
 9157967
 9159697
 9159820
 9157614
 9153378
 9146037
 9158821
 9157095
 9159055
 9159093
 9158408
 9128324
 1368715
 9134804
 9149384
 9149822
 1393296
 9150332
 9155635
 9156243
 9153779
 9156153
 9156091
 9156198
 1393306
 1297556
 9153120
 9155426
 9155477
 1324906
 9155024
 9157831
 9157887
 9156944
 9159258
 9157872
 1373152
 9156761
 9156964
 9157789
 9158672
 9158719
 9159876
 9159707
 9159849
 9159418
 9157655
 9159001
 9159996
 9159547
 9159909
 9157334
 9156966
 9134547
 9137951
 1358951
 9154757
 9154064
 9156763
 9157031
 9122102
 1315137
 1315926
 9147080
 9156200
 9153900
 9157784
 9133835
 9136726
 9142570
 9153428
 9157291
 9159994
 1362856
 9155154
