16-08-08
 1297988
 9155125
 9161596
 9162703
 9161454
 9161574
 9162359
 1393325
 1324623
 1367103
 9150477
 1318152
 9154935
 1318167
 1318169
 1318175
 1318177
 9155085
 9159581
 9157124
 9156803
 1318192
 9158812
 9160986
 9161569
 9116790
 9116247
 9124995
 9126131
 1358188
 9127825
 9132062
 9159508
 9159086
 9162776
 9160705
 9160832
 9162595
 9160734
 9161245
 9162453
 9162627
 9161443
 9160815
 9156771
 9157788
 9157851
 9162224
 9162304
 9161724
 9153531
 9155645
 9155011
 9156457
 9158263
 9159163
 9159872
 9159518
 9156987
 9157682
 9158055
 9159176
 9157968
 9159281
 9160996
 1011861
 9159162
 9122807
 9111999
 1358604
 9160319
 9161533
 9148359
 9147382
 9150462
 9152293
 1368725
 1297575
 9153436
 9156960
 9155143
 9121754
 9124217
 9136622
 9135573
 9136660
 9143603
 9148630
 9147235
 9155233
 9155675
 9158406
 9158955
 9159332
 9158120
 9158570
 9157743
 9159586
 9159989
 9157082
 9160670
 9162314
 9162561
 9160596
 9160901
 9160074
 9161544
 9160911
 9161000
 9161983
 9162208
 9160433
 9160732
 9160738
 9161719
 9162446
 9162634
 9160743
 9162079
 9162344
 9162517
 9162549
 1240022
 1326240
 9162107
 9106415
 1318310
 9124628
 9131502
 9131375
 9133812
 9133832
 9151142
 1351159
 9155416
 9158075
 9160994
 9161090
 9151969
 9119734
 9136420
 1324745
 9146192
 9150767
 9151184
 1368716
 9150746
 9151337
 9155062
 9155846
 9154779
 9155633
 1324874
 9155150
 9155310
 9158709
 9158109
 9158831
 9158275
 9158653
 9159321
 9157710
 9160637
 9161879
 9162298
 9160463
 9160880
 9151572
 9154332
 9156084
 9154597
 9155708
 9159228
 9157402
 9158630
 9158757
 9159626
 9161162
 9161168
 9161824
 9160667
 9161464
 9161835
 9157199
 9116931
 9132816
 9136490
 9135450
 9140727
 9151148
 9151318
 9153252
 9154510
 9156245
 9157646
 9158609
 9159337
 9159499
 9159636
 9157591
 9161402
 9161275
 9162086
 9160879
 9162449
 9162261
 9160475
 9161979
 9160894
 9135457
 9152311
 9147608
 9153774
 9153491
 9121603
 9155258
 9159491
 9158802
 9158314
 9161087
 9162249
 9160740
 9161158
 9136328
 9138968
 9140613
 9143828
 1325160
 1318123
 9134557
 9136864
 9152729
 9153673
 9155333
 9157285
 9158064
 9158643
 9158772
 9159742
 9158240
 9158077
 9161905
 9161994
 9162032
 9162112
 9161814
 9161841
 9162117
 9148308
 9154346
 9154326
 9153331
 9158664
 1297710
 9158876
 9157308
 9157324
 9161855
 9161702
 9161458
 9161989
 1297721
 1297723
 9162118
 9147991
 9154140
 1393299
 9161571
 9162313
 9153284
 1315877
 9158968
 1322488
 9159147
 9159608
 9157134
 1324617
 9160710
 9161874
 9160724
 9162174
 9161479
 9160493
 9160322
 9161607
 9160591
 9160168
 9160455
 9131744
 9133387
 9134879
 9141011
 9140999
 9145478
 9147514
 9148384
 9151474
 9155420
 1358946
 9155270
 9158910
 9156930
 9160301
 9160781
 9162363
 9160661
 9110613
 9115316
 9125304
 9158123
 9162383
 9136092
 9144130
 9144127
 9149354
 9149344
 9150788
 9151758
 9156082
 9154280
 9154516
 9153193
 9157740
 9159791
 9156913
 9157415
 9157965
 9158720
 9158724
 9157852
 9157297
 9158818
 9160582
 9160467
 9161163
 9161557
 9160490
 9133533
 9150344
 9154047
 9152858
 9152904
 9155166
 9157492
 9157422
 9157045
 9157256
 9162608
 9161330
 9160494
 9160671
 1224772
 9160697
 9161123
 9161807
 9161844
 9162213
 9162262
 9162309
 9161717
 9160303
 9161156
 9160754
 9160497
 9161431
 9161723
 9161751
 9161753
 9162486
 9162540
 9160396
 9160639
 9162259
 1382906
 1324619
 1324622
 9160520
 9161284
 9161315
 9161599
 9115325
 9144561
 9146032
 9143985
 9145603
 9145004
 9152033
 9151832
 1351158
 9154311
 9154444
 9152731
 9159524
 9157834
 9157469
 9156652
 9157153
 9156769
 9157273
 9162771
 9162562
 9162005
 9161342
 9161207
 9161769
 9162340
 1365698
 9109019
 9114652
 9155474
 9159613
 9156909
 1297726
 1297728
 9148391
 9150007
 9152171
 9115499
 9119080
 9120343
 9121914
 9127247
 9128218
 1318032
 9136462
 9134472
 9135378
 9137124
 1318080
 1322436
 9137473
 9140460
 9151712
 9154854
 9152635
 9159734
 9157293
 9126066
 9133883
 9151304
 9161616
 9133305
 9140159
 9142196
 1373346
 9141928
 9148690
 1209419
 9152481
 9151695
 9154027
 9156780
 9159860
 9158838
 9157319
 9156351
 9156368
 1188020
 9158873
 9159695
 9159993
 9157201
 9162706
 9161662
 9162258
 9162337
 9161326
 9162028
 9161092
 9162495
 1160907
 9161427
 9161653
 9162119
 9160379
 1318307
 9156597
 9159551
 9160436
 9160585
 9108104
 1191935
 9134624
 9136646
 9134566
 9144565
 9147852
 9149192
 9151706
 9155878
 9154860
 9153587
 9153765
 9153663
 9154651
 9155877
 9159385
 9157792
 9159668
 9156905
 9158011
 9156626
 9158913
 9157163
 9157025
 9158789
 9158722
 9162707
 9160218
 9160915
 9161432
 9160934
 9161933
 9161693
 1325168
 9161508
 9124229
 9140188
 9144671
 9147518
 9149100
 1326278
 9153108
 9156152
 1358982
 9153014
 9156114
 9153627
 9155187
 9160038
 9157456
 9157607
 9157103
 1160099
 9086852
 9094525
 9098844
 9106279
 9114943
 9129190
 1176880
 9148650
 9148935
 9150553
 9155418
 9157241
 9157877
 9159227
 9152434
 9154413
 9158122
 9157395
 9159749
 9161846
 9162301
 9162568
 9161524
 9156896
 9158957
 9161572
 9161576
 9135431
 9142975
 9144386
 1272765
 9150597
 9151638
 9152046
 9151221
 9152529
 9154129
 9153997
 9154228
 9154639
 9155706
 9154173
 9156070
 9157848
 9158151
 9158865
 9159307
 9158741
 9158945
 9159836
 9159158
 9159411
 9160912
 9160935
 9162678
 9161575
 9162582
 9162659
 9161365
 9161522
 9161917
 9162078
 9161132
 9161731
 9162248
 9162509
 9161470
 9161518
 9162319
 9161720
 9161570
 9162406
 9160888
 9161675
 9162251
 9162760
 9161791
 9147472
 9160714
 1321050
 9150057
 9151806
 9152303
 1368697
 9156248
 9153862
 9156774
 9160007
 1297704
 9157369
 9160642
 9161386
 9161986
 1297731
 9161630
 1324621
 9155973
 9155041
 9153596
 9155565
 9158407
 9159686
 9157836
 9157161
 9157933
 9160659
 9161848
 9161729
 9160943
 9159346
 1318191
 9161129
 9160342
 9160773
 9162145
 9162260
 1324628
 9161839
 9093706
 9108991
 9108399
 9116839
 9123087
 9123099
 9123617
 1373362
 9124177
 9122338
 9124744
 9135512
 9139923
 9151955
 9153536
 9157720
 9152247
 9151178
 9150916
 9155045
 9155393
 9152730
 9156472
 9159800
 9158969
 9159090
 9156754
 9156823
 9158290
 9159187
 9159755
 9160006
 9159916
 9157638
 9162253
 9162564
 9162774
 9160397
 9162054
 9162202
 9162395
 9162637
 9162650
 9160929
 9162038
 9162050
 9162373
 9162488
 9162643
 9161337
 9161169
 9161904
 9160297
 9161270
 9161394
 9161428
 9162440
 9162464
 9162693
 9161530
 9161759
 1377693
 9160955
 9160761
 9160482
 9161237
 9161276
 1163513
 9161223
 9161709
 9162217
 9149592
 9150006
 9154181
 9158484
 9153201
 9162360
 9162539
 9162339
 1297718
 1297729
 9162264
 9160572
 9162020
 9137145
 9137147
 9137930
 9140475
 9116554
 9119004
 9132373
 9132764
 9140134
 9140142
 9137755
 9139957
 9151504
 9153747
 9155867
 9155903
 9156159
 9156221
 9156292
 9155705
 9155922
 9156041
 9156137
 1296536
 9158790
 9159746
 1322487
 1322246
 9157073
 9157947
 9159786
 9159541
 9122741
 1243280
 9129934
 9135576
 9139319
 1315950
 9153886
 9156234
 9153756
 9154195
 1322245
 9159075
 9157497
 9158847
 9156680
 9093273
 9109384
 9119228
 9122847
 9122478
 1325005
 9125472
 9126417
 9126762
 9130523
 9128015
 9131241
 9133348
 9133197
 1387140
 9132520
 9132530
 9132068
 9133811
 9131009
 9136346
 9134501
 9134148
 9135047
 9134954
 9140072
 9139124
 9140116
 9143281
 9143168
 9141891
 9141767
 9144905
 9146541
 9147919
 9148705
 9149093
 9149241
 1393284
 9149263
 9148034
 9150469
 9151215
 9152064
 9151526
 1344967
 9153329
 9155128
 1373879
 9156005
 9153625
 9155901
 9156000
 9153337
 9153363
 9153366
 9154314
 9158846
 9156479
 9157763
 1373923
 9158338
 9157884
 9157791
 9159904
 9156610
 1326231
 9158024
 9158651
 9161178
 9162691
 9161643
 9161091
 1315806
 9117152
 9118041
 9127278
 9145628
 9155151
 9155532
 1324862
 9157940
 9067211
 9070985
 9107041
 9155925
 1344977
 9157219
 1322494
 9158467
 9156691
 9157047
 9160082
 1373160
 9160914
 9161909
 9160183
 9160758
 9161878
 9161708
 9161345
 9161577
 9159016
 9155454
 9159616
 9158069
 9159288
 9160997
 9161589
 9162621
 9119306
 1326272
 1326275
 1326293
 9157855
 9158626
 9160470
 9161371
 9161951
 9160992
 9161173
 9162405
 9160555
 9160735
 9161780
 9162072
 9162076
 9121168
 1322187
 9134782
 9137105
 9137890
 9139453
 9143163
 9146034
 9144673
 9146007
 9147408
 9147417
 9148425
 9149975
 9152259
 9152343
 9154165
 9154190
 9155436
 9156214
 9153087
 9155917
 9152705
 9154843
 9155934
 9156144
 9156373
 9157874
 9159673
 9159610
 9159921
 9158000
 9159064
 9159895
 9159926
 9158477
 9158916
 9161948
 9160942
 9160763
 9161248
 9161826
 9162239
 9162437
 9162537
 9160908
 9161567
 9160446
 9161671
 9161401
 9125111
 9128878
 9139820
 9147251
 9148503
 1393285
 9148304
 9149170
 9151946
 9150370
 9150696
 1315874
 9157236
 9158994
 9158668
 9158083
 9160047
 9159857
 9157029
 9160890
 9162692
 1382905
 9131390
 9144388
 1373350
 9150689
 9156903
 9158415
 9160105
 9160719
 9161279
 9135615
 9144665
 9154693
 9157973
 9157787
 9160092
 9094542
 1194046
 9149507
 9151721
 9155946
 9153313
 9157510
 9159239
 9159504
 9158527
 9156625
 9158158
 9159253
 9159369
 9159538
 9158269
 9158468
 9159632
 1393315
 9158297
 9157435
 9159591
 9157050
 9158234
 9159378
 9156888
 9158560
 9156922
 9161002
 9162214
 9162690
 9161644
 9161153
 9160741
 9161109
 9160457
 9161999
 9161686
 9161610
 9161949
 9162616
 1393324
 9162607
 9161182
 9161138
 9144901
 9146109
 1318119
 9150493
 9155230
 9157500
 9158992
 9156352
 9124213
 1297786
 9135591
 9143592
 9146159
 9147607
 9147154
 9153953
 1377750
 9154015
 9158931
 9161891
 9162758
