16-08-09
 9146862
 9134619
 9146655
 9151991
 1362721
 1393318
 9164846
 9163106
 9164615
 9155112
 9156011
 9156948
 9161447
 9162499
 9161420
 9162269
 9162763
 9163439
 9144414
 9152331
 9156010
 9155424
 9162412
 9162176
 9161050
 9162102
 9162331
 9162733
 9160504
 9162391
 9160376
 1318304
 1243163
 9162077
 9164530
 9163213
 9163507
 9163586
 9165738
 9164970
 9165062
 9165684
 9163017
 9163480
 9164441
 9165269
 9163351
 9165610
 9163502
 1253985
 9158627
 9162356
 9165497
 9163595
 9163599
 9164262
 9164635
 9165331
 9157157
 9151236
 1351157
 9152908
 9158517
 1286915
 9165156
 9163057
 9163596
 1359420
 9138243
 9131377
 1394056
 9138808
 9143937
 9145552
 9156371
 9160077
 9154329
 1358612
 1358613
 1359529
 9139285
 9139821
 9149099
 9151438
 9150308
 9155636
 9159590
 1393176
 1393317
 9157771
 9159828
 9161449
 9161963
 9160766
 9161781
 9161704
 9160663
 9162245
 9160918
 1318303
 9164119
 9165848
 9165859
 9165939
 9165742
 9162973
 9164149
 9163499
 9163347
 9164550
 9165117
 1393328
 1393329
 9163858
 9164593
 1389384
 9164030
 9165356
 9163471
 9165590
 9166041
 1318314
 1318329
 9165349
 9165762
 9163537
 9164259
 9138528
 1318323
 1318328
 9160711
 9161703
 1297715
 9149299
 9149042
 9151242
 9154640
 9162384
 9162252
 9161706
 9162465
 9163306
 9139546
 9139004
 1359507
 9145742
 9149600
 9148685
 9151147
 9153449
 9155667
 1297561
 1324900
 9155518
 9155830
 9159475
 9156651
 9156824
 9158434
 9158714
 9157711
 9158715
 9156924
 9157498
 9161306
 9161491
 9162620
 9160515
 9160664
 1253938
 9163233
 9163052
 9163782
 9164327
 9164334
 9164340
 9163805
 1232071
 9164872
 9146503
 9158048
 9166034
 9162887
 9142065
 9144693
 1296531
 9145091
 1357745
 9154772
 9155261
 9158195
 9160033
 9159077
 9160081
 9161001
 9164211
 9164194
 9164329
 9164969
 9165136
 9153937
 9161230
 9161255
 9161670
 1367174
 9154738
 9139556
 9157255
 9158489
 9161115
 9163272
 9149608
 9150981
 9150905
 9161119
 9162013
 9161085
 9161560
 1160903
 9155911
 9153013
 9158333
 9158385
 9160941
 9161831
 9162255
 9162369
 9163358
 9164201
 9164214
 9164462
 9165036
 9163709
 9164373
 9163075
 1389379
 9164073
 9164757
 9164770
 9164147
 9158135
 1393313
 9162275
 9162614
 1393323
 9164105
 9165600
 9165663
 1393327
 9138774
 9140856
 9146864
 9147405
 9151713
 9152926
 9156904
 9159868
 9158520
 9158872
 9158422
 9157427
 9161391
 9160708
 9161202
 9164727
 9164624
 9165023
 9164422
 9164428
 9163360
 9163569
 9164732
 9163025
 9163054
 9164623
 9163484
 9149543
 1368741
 9152846
 1322479
 1297558
 1297562
 9159671
 9161209
 9162204
 9162452
 9165881
 9164949
 9165222
 9163482
 9163656
 9164957
 9163994
 9162824
 9164443
 9163579
 9164886
 9137937
 1377936
 9145244
 9147384
 9146609
 9155643
 9156110
 9159869
 9159489
 9159470
 1349298
 9161620
 9161771
 9162770
 9162773
 9160666
 9165020
 9165143
 9164377
 9165238
 9163815
 9164009
 9164062
 9163775
 9166028
 9163038
 9164346
 9161978
 9161786
 1297717
 1297725
 9160611
 9161266
 9164878
 9162888
 9163270
 9164805
 9163155
 9163157
 9163641
 9163834
 9164182
 9164964
 9163453
 9163789
 9165107
 9164918
 9164390
 9164900
 9164274
 9164459
 9165284
 9165402
 9165653
 9165666
 1297310
 9163907
 9163720
 9162988
 9163191
 9163352
 9164240
 9165657
 9165701
 9165844
 9162894
 9165246
 9163209
 9163258
 9163312
 9164483
 9164546
 9164621
 9164282
 9164978
 9149476
 9157822
 9158058
 9159966
 9161141
 9160868
 9161726
 9162246
 9162186
 9164125
 9166033
 9144423
 1297977
 9153710
 9159458
 9159215
 9159236
 9161914
 9160527
 1297730
 9164753
 1189335
 9163699
 9164133
 9164092
 9163806
 9155238
 9146513
 9147736
 9152547
 9159961
 9141693
 9154611
 9158008
 9165098
 9162376
 1377963
 9134367
 1377907
 9143126
 9145248
 9147478
 9147800
 9146858
 9150357
 9150862
 9153542
 9154157
 9157004
 9157777
 9156604
 1377665
 9157593
 9160619
 9161981
 9160575
 9161346
 9162240
 9162106
 9162247
 9160909
 0937163
 0937179
 9164516
 9164663
 9163269
 9163915
 9164979
 9165619
 9163693
 9165179
 9164333
 9154322
 1373176
 9164724
 1389377
 9164424
 9164043
 9131047
 9145054
 9146716
 9147688
 9149845
 9151234
 9150719
 9150455
 9154087
 9154956
 9154192
 9155204
 9157092
 9157725
 9158662
 9158294
 9158795
 9157026
 9157101
 9159638
 9157674
 9162407
 9162327
 9161688
 9161867
 9161422
 9165857
 9164336
 9165974
 9165421
 9163714
 1377921
 9146069
 9144015
 9150871
 9153761
 9153204
 9160040
 1373910
 9157379
 9156618
 9159702
 9162571
 9160966
 9161728
 9162584
 9161058
 9160748
 9160703
 9161056
 9160863
 9161870
 9161231
 1297722
 9161659
 9162125
 9162306
 9160583
 9165313
 9163634
 9164378
 9164501
 9164828
 9164992
 9165304
 9163355
 9163801
 9163900
 9163459
 1358617
 9165456
 9163637
 9164592
 9163669
 9165493
 9102594
 9103850
 9135332
 9140880
 9144035
 9147314
 9161539
 9160692
 1297719
 9162451
 9165111
 1389387
 9163464
 9164011
 9163365
 9159205
 9158734
 9161367
 9162197
 9162576
 1322497
 9163793
 9164586
 9165736
 9165823
 9164143
 1376009
 9162997
 9163297
 9165339
 9163635
 9162908
 9165278
 1377735
 1324901
 9159855
 9159222
 9158162
 9159173
 9156589
 9157988
 9158636
 9161615
 9161384
 9161143
 9162205
 9161213
 9161738
 9161876
 9161590
 9164942
 9165177
 9165626
 1322615
 9164399
 9164790
 9165697
 9165756
 9165166
 9165690
 1376019
 9165301
 9163072
 9163550
 9164814
 9165461
 9163921
 9163393
 9165170
 9164265
 9164626
 9165089
 9165486
 9165715
 9165645
 9165740
 9164827
 9152510
 9155311
 9158070
 9158712
 9164761
 9146361
 1368736
 1367165
 1367166
 1367167
 1297727
 1364341
 9162850
 9164258
 1376008
 1189338
 9163851
 9164367
 9163048
 9163607
 9163690
 9165078
 9163973
 9164807
 9164894
 9164961
 9164863
 9163940
 9163861
 9163742
 9164028
 9163941
 9163838
 9158178
 9163215
 9164867
 9165885
 9164676
 1377910
 9145591
 9151967
 9156106
 9156962
 9159627
 1297709
 9159103
 9159999
 9157100
 9160707
 9150649
 9152767
 9154241
 9159564
 9157370
 9158971
 9160640
 9161393
 9161661
 9161352
 9165654
 9164962
 9165201
 9165817
 9165389
 9164798
 9165546
 9163739
 9165133
 9165732
 1272865
 9165577
 9164692
 9163264
 9165511
 9165482
 9166011
 9163841
 9164898
 9165873
 9164466
 9163672
 9163756
 9163914
 9164118
 9165326
 9164072
 9164276
 9141653
 9150587
 9153610
 9154585
 9160544
 9162147
 9161962
 9161972
 9161829
 9161690
 9161232
 9161229
 9164326
 9164601
 9164281
 9165864
 9163881
 9163660
 9153031
 9157726
 9158751
 9164056
 9164811
 9164901
 9162993
 9163495
 9143639
 9143640
 9143641
 9146559
 9146560
 9146561
 9146562
 9146563
 9146564
 9146581
 9160091
 9149676
 9149177
 9149974
 9148806
 9149612
 9147917
 9147937
 9150388
 9154167
 9158684
 9153945
 9155578
 9156175
 9158747
 9157006
 9158914
 9159566
 9159859
 9160164
 9161931
 9161117
 9162017
 9162522
 9162567
 9162602
 1377698
 9160517
 1322614
 9164209
 9163016
 9165529
 9163950
 1315819
 9163825
 9163292
 9163817
 9116013
 1297841
 9143618
 9140731
 9146455
 9144469
 1377898
 9146731
 9148751
 9149349
 9149645
 9151051
 9152385
 9151455
 1323141
 9151835
 9153048
 9155680
 9152755
 9153106
 9154386
 9158020
 1373907
 9158030
 9159399
 9159848
 9159094
 9156633
 9159233
 9162074
 9160244
 9160284
 9162612
 9160375
 9160790
 9161954
 9160579
 9161369
 9165307
 9162983
 9163623
 9164668
 9164920
 9163685
 9142944
 9148342
 9149053
 9154681
 9157247
 1323140
 9153490
 9157443
 9160535
 1240386
 9164331
 0937183
 9163093
 9163232
 9163479
 9164994
 9165459
 9163977
 9164461
 9163316
 9165380
 9156251
 9165366
 9165778
 9150987
 9152297
 9153902
 9153277
 9157397
 1393309
 9157421
 9159979
 1322606
 1382904
 9166040
 9135729
 9138426
 9147123
 9148973
 9151416
 9154060
 9156950
 9158300
 9158791
 9158901
 1367090
 9156976
 9160945
 9160669
 9160772
 9162181
 9162271
 9161204
 9161404
 9161071
 9162043
 9161939
 9163366
 9163564
 1188032
 9163965
 9163624
 9164144
 9164148
 9164824
 9164866
 9163043
 9163098
 9163554
 9164890
 9165433
 9165647
 9148022
 9147814
 9148107
 9152606
 9156040
 9155007
 9155634
 9155844
 9153180
 9155354
 9159540
 1297711
 1297707
 9158310
 9161669
 9161568
 9162472
 9161460
 9161685
 9161261
 9161197
 9160651
 9164005
 1358607
 9165837
 9164629
 9163519
 9154498
 1393314
 9162021
 9161736
 9148383
 9155110
 9157069
 9161047
 9162415
 9162766
 9162170
 9165403
 9141024
 9142553
 9141666
 1368363
 9149156
 9151420
 9153720
 1389977
 9130862
 9140982
 9144686
 9146534
 1249838
 9147551
 9151175
 9156228
 9157387
 9157400
 9157820
 9156623
 9160718
 9161269
 9162296
 9162682
 9162684
 9161493
 9161645
 9161707
 9161768
 9164111
 9164474
 9163572
 9164674
 9165682
 9164357
 9165450
 9165729
 9165897
 9165311
 9164532
 9165662
 1160921
 9165878
 9163511
 9163524
 1253984
 9151331
 9154247
 1318166
 9158205
 9159611
 9161733
 9163718
 9165211
 9165967
 9125080
 9126232
 9129506
 9160430
 9165232
 9138002
 9145815
 9155978
 1297714
 1368391
 1368392
 9161930
 9165180
 9156354
 9136084
 9145525
 9159338
 9159596
 9165975
 9167787
 9167825
 9167724
 9168764
 9169418
 1318155
 9156007
 9161179
 1318319
 9168868
 9169518
 9166558
 1318334
 9140847
 9145729
 9150013
 9157767
 9160936
 9163454
 9165929
 9165373
 9163717
 9166206
 9168735
 9168928
 9168664
 1272770
 9168503
 9168017
 9167454
 9168877
 9169111
 9166672
 9166965
 9167348
 9168873
 9169059
 1358423
 1344982
 9152190
 9161081
 9164815
 9168907
 9149648
 9161487
 9161429
 9166029
 9124787
 1358061
 1359354
 9144540
 9143694
 1358105
 9147396
 9147067
 9160088
 9167689
 9167083
 9167839
 9169477
 9167146
 9144216
 9146439
 9147967
 9150623
 9151971
 9150399
 9155758
 9155829
 9156249
 9154448
 9154055
 9157938
 9158017
 9157263
 9158257
 9131523
 1318053
 9136824
 9152604
 9152805
 9158029
 9145840
 9152523
 9153549
 9153697
 9158118
 1393312
 9161853
 9163772
 9164191
 9164902
 9165472
 9164856
 9166866
 9169026
 9167093
 9167095
 9168422
 9168970
 9169252
 9166691
 9167223
 9169075
 9167191
 9168921
 9169204
 9167485
 9167051
 9169422
 9169622
 1318337
 1318338
 1318342
 9166442
 9168199
 9143574
 9157390
 9157407
 9157786
 9156864
 9159691
 9165708
 9163413
 9166276
 9167963
 9145335
 9154891
 9153172
 9158022
 1367092
 9163304
 9163823
 9164050
 9164517
 1011867
 9165718
 9163034
 9168392
 9166807
 9168194
 9169156
 1272766
 9167048
 9166767
 9168688
 9167390
 1232078
 9166519
 9167633
 9151327
 1358176
 9153470
 9158495
 9159618
 9162505
 9162746
 9167104
 9169121
 9167487
 9168923
 9165377
 9151442
 9153796
 9157462
 9160716
 9162999
 9164515
 9163298
 9166990
 9169703
 9169095
 9166725
 9166852
 9167725
 1310857
 1358422
 9168677
 9167582
 9167667
 9167985
 9168251
 9153788
 9158361
 9160333
 9164520
 9164908
 9164849
 9163280
 9163573
 9164057
 9164205
 9165164
 9167399
 9169417
 9169458
 1322500
 9167293
 9166332
 9167442
 9169709
 9166871
 9168505
 9168513
 9168857
 9167584
 9144500
 9156242
 9152938
 9156006
 1318171
 9156485
 9160865
 9165556
 9163679
 9164608
 9168421
 9167484
 9169076
 9168937
 9167476
 9156109
 9156925
 9161692
 9162796
 9165253
 9165795
 9165888
 9166071
 9166090
 9168931
 9169360
 9167905
 9166684
 9168274
 9168906
 9168909
 9169200
 9168712
 9169691
 1368398
 9167349
 9166876
 9168525
 9167576
 9145735
 9160978
 9164628
 9165344
 9169083
 9167974
 9169705
 1393330
 1377701
 1377731
 1377732
 1377657
 9156574
 9156353
 9159473
 9161355
 9162044
 9162756
 9162201
 9160448
 9164449
 1358625
 9164850
 1160937
 1377310
 9166036
 9163987
 9166803
 9168681
 9167190
 9167878
 9168775
 9166349
 9168281
 9169128
 9169625
 9166669
 9158047
 9159530
 9158903
 9158409
 9158613
 9162293
 9160690
 9162852
 9163963
 9165488
 9165065
 9164579
 9164871
 1297309
 9163818
 9165473
 9164029
 9165291
 9164860
 9164625
 9164671
 9164413
 9164017
 9164248
 9168048
 9169153
 9166271
 1358420
 1358634
 9167928
 9168504
 9166836
 9167998
 9168659
 9168867
 9168062
 9167732
 1377326
 9166483
 9166895
 9169159
 9168271
 9167952
 9167300
 9167877
 9164928
 9167200
 9168327
 9168635
 9168480
 9166609
 9122345
 9149338
 9150394
 9156120
 9153969
 9157437
 9161605
 1324626
 9164870
 9163092
 9165099
 9165103
 9163050
 9165430
 9163939
 9165086
 9165445
 9166460
 1322499
 9167737
 9168058
 9168938
 1358433
 9169190
 9167757
 9168577
 9167514
 9168526
 9166446
 9166705
 9166913
 9168666
 9167873
 9167764
 9149199
 9162154
 9164577
 9163228
 9163796
 9164622
 9165536
 9163581
 9164225
 9166829
 9167708
 9168958
 9169225
 9169262
 9166297
 9166402
 1224773
 9168744
 9169175
 9166755
 9167247
 9167277
 9168998
 9166728
 9167709
 9168524
 9167338
 9167801
 9168289
 9168529
 9168794
 9168991
 9169010
 9167219
 9166857
 9167624
 9148925
 9159565
 9160931
 9161121
 1273046
 1393322
 9162910
 9163582
 9165861
 9166003
 9165768
 9165391
 9168430
 9166459
 9169497
 9168364
 9166732
 9169588
 9169707
 1393333
 9167335
 9168453
 9168189
 9122655
 9164204
 9160011
 9158358
 9160160
 9159388
 9161406
 9145819
 9157021
 9160000
 9166024
 9168056
 9169060
 1389423
 9134099
 9153534
 9157862
 9158153
 1318185
 9161392
 9161395
 9160252
 9165776
 9163505
 9162829
 1389386
 9165716
 9165886
 9165048
 9165108
 9165485
 9163531
 9164922
 1310876
 1310877
 9166228
 1358418
 1377324
 9169147
 9169115
 9163970
 9166208
 9167743
 9166618
 9166650
 9166657
 9167778
 9166996
 9167020
 9167554
 9167572
 9146588
 9157200
 9159146
 9162601
 9161099
 9161172
 9161696
 1315812
 9165189
 9165557
 9163728
 9164234
 9163301
 9164565
 9163657
 9164745
 9165387
 1315818
 9165039
 9165081
 9163876
 9165286
 9164218
 9164966
 9168001
 9169219
 9169427
 9169634
 9168573
 9167062
 1284282
 9166626
 9166506
 1315845
 1315752
 9167384
 9141793
 9144679
 9146540
 9152994
 1358940
 9153357
 9156830
 9159570
 9158691
 1358980
 9157979
 9159309
 9162361
 9160405
 9160874
 9161408
 9162023
 9161691
 9162767
 9163868
 9163944
 9164512
 9164521
 9165334
 9163318
 9167316
 9167336
 9169250
 9168759
 9169615
 9169308
 9166688
 9166964
 9167958
 9168361
 1284284
 9168704
 9167745
 9169131
 9169058
 9166589
 9166595
 9166741
 9167371
 9140567
 9157909
 9161035
 9160305
 9166515
 9168239
 9169167
 9169008
 9168031
 9167645
 1284285
 9167221
 9167406
 9167414
 1318134
 9148265
 9150634
 9154082
 9154543
 9152706
 9154622
 9157625
 9158687
 9157601
 9162524
 9161340
 9161052
 9162141
 1318200
 9163530
 9165877
 9163870
 9163449
 9163489
 9163726
 9163105
 9165719
 9164186
 9167145
 9167087
 9168282
 9169700
 9169754
 9168963
 9168097
 9168222
 9169261
 9169409
 9169551
 9169658
 9166743
 9168841
 9166408
 9166455
 9166503
 9168141
 9168227
 9168797
 9168922
 9169012
 9169125
 9167472
 9169382
 9169421
 9168408
 9168108
 9168362
 9167290
 9168316
 9168783
 1377317
 1377320
 9166175
 9168396
 9166773
 9167695
 9161277
 9161380
 9162624
 9167460
 9169797
 9169488
 9166254
 9167374
 9167542
 9168875
 9169749
 9167253
 9168722
 1297316
 9166304
 9168082
 9168190
 1304632
 9166989
 9164382
 9165435
 9166496
 9169195
 9169342
 9167956
 9166976
 9168091
 9167389
 9166749
 9165698
 9165063
 9167315
 9168502
 9166539
 9167497
 9169675
 9167418
 9167982
 9168147
 9168151
 9165875
 9163661
 9168810
 9166898
 9158725
 9161435
 9166023
 9165186
 9163574
 9169434
 9166187
 9166472
 9169207
 9169613
 9169639
 9167184
 9168139
 9168570
 9168859
 9169068
 9169142
 9166904
 9168979
 9169015
 9169025
 9169377
 9169423
 9167593
 9167953
 9168571
 1358631
 9166950
 9167270
 9167326
 9168050
 9167084
 9167705
 9168805
 9169001
 9169439
 1364348
 9167891
 9168746
 9169443
 9166438
 9168115
 9168708
 9167351
 9168329
 9168975
 9167075
 9168501
 9146744
 9160540
 9164444
 9164456
 9166696
 9168846
 9169592
 9168941
 9169312
 9169676
 9169698
 9169027
 9166484
 9166888
 9156372
 1297712
 9164792
 9169498
 9167173
 9167281
 9166934
 9168840
 9168965
 1232084
 1232082
 9147335
 9150414
 1322466
 9151898
 9150703
 9152534
 1351169
 1322477
 9155093
 9155982
 9154182
 9156096
 1318183
 9156378
 9156640
 9156943
 9158283
 9150042
 9150043
 9150044
 9150045
 9150046
 9150047
 9150048
 9150049
 9150052
 1296535
 1367088
 9158001
 9160876
 9162006
 9162326
 1322605
 9162279
 9161490
 1253937
 9162933
 9163610
 9163698
 9164290
 1376017
 9164848
 9165559
 9163633
 9163736
 9150499
 1344985
 9157108
 9157176
 9162068
 9162484
 9162519
 9162618
 9162820
 9165292
 9165947
 9165977
 9165603
 9166207
 9169165
 9169689
 1358416
 9168005
 1377321
 9166126
 9167672
 9167428
 1326303
 9167309
 9138135
 9138012
 9145128
 9147286
 9151046
 9150617
 9152374
 9150612
 9155443
 9158420
 9159034
 9156805
 9160928
 9162332
 1373155
 9161747
 9160864
 9165770
 9164273
 1389942
 9163166
 9166329
 9168823
 1358442
 9166286
 9167286
 9166927
 9167100
 9168566
 9169110
 1367902
 9167010
 9168717
 9168726
 9168024
 9142316
 9150661
 1332687
 9150809
 9151809
 9153840
 9157182
 9164398
 0937177
 9165128
 9164561
 9168242
 1310859
 9167525
 9167938
 9168667
 1358424
 1358428
 1358437
 1252266
 9166131
 9169133
 9167132
 9168299
 9169567
 9150030
 9152503
 9156014
 9156024
 9163630
 9168903
 9142414
 9152885
 9159246
 9159428
 1351216
 9160200
 9161110
 9161150
 9164342
 9164930
 9165518
 9165208
 9165714
 1011866
 9165474
 9163415
 9168612
 9169158
 9167678
 9168438
 9168988
 9167933
 9168607
 9167258
 9167209
 9166922
 9166926
 9166416
 9166893
 9168060
 9169465
 1324635
 9166622
 9166625
 9167401
 1326302
 9137699
 1322229
 9148629
 9156252
 9157131
 9159987
 9160347
 9160543
 9161798
 9165721
 9164183
 9164310
 9165638
 9165772
 9165985
 9165428
 9165376
 9163033
 9163221
 9165616
 9165625
 9165852
 9163743
 9167718
 9167807
 9168314
 9168384
 9168584
 9169340
 9169348
 9169480
 9168831
 9166711
 9167770
 9167919
 9169630
 1358438
 1358636
 9167137
 9168000
 9168122
 9168197
 9169662
 9169401
 9168463
 9168876
 9168007
 9167964
 9166550
 9169494
 9168022
 9143080
 9141803
 9141180
 1272763
 9155160
 9157335
 9160531
 9160331
 9164163
 9163788
 9164927
 9165412
 9163621
 9166532
 9168853
 9169611
 9168701
 1358436
 9169712
 9166473
 9168541
 9158798
 9163687
 1315832
 9167803
 9166342
 9168220
 9168365
 9169217
 9166631
 1315843
 1315763
 9167598
 1326305
 9169260
 9145715
 9146984
 9153772
 9163995
 9168226
 9137639
 9149752
 9155651
 1362734
 9158258
 9157623
 9158631
 9156529
 9160001
 9162015
 9161830
 9162019
 9163510
 9165923
 9165506
 9163964
 9164523
 9164534
 9163361
 9164899
 9166010
 9163134
 9163248
 1253983
 9169152
 9166707
 9167379
 9168662
 9169432
 9167986
 9168516
 9168697
 9169338
 9169419
 9166197
 9168673
 9168686
 9169751
 1358441
 9166932
 9167280
 9167838
 1297317
 1377328
 9167212
 9166233
 9168204
 9166617
 9167392
 9168967
 1394232
 9169037
 9169074
 1318184
 1318195
 9161741
 9164343
 9164618
 9165966
 9129341
 1297838
 9142846
 9143509
 9163783
 9164020
 9168939
 9151938