16-08-08
 9160907
 9162128
 9156451
 9157316
 9107646
 9126195
 9138182
 9149498
 9157976
 9160380
 9151942
 9157465
 9162018
 9160947
 9160857
 9151821
 1324896
 9159115
 9155431
 9158628
 9160686
 9154643
 9157238
 9157827
 9160682
 9161188
 9160979
 9152724
 9160393
 9161038
 9161154
 1324746
 1163501
 9158716
 9162542
 9160843
 9159971
 9155743
 9157632
 9152685
 9156396
 9161932
 9161133
 9160809
 9135825
 9141330
 9161224
 9161556
 9122651
 9127085
 9155447
 9158889
 9160698
 9161135
 9161628
 9157883
 9101211
 9111407
 9159814
 9124636
 9129989
 9161529
 9162175
 9109582
 9157015
 9161587
 9162386
 9160850
 9140692
 9159756
 9153187
 9159095
 9152245
 9155441
 9160961
 9161697
