16-08-09
 9162399
 9164478
 9148004
 9165250
 1359660
 9127333
 9138294
 9162977
 9153385
 9155363
 9156825
 9158242
 9159128
 9162219
 9165544
 9158315
 9157135
 9160958
 9164553
 9152773
 0937175
 9165566
 9159224
 9161305
 0775882
 9165049
 9163619
 9154521
 9158391
 9163764
 9164967
 9162512
 9165960
 9163137
 9163198
 9165113
 9165315
 9165405
 9165693
 9165734
 9157943
 9164270
 9165632
 9162604
 9162199
 9164480
 9151923
 9154701
 9165931
 9143071
 9161592
 9165629
 9165705
 9142986
 9146102
 9149280
 9161282
 9138767
 9159254
 9162968
 9163643
 9164479
 9164788
 9165008
 9164999
 9165575
 9159105
 9159821
 9165764
 9165479
 9163101
 9151897
 9155559
 9162188
 9162581
 9157578
 9158552
 9162526
 9153823
 9158131
 9160236
 9160756
 9163549
 9162714
 9161390
 9165669
 9159631
 9162243
 9164650
 9165593
 9164298
 9163976
 9149321
