16-08-09
 9169412
 9139288
 9166854
 9144250
 9148732
 9153377
 9153826
 9154932
 9158227
 9167917
 9166968
 9169103
 1272769
 9165064
 9144223
 9150089
 9155449
 9158483
 9166997
 9168452
 9169623
 9156831
 9163427
 9167580
 9169287
 9167089
 9166420
 9138640
 9161480
 9169608
 9163183
 9165228
 9139186
 9155808
 9168550
 9166987
 9165317
 9168175
 9158796
 9167304
 9153600
 9167301
 9169096
 9141286
 9164364
 9168256
 9169254
 9168562
 9164766
 9164785
 9165370
 9163898
 9167562
 9167805
 9167816
 9168902
 9166298
 9161250
 9166643
 9163340
 9163161
 9165633
 9158110
 9161070
 9168613
 9169112
 9169245
 9145551
 9143105
 9163282
 9159862
 9155628
 9162168
 9169319
 9164800
 9167727
 9167834
 9169385
 9168552
 9167014
 9159739
 9163754
 9166980
 9168145
 9168644
 9169234
 9165578
 9164776
 9167934
 9168935
 9169362
 9137457
 1373862
 9168484
 9168068
 9169097
 9167590
