0647162
0647204
0647205
0647244
0775883
0787579
0836471
0836482
0959071
0959079
0959606
0959617
0959642
0959836
0977340
0978956
0994500
0994529
1010718
1010786
1011031
1011756
1011775
1011824
1011826
1011843
1011845
1011995
1012451
1012452
1012453
1012454
1012457
1012458
1012462
1012463
1012464
1059301
1059313
1073265
1073420
1073421
1073423
1073430
1073431
1073433
1073442
1073451
1073452
1073453
1073459
1092803
1092804
1092805
1092806
1092807
1092808
1092809
1092810
1092811
1092812
1092813
1092814
1092815
1092816
1092817
1092818
1092819
1092820
1092822
1092823
1092824
1092825
1092826
1092827
1092828
1092829
1092830
1092831
1092832
1092833
1092834
1092835
1092836
1092837
1092838
1092839
1126902
1128101
1146314
1146317
1146459
1146461
1146464
1146469
1150253
1158215
1158233
1160234
1160686
1160702
1160705
1160706
1160710
1160720
1160721
1160723
1160724
1160725
1160726
1160727
1160728
1160730
1160734
1160736
1160738
1160743
1160744
1161225
1161226
1161321
1161338
1161343
1165352
1165636
1165972
1177927
1177929
1177930
1177932
1177933
1177935
1177936
1178609
1188229
1188242
1191818
1191952
1191955
1191997
1193312
1194006
1194403
1194404
1194411
1194413
1194532
1194585
1194586
1198996
1202215
1202227
1202233
1202238
1202245
1202247
1202249
1202254
1202271
1202274
1202289
1202291
1202295
1202312
1202324
1202331
1202335
1202349
1202352
1202362
1202368
1202391
1202608
1202618
1202619
1202623
1202624
1202626
1202867
1202871
1202876
1202877
1202907
1202912
1202922
1202923
1202939
1202945
1205220
1206540
1209319
1209322
1209451
1209531
1209532
1209533
1209534
1215527
1222227
1222264
1222277
1222280
1222281
1222282
1222289
1222291
1224786
1232088
1232096
1232241
1235463
1236645
1236798
1236899
1240374
1243171
1243182
1243199
1243340
1248401
1248402
1248403
1248404
1248405
1248407
1248408
1248409
1248410
1248411
1248412
1248413
1248414
1249757
1252019
1252024
1252025
1252043
1252078
1252093
1252097
1252250
1252256
1252289
1252297
1252352
1252356
1252358
1252359
1252360
1252361
1252362
1252403
1252405
1252406
1252408
1252416
1252433
1252442
1252446
1253723
1253990
1253992
1254137
1254255
1256795
1256798
1256807
1262790
1262792
1262798
1263001
1263014
1263033
1263034
1265621
1268132
1273074
1273075
1273229
1273373
1273388
1273398
1273403
1277130
1277131
1277132
1284023
1284042
1284134
1284153
1284159
1284293
1284442
1284490
1284492
1286717
1286838
1286937
1293174
1293175
1296604
1296626
1296627
1296630
1296633
1296635
1296711
1296849
1301019
1301050
1301052
1301056
1304469
1304590
1304611
1305277
1305278
1306704
1306737
1306742
1306752
1306755
1308156
1310875
1311640
1312459
1312482
1312552
1312559
1312566
1312567
1312568
1312572
1312573
1312574
1312576
1312579
1312580
1312581
1312585
1312587
1312588
1312589
1312599
1312647
1312692
1312839
1312846
1312849
1312902
1312906
1312909
1312910
1312917
1312918
1312920
1312996
1315040
1315044
1315202
1315214
1315218
1315219
1315227
1315555
1315556
1315563
1315576
1315581
1315585
1315591
1315596
1315608
1315615
1315622
1315623
1315635
1315642
1315643
1315691
1315706
1315733
1315798
1315889
1315933
1317005
1317011
1317012
1317052
1317906
1317907
1317920
1318001
1318002
1318005
1318018
1318040
1318051
1318069
1318074
1318083
1318085
1318089
1318101
1318103
1318111
1318116
1318117
1318128
1318129
1318136
1318141
1318146
1318148
1318161
1318162
1318164
1318179
1318186
1318196
1318259
1318260
1318272
1318274
1318312
1318318
1318321
1318326
1318331
1318333
1318347
1318348
1318353
1318364
1318365
1318393
1318394
1318395
1318502
1318513
1318551
1318552
1318553
1318564
1318565
1318566
1318586
1318590
1318591
1318592
1318594
1318597
1318598
1318599
1318601
1318603
1318604
1318608
1318612
1318613
1318616
1318618
1318619
1318625
1318626
1318627
1318628
1318629
1318639
1318640
1318641
1318645
1318648
1318660
1318667
1320253
1320254
1320255
1321085
1321158
1321165
1321176
1321181
1321188
1321192
1321195
1321199
1321201
1321207
1321210
1321212
1321215
1321220
1321222
1321225
1321231
1321238
1321239
1321245
1321246
1321247
1321248
1321257
1321259
1321274
1321277
1321278
1321284
1321298
1321305
1321306
1321311
1321315
1321316
1321323
1321335
1321339
1321351
1321355
1321363
1321367
1321388
1321390
1321398
1321402
1321433
1321456
1321474
1321483
1321491
1321500
1321519
1321545
1321549
1322502
1322551
1322647
1322686
1322688
1322693
1322694
1322695
1322862
1323699
1324535
1324649
1324936
1324938
1324944
1324945
1325014
1325043
1326086
1326141
1326163
1326174
1326347
1326453
1331901
1331915
1331921
1331924
1331925
1331994
1332296
1332575
1332609
1332622
1334401
1334402
1334403
1334404
1334405
1334406
1334407
1334408
1334409
1334514
1334528
1334530
1334531
1334532
1334533
1334534
1334535
1334536
1334537
1334538
1334539
1334540
1334541
1334542
1334543
1334545
1334546
1334547
1334548
1334549
1334550
1339840
1340016
1340174
1340176
1340180
1340183
1340188
1340189
1340191
1340192
1341628
1344922
1345746
1349004
1349006
1349007
1349009
1349102
1349251
1349252
1349254
1349256
1349257
1349258
1349270
1349271
1349272
1349453
1351171
1351768
1351789
1351807
1351912
1353090
1353316
1353340
1353478
1353481
1353811
1353835
1353838
1353986
1354681
1356182
1356183
1356184
1356185
1356186
1356187
1356188
1356190
1356192
1356193
1356194
1356195
1356196
1356197
1356198
1356199
1356200
1357568
1357569
1357842
1357925
1358121
1358606
1358633
1358874
1358905
1358906
1359385
1359553
1359594
1359597
1359611
1359633
1359641
1359645
1359753
1359754
1359763
1359767
1359777
1360034
1360048
1360473
1361083
1361456
1361593
1361815
1362362
1362553
1362609
1362611
1362613
1362617
1362624
1362631
1362640
1362642
1362650
1362687
1362809
1362811
1362813
1362814
1362816
1362822
1362861
1362888
1364564
1364589
1365831
1365965
1365975
1365986
1365996
1366480
1366722
1366791
1366850
1366943
1367303
1367305
1367317
1367336
1367340
1367901
1368541
1372019
1372035
1372037
1372075
1372084
1372111
1372114
1372129
1372136
1372259
1372263
1372264
1372279
1372287
1372435
1372436
1372671
1372675
1372727
1372801
1372851
1372852
1372874
1372903
1372906
1372922
1372925
1372928
1372951
1372957
1373008
1373097
1373344
1373348
1373402
1373415
1373551
1373614
1373705
1373812
1374008
1374015
1374032
1374036
1374039
1374045
1374050
1374051
1374054
1374101
1374102
1374104
1374105
1374106
1374108
1374109
1374116
1376041
1376042
1376585
1377097
1377212
1377489
1377520
1377534
1377538
1377554
1377599
1377604
1377635
1378117
1378278
1378281
1378285
1378286
1378289
1378290
1378318
1378631
1378742
1378776
1378835
1378842
1378845
1378853
1378864
1378867
1378870
1378879
1378885
1378886
1378887
1378894
1378895
1378908
1378921
1379366
1379810
1382721
1382725
1382864
1382955
1384459
1384468
1385956
1389251
1389259
1389267
1389305
1389307
1389308
1389311
1389312
1389452
1389674
1389697
1389702
1389717
1389730
1389739
1389742
1389756
1389758
1389759
1389760
1389763
1389772
1389789
1389791
1389807
1389821
1389839
1389840
1389943
1389944
1389993
1390530
1390585
1390594
1390598
1392183
1393041
1393044
1394139
1394143
1394273
1394277
1394278
1394286
1394289
1394291
1394293
1394300
1394303
1394312
1395973
1404002
1404009
1404011
1404012
1404014
1404558
1404562
1404563
1404564
1404566
1404568
1404953
1404964
1411202
1417002
1417033
1417049
1417069
1417077
1417094
1417095
1417104
1417121
1417128
1417138
1417143
1417145
1417146
1417156
1417158
1417161
1417162
1417166
1417168
1417171
1417173
1417177
1417178
1417180
1417183
1417184
1417188
1417225
1417242
1417307
1417308
1417316
1417322
1417329
1417331
1417344
1417365
1417377
1417383
8851583
8867140
8872442
8872450
8881024
8896518
8902638
8911597
8916364
8925271
8935732
8939264
8949856
8950883
8955559
8956067
8962018
8965096
8967420
8967550
8978168
8978636
8980710
8984284
8986370
8988946
8989612
8989796
8999090
8999352
9000545
9001707
9001852
9005347
9008641
9008642
9009320
9014144
9014565
9014606
9014808
9015306
9019336
9019625
9019635
9019812
9021621
9022615
9023487
9024397
9027827
9032422
9034672
9036015
9036248
9037489
9038927
9040018
9041400
9042300
9042407
9043760
9044340
9046044
9047797
9047913
9049117
9049685
9051402
9051752
9052488
9052878
9053521
9054071
9055408
9055567
9056514
9056523
9057308
9057737
9057829
9057867
9058468
9058625
9059739
9060999
9062103
9062121
9063216
9065216
9066446
9066664
9066960
9067700
9068306
9069738
9071668
9072532
9072711
9074274
9075214
9076241
9077250
9078121
9078136
9078163
9079164
9079474
9079850
9080415
9082117
9082466
9082483
9082490
9082544
9082733
9083052
9083224
9083563
9083576
9083988
9084172
9084386
9085558
9086577
9088955
9089284
9089572
9090488
9090494
9090497
9090499
9091075
9091227
9091364
9092525
9094911
9095554
9096455
9096499
9096513
9096663
9097060
9097081
9098728
9099246
9099251
9099254
9099822
9100232
9100655
9100698
9101048
9101611
9101622
9101748
9101812
9101991
9102134
9102259
9103700
9103812
9103935
9104036
9104049
9104110
9104441
9105036
9105284
9105750
9105838
9106326
9107108
9107267
9108203
9108358
9111034
9111035
9111036
9111630
9112090
9112532
9113256
9113260
9113366
9113500
9113741
9113968
9114044
9114401
9115064
9115337
9115351
9116252
9116268
9116280
9116363
9116384
9116442
9116560
9116591
9116953
9117405
9117470
9117674
9117675
9117996
9118019
9119202
9119322
9119521
9119531
9120444
9120798
9121014
9122035
9122182
9122536
9123774
9123869
9123978
9124265
9124372
9124771
9124812
9125474
9125605
9126153
9126206
9126443
9126606
9126814
9126953
9127072
9127614
9127980
9128155
9128229
9128242
9128570
9128824
9128860
9128914
9129392
9129861
9130174
9130617
9130652
9130658
9130875
9131021
9131382
9131408
9131465
9131508
9132077
9132285
9132436
9132633
9133063
9133293
9133400
9133616
9133793
9133829
9133856
9133938
9133996
9134044
9134386
9134399
9134463
9134977
9135211
9135490
9136001
9136176
9136455
9136818
9137004
9137006
9137008
9137034
9137106
9137261
9137306
9137574
9137764
9138057
9138098
9138131
9138136
9138406
9138407
9138452
9138469
9138506
9138628
9138647
9138703
9139055
9139791
9140232
9140428
9140487
9140603
9140647
9140670
9140722
9140875
9141064
9141393
9142141
9142609
9142752
9142765
9142919
9142925
9143237
9143597
9143864
9143879
9144145
9144193
9144418
9144576
9144623
9144776
9145042
9145048
9145304
9145400
9145504
9145602
9145962
9146182
9146518
9146550
9146602
9146688
9146739
9146742
9146946
9146995
9147010
9147236
9147404
9147631
9147750
9148207
9148363
9148403
9148822
9149044
9149069
9149092
9149131
9149271
9149312
9149359
9149382
9149419
9149542
9149685
9149899
9149985
9150035
9150036
9150681
9150693
9150694
9150739
9150782
9151189
9151211
9151296
9151305
9151326
9151466
9151563
9151593
9151620
9151631
9151767
9152081
9152127
9152155
9152263
9152431
9152609
9152610
9152651
9152918
9153024
9153061
9153171
9153455
9153474
9153530
9154026
9154098
9154109
9154132
9154289
9154660
9154679
9154688
9154710
9154959
9155162
9155341
9155342
9155467
9155613
9155639
9155646
9155681
9155964
9155969
9155976
9156051
9156064
9156076
9156095
9156146
9156165
9156343
9156627
9156641
9156644
9156721
9156832
9156837
9156852
9157072
9157175
9157541
9157545
9157670
9157754
9157813
9158051
9158260
9158504
9158542
9158637
9158932
9159133
9159142
9159356
9159377
9159483
9159640
9159649
9159762
9159851
9160029
9160030
9160059
9160268
9160335
9160348
9160350
9160384
9160488
9160574
9160592
9160655
9160712
9160752
9160760
9160769
9161032
9161072
9161147
9161254
9161260
9161396
9161617
9161664
9161668
9161764
9161766
9161849
9161955
9161956
9161959
9161988
9162153
9162187
9162203
9162257
9162365
9162503
9162555
9162580
9162838
9162904
9162913
9163040
9163108
9163122
9163227
9163281
9163392
9163429
9163430
9163432
9163483
9163606
9163625
9163758
9163776
9163822
9163992
9164096
9164104
9164306
9164358
9164524
9164557
9164574
9164645
9164651
9164880
9164943
9164948
9165074
9165213
9165388
9165424
9165457
9165504
9165757
9165806
9165910
9165955
9165983
9165997
9166212
9166214
9166280
9166281
9166282
9166295
9166303
9166347
9166359
9166430
9166451
9166486
9166577
9166579
9166586
9166900
9166910
9166999
9167069
9167073
9167179
9167234
9167241
9167307
9167469
9167559
9167609
9167621
9167629
9167654
9167712
9167717
9167845
9167854
9167925
9167940
9168006
9168074
9168079
9168087
9168140
9168205
9168276
9168367
9168731
9168884
9168899
9168983
9169061
9169211
9169213
9169239
9169358
9169522
9169530
9169558
9169591
9169599
9169685
9169733
9169756
9169757
9169789
9169807
9169854
9169861
9169863
9170000
9170033
9170060
9170069
9170086
9170094
9170112
9170240
9170261
9170290
9170361
9170415
9170529
9170553
9170594
9170600
9170608
9170691
9170737
9170740
9170749
9170798
9170814
9170828
9170886
9170911
9170944
9170995
9171004
9171062
9171138
9171147
9171176
9171259
9171307
9171459
9171486
9171495
9171518
9171584
9171589
9171698
9171714
9171735
9171999
9172000
9172009
9172110
9172237
9172273
9172405
9172415
9172429
9172596
9172697
9172730
9172806
9172954
9173033
9173037
9173085
9173289
9173290
9173357
9173406
9173554
9173597
9173630
9173695
9173702
9173725
9173749
9173817
9173835
9173863
9173915
9173962
9174025
9174261
9174287
9174314
9174321
9174323
9174324
9174381
9174406
9174407
9174408
9174410
9174412
9174429
9174492
9174524
9174531
9174610
9174659
9174688
9174721
9174730
9174752
9174761
9174937
9174957
9174998
9175111
9175130
9175137
9175139
9175149
9175231
9175243
9175251
9175256
9175267
9175303
9175367
9175372
9175383
9175410
9175577
9175614
9175623
9175647
9175772
9175880
9175893
9175913
9175933
9175963
9175977
9176075
9176119
9176168
9176216
9176217
9176263
9176267
9176273
9176282
9176322
9176346
9176356
9176382
9176398
9176452
9176468
9176606
9176743
9176859
9176893
9176913
9176918
9177005
9177172
9177247
9177252
9177362
9177487
9177678
9177691
9177696
9177744
9177785
9177948
9177988
9178022
9178034
9178047
9178061
9178099
9178124
9178282
9178309
9178337
9178465
9178468
9178698
9178763
9178784
9178804
9178910
9179090
9179096
9179137
9179209
9179351
9179386
9179396
9179444
9179555
9179602
9179637
9179658
9179677
9179698
9179738
9179942
9180050
9180058
9180179
9180230
9180309
9180310
9180311
9180335
9180339
9180342
9180366
9180415
9180455
9180470
9180539
9180623
9180649
9180655
9180849
9180859
9180898
9180908
9180925
9181018
9181060
9181138
9181148
9181204
9181218
9181249
9181284
9181294
9181338
9181382
9181476
9181485
9181575
9181626
9181641
9181678
9181733
9181763
9181785
9181795
9181860
9181868
9181910
9181922
9181933
9181934
9181950
9181959
9181964
9182000
9182047
9182055
9182058
9182078
9182090
9182167
9182174
9182195
9182245
9182265
9182318
9182363
9182369
9182379
9182461
9182569
9182591
9182614
9182622
9182762
9182789
9182800
9182834
9182841
9182859
9182948
9182962
9182984
9182995
9183012
9183060
9183135
9183201
9183218
9183219
9183220
9183302
9183321
9183324
9183347
9183364
9183386
9183489
9183514
9183521
9183544
9183581
9183597
9183650
9183754
9183791
9183797
9183807
9183819
9183861
9183864
9183961
9183997
9184121
9184126
9184132
9184134
9184177
9184235
9184261
9184271
9184281
9184295
9184297
9184308
9184316
9184349
9184352
9184383
9184400
9184436
9184443
9184452
9184502
9184505
9184538
9184662
9184720
9184740
9184754
9184817
9184829
9184839
9184863
9184910
9184912
9184918
9184926
9184927
9184943
9184969
9185058
9185237
9185272
9185277
9185361
9185492
9185496
9185566
9185588
9185619
9185895
9185911
9185927
9185974
9186020
9186036
9186191
9186559
9186571
9186591
9186611
9186646
9186698
9186852
9187001
9187014
9187059
9187077
9187088
9187219
9187225
9187243
9187303
9187328
9187388
9187407
9187454
9187487
9187503
9187526
9187553
9187666
9187734
9187744
9187875
9187914
9187978
9188039
9188065
9188111
9188114
9188139
9188237
9188247
9188277
9188285
9188288
9188311
9188323
9188453
9188459
9188599
9188633
9188637
9188638
9188686
9188708
9188725
9188742
9188782
9188784
9188889
9188900
9188905
9188916
9188971
9188993
9189033
9189034
9189094
9189137
9189140
9189153
9189176
9189265
9189356
9189358
9189366
9189415
9189520
9189526
9189545
9189576
9189586
9189589
9189604
9189624
9189627
9189680
9189686
9189744
9189804
9189890
9189918
9189991
9190034
9190050
9190056
9190169
9190178
9190285
9190297
9190298
9190332
9190355
9190496
9190505
9190520
9190674
9190702
9190873
9190904
9190980
9191001
9191034
9191054
9191063
9191202
9191216
9191227
9191268
9191328
9191339
9191361
9191368
9191405
9191406
9191475
9191528
9191605
9191645
9191718
9191726
9191732
9191775
9191784
9191785
9191793
9191829
9191868
9191915
9191943
9191944
9191989
9192025
9192054
9192063
9192072
9192078
9192079
9192088
9192095
9192176
9192188
9192190
9192229
9192286
9192292
9192418
9192437
9192464
9192472
9192473
9192505
9192533
9192645
9192658
9192726
9192740
9192764
9192841
9192855
9192864
9192877
9192886
9192984
9193063
9193098
9193103
9193235
9193263
9193279
9193344
9193349
9193400
9193424
9193456
9193460
9193507
9193520
9193560
9193564
9193595
9193617
9193678
9193691
9193726
9193826
9193847
9193876
9193905
9193935
9193950
9194012
9194013
9194059
9194067
9194092
9194160
9194191
9194194
9194279
9194304
9194359
9194396
9194436
9194454
9194513
9194547
9194554
9194561
9194575
9194638
9194650
9194673
9194686
9194714
9194888
9194893
9194934
9194956
9194966
9195004
9195009
9195021
9195027
9195060
9195073
9195095
9195139
9195174
9195192
9195235
9195299
9195319
9195327
9195333
9195336
9195361
9195417
9195426
9195428
9195446
9195448
9195450
9195451
9195454
9195491
9195498
9195499
9195500
9195501
9195512
9195522
9195611
9195622
9195627
9195662
9195680
9195695
9195707
9195726
9195735
9195748
9195778
9195782
9195787
9195844
9195850
9195855
9195888
9195899
9195922
9195965
9196005
9196022
9196029
9196043
9196053
9196073
9196075
9196080
9196169
9196200
9196207
9196251
9196304
9196309
9196333
9196334
9196348
9196351
9196382
9196432
9196484
9196553
9196556
9196586
9196590
9196636
9196650
9196675
9196688
9196701
9196725
9196789
9196817
9196833
9196845
9196873
9196881
9196896
9196917
9196961
9196974
9197013
9197025
9197027
9197030
9197040
9197054
9197059
9197067
9197088
9197097
9197137
9197138
9197145
9197151
9197162
9197164
9197193
9197211
9197237
9197246
9197254
9197262
9197301
9197308
9197313
9197325
9197330
9197348
9197370
9197466
9197477
9197493
9197507
9197525
9197544
9197550
9197557
9197577
9197640
9197656
9197670
9197707
9197710
9197717
9197727
9197742
9197811
9197920
9197926
9197928
9197945
9198001
9198007
9198090
9198092
9198153
9198157
9198178
9198221
9198230
9198239
9198240
9198289
9198351
9198421
9198437
9198501
9198504
9198510
9198537
9198550
9198554
9198613
9198625
9198678
9198725
9198750
9198777
9198854
9198859
9198860
9198862
9198869
9198879
9198881
9198882
9198883
9198885
9198899
9198950
9198951
9198954
9199022
9199025
9199026
9199037
9199047
9199055
9199078
9199106
9199109
9199121
9199132
9199137
9199156
9199162
9199172
9199198
9199210
9199226
9199232
9199266
9199288
9199290
9199293
9199298
9199300
9199306
9199321
9199350
9199353
9199354
9199394
9199458
9199481
9199482
9199498
9199508
9199538
9199558
9199574
9199594
9199657
9199671
9199683
9199687
9199688
9199708
9199712
9199727
9199753
9199767
9199805
9199825
9199836
9199840
9199857
9199898
9199935
9199952
9199955
9200000
9200005
9200008
9200013
9200017
9200023
9200036
9200075
9200076
9200164
9200187
9200212
9200216
9200221
9200255
9200307
9200315
9200335
9200393
9200408
9200425
9200448
9200454
9200461
9200468
9200471
9200488
9200506
9200508
9200519
9200533
9200534
9200548
9200550
9200561
9200600
9200622
9200627
9200637
9200650
9200664
9200665
9200732
9200746
9200758
9200770
9200785
9200821
9200837
9200850
9200882
9200904
9200922
9200973
9200977
9200984
9201007
9201029
9201039
9201075
9201088
9201138
9201139
9201174
9201189
9201245
9201260
9201284
9201307
9201323
9201353
9201373
9201384
9201403
9201405
9201431
9201434
9201454
9201455
9201490
9201494
9201518
9201546
9201556
9201559
9201575
9201581
9201586
9201602
9201644
9201651
9201656
9201684
9201733
9201735
9201741
9201752
9201753
9201761
9201771
9201779
9201849
9201856
9201868
9201872
9201892
9201894
9201897
9201941
9201945
9201954
9201971
9201973
9201986
9202008
9202033
9202106
9202138
9202143
9202180
9202181
9202224
9202231
9202313
9202321
9202339
9202347
9202377
9202380
9202386
9202397
9202419
9202480
9202481
9202482
9202510
9202528
9202533
9202535
9202549
9202607
9202611
9202645
9202647
9202648
9202653
9202660
9202665
9202673
9202714
9202720
9202729
9202741
9202742
9202769
9202770
9202776
9202787
9202799
9202802
9202803
9202804
9202805
9202839
9202840
9202844
9202851
9202872
9202948
9202952
9202966
9202972
9202978
9202995
9203004
9203010
9203026
9203030
9203033
9203050
9203053
9203074
9203079
9203085
9203086
9203091
9203101
9203143
9203145
9203154
9203158
9203162
9203176
9203190
9203194
9203219
9203232
9203244
9203245
9203257
9203258
9203260
9203320
9203325
9203333
9203362
9203379
9203408
9203430
9203455
9203488
9203504
9203532
9203548
9203552
9203556
9203560
9203575
9203585
9203595
9203607
9203661
9203666
9203676
9203683
9203691
9203694
9203710
9203733
9203748
9203776
9203798
9203855
9203862
9203863
9203867
9203874
9203875
9203906
9203907
9203917
9203930
9203933
9203960
9203969
9203994
9204023
9204060
9204073
9204077
9204081
9204085
9204086
9204098
9204101
9204103
9204105
9204109
9204113
9204116
9204117
9204135
9204146
9204171
9204199
9204211
9204220
9204222
9204292
9204305
9204306
9204344
9204368
9204376
9204379
9204380
9204397
9204409
9204454
9204474
9204478
9204481
9204483
9204491
9204510
9204514
9204548
9204568
9204571
9204591
9204619
9204621
9204684
9204707
9204716
9204735
9204747
9204759
9204772
9204775
9204776
9204786
9204787
9204801
9204815
9204819
9204830
9204846
9204854
9204855
9204885
9204890
9204921
9204922
9204935
9204937
9204940
9204952
9204955
9204973
9204976
9204986
9204997
9205016
9205018
9205020
9205022
9205040
9205059
9205093
9205099
9205185
9205195
9205206
9205209
9205215
9205234
9205243
9205254
9205270
9205274
9205281
9205282
9205286
9205287
9205331
9205382
9205390
9205446
9205448
9205462
9205475
9205476
9205488
9205491
9205492
9205498
9205505
9205539
9205545
9205552
9205565
9205568
9205591
9205600
9205613
9205638
9205654
9205659
9205674
9205675
9205680
9205698
9205702
9205706
9205717
9205745
9205751
9205765
9205789
9205806
9205825
9205834
9205856
9205869
9205872
9205884
9205895
9205913
9205922
9205934
9205943
9205962
9205968
9206000
9206009
9206031
9206041
9206045
9206048
9206051
9206077
9206086
9206101
9206111
9206114
9206125
9206135
9206139
9206143
9206147
9206158
9206177
9206243
9206250
9206253
9206264
9206267
9206278
9206288
9206293
9206305
9206316
9206327
9206351
9206374
9206395
9206406
9206417
9206438
9206440
9206450
9206460
9206470
9206477
9206516
9206543
9206557
9206560
9206561
9206567
9206587
9206614
9206619
9206628
9206631
9206635
9206642
9206645
9206651
9206655
9206673
9206681
9206682
9206683
9206697
9206699
9206703
9206705
9206711
9206714
9206716
9206722
9206734
9206743
9206775
9206781
9206783
9206785
9206790
9206795
9206805
9206807
9206835
9206837
9206838
9206841
9206842
9206844
9206862
9206864
9206870
9206875
9206878
9206883
9206885
9206894
9206900
9206903
9206910
9206930
9206931
9206943
9206956
9206960
9206964
9206980
9206985
9206990
9206993
9206999
9207006
9207012
9207014
9207025
9207044
9207048
9207049
9207081
9207090
9207097
9207103
9207125
9207126
9207129
9207132
9207134
9207143
9207151
9207162
9207168
9207171
9207173
9207180
9207182
9207190
9207210
9207241
9207251
9207276
9207280
9207299
9207303
9207311
9207312
9207320
9207336
9207340
9207350
9207355
9207384
9207388
9207396
9207406
9207407
9207415
9207416
9207417
9207418
9207423
9207426
9207427
9207433
9207436
9207437
9207442
9207454
9207466
9207468
9207475
9207482
9207483
9207488
9207501
9207509
9207515
9207524
9207527
9207540
9207549
9207579
9207580
9207613
9207624
9207629
9207630
9207632
9207633
9207638
9207641
9207643
9207645
9207657
9207661
9207665
9207673
9207676
9207677
9207691
9207697
9207698
9207701
9207718
9207741
9207748
9207749
9207767
9207771
9207774
9207776
9207784
9207787
9207809
9207831
9207834
9207835
9207838
9207839
9207848
9207849
9207852
9207856
9207870
9207875
9207877
9207878
9207884
9207889
9207891
9207895
9207896
9207897
9207899
9207918
9207925
9207947
9207950
9207964
9207981
9207995
9208004
9208018
9208019
9208023
9208043
9208045
9208046
9208059
9208064
9208069
9208091
9208094
9208098
9208107
9208108
9208112
9208119
9208124
9208133
9208155
9208157
9208162
9208170
9208172
9208180
9208190
9208196
9208197
9208198
9208199
9208210
9208212
9208215
9208223
9208252
9208253
9208255
9208259
9208273
9208275
9208287
9208293
9208294
9208297
9208305
9208312
9208322
9208323
9208326
9208332
9208336
9208338
9208344
9208345
9208348
9208349
9208370
9208373
9208375
9208388
9208404
9208412
9208417
9208419
9208425
9208449
9208451
9208462
9208466
9208474
9208476
9208515
9208521
9208528
9208534
9208541
9208546
9208556
9208575
9208576
9208578
9208591
9208598
9208604
9208608
9208616
9208625
9208630
9208641
9208645
9208658
9208660
9208661
9208676
9208678
9208682
9208687
9208691
9208693
9208700
9208702
9208710
9208721
9208727
9208728
9208732
9208736
9208739
9208745
9208749
9208754
9208771
9208774
9208776
9208777
9208779
9208809
9208831
9208835
9208845
9208856
9208858
9208859
9208861
9208867
9208870
9208876
9208881
9208882
9208888
9208893
9208905
9208909
9208921
9208937
9208942
9208947
9208950
9208960
9208967
9208968
9208971
9208975
9208983
9208985
9208987
9208989
9208994
9209000
9209003
9209017
9209025
9209034
9209037
9209047
9209057
9209059
9209071
9209074
9209075
9209084
9209090
9209091
9209097
9209100
9209121
9209123
9209124
9209129
9209130
9209131
9209140
9209141
9209150
9209151
9209152
9209153
9209156
9209160
9209166
9209169
9209177
9209181
9209182
9209183
9209186
9209187
9209188
9209192
9209199
9209204
9209208
9209210
9209211
9209222
9209225
9209242
9209243
9209251
9209252
9209253
9209254
9209262
9209263
9209283
9209285
9209287
9209292
9209293
9209299
9209300
9209302
9209313
9209314
9209329
9209333
9209334
9209335
9209337
9209339
9209342
9209353
9209357
9209370
9209371
9209372
9209379
9209388
9209399
9209411
9209413
9209418
9209421
9209428
9209432
9209440
9209441
9209446
9209448
9209457
9209462
9209464
9209467
9209483
9209484
9209487
9209503
9209510
9209529
9209534
9209547
9209551
9209558
9209581
9209584
9209586
9209587
9209591
9209601
9209621
9209622
9209630
9209634
9209635
9209640
9209642
9209648
9209651
9209692
9209696
9209702
9209711
9209712
9209721
9209722
9209729
9209738
9209746
9209751
9209756
9209761
9209782
9209783
9209789
9209794
9209804
9209815
9209823
9209825
9209829
9209834
9209835
9209849
9209869
9209876
9209886
9209894
9209909
9209914
9209927
9209929
9209933
9209939
9209943
9209946
9209948
9209953
9209967
9209969
9209971
9209972
9209974
9209979
9209983
9209989
9210006
9210011
9210013
9210014
9210017
9210025
9210029
9210036
9210040
9210046
9210061
9210070
9210074
9210076
9210079
9210082
9210090
9210091
9210104
9210113
9210118
9210121
9210122
9210127
9210134
9210154
9210155
9210173
9210178
9210182
9210193
9210198
9210200
9210202
9210205
9210211
9210214
9210216
9210219
9210234
9210237
9210245
9210257
9210269
9210296
9210306
9210313
9210314
9210315
9210321
9210322
9210326
9210327
9210333
9210335
9210338
9210342
9210343
9210344
9210349
9210353
9210354
9210363
9210367
9210374
9210376
9210377
9210379
9210380
9210383
9210386
9210387
9210389
9210394
9210396
9210398
9210403
9210405
9210408
9210411
9210413
9210418
9210423
9210424
9210425
9210427
9210430
9210433
9210437
9210440
9210442
9210446
9210447
9210450
9210455
9210456
9210458
9210459
9210461
9210462
9210464
9210472
9210474
9210476
9210487
9210489
9210496
9210497
9210500
9210503
9210508
9210511
9210513
9210514
9210518
9210519
9210520
9210523
9210525
9210529
9210541
9210542
9210543
9210544
9210546
9210547
9210549
9210550
9210556
9210559
9210560
9210562
9210571
9210573
9210578
9210584
9210590
9210595
9210596
9210601
9210602
9210608
9210609
9210611
9210617
9210618
9210621
9210625
9210629
9210632
9210634
9210639
9210641
9210642
9210645
9210647
9210648
9210650
9210654
9210658
9210659
9210661
9210665
9210666
9210670
9210676
9210682
9210692
9210696
9210698
9210699
9210701
9210706
9210707
9210715
9210716
9210718
9210719
9210720
9210721
9210722
9210723
9210726
9210729
9210730
9210731
9210732
9210737
9210739
9210740
9210742
9210744
9210745
9210746
9210747
9210749
9210762
9210764
9210768
9210771
9210775
9210777
9210781
9210793
9210800
9210804
9210807
9210812
9210813
9210816
9210821
9210823
9210824
9210826
9210835
9210843
9210844
9210845
9210848
9210852
9210857
9210858
9210861
9210863
9210877
9210880
9210881
9210883
9210884
9210886
9210894
9210895
9210899
9210900
9210908
9210910
9210912
9210914
9210915
9210916
9210920
9210926
9210929
9210934
9210937
9210940
9210941
9210942
9210943
9210944
9210945
9210947
9210950
9210952
9210955
9210967
9210969
9210971
9210972
9210974
9210978
9210982
9210985
9210988
9210993
9210998
9211004
9211012
9211015
9211017
9211020
9211021
9211023
9211031
9211035
9211036
9211038
9211045
9211046
9211052
9211053
9211059
9211067
9211069
9211073
9211074
9211077
9211079
9211080
9211091
9211093
9211095
9211097
9211103
9211109
9211115
9211116
9211118
9211120
9211129
9211130
9211135
9211147
9211149
9211150
9211151
9211154
9211165
9211166
9211167
9211176
9211178
9211180
9211183
9211190
9211195
9211198
9211199
9211205
9211206
9211207
9211210
9211211
9211215
9211218
9211226
9211227
9211228
9211233
9211239
9211242
9211248
9211249
9211250
9211251
9211257
9211267
9211268
9211278
9211281
9211282
9211283
9211285
9211287
9211291
9211301
9211302
9211304
9211306
9211309
9211312
9211313
9211315
9211317
9211320
9211321
9211324
9211325
9211326
9211329
9211339
9211341
9211343
9211345
9211350
9211352
9211354
9211355
9211357
9211358
9211360
9211361
9211376
9211377
9211378
9211379
9211381
9211382
9211384
9211388
9211392
9211401
9211403
9211404
9211409
9211412
9211419
9211423
9211429
9211430
9211437
9211440
9211441
9211442
9211444
9211449
9211453
9211457
9211460
9211462
9211463
9211469
9211470
9211478
9211480
9211481
9211483
9211484
9211487
9211491
9211493
9211497
9211498
9211499
9211502
9211504
9211505
9211506
9211509
9211514
9211515
9211520
9211524
9211525
9211529
9211531
9211533
9211538
9211546
9211547
9211550
9211552
9211567
9211569
9211571
9211577
9211579
9211583
9211587
9211590
9211591
9211592
9211599
9211606
9211610
9211615
9211616
9211617
9211622
9211625
9211628
9211629
9211631
9211633
9211641
9211642
9211644
9211646
9211647
9211648
9211653
9211656
9211657
9211659
9211667
9211668
9211669
9211670
9211671
9211681
9211687
9211688
9211689
9211693
9211695
9211697
9211698
9211707
9211708
9211709
9211714
9211716
9211719
9211720
9211721
9211725
9211730
9211731
9211733
9211741
9211751
9211757
9211758
9211759
9211762
9211763
9211766
9211767
9211769
9211770
9211774
9211781
9211786
9211788
9211795
9211796
9211797
9211806
9211808
9211810
9211813
9211814
9211817
9211820
9211828
9211829
9211831
9211833
9211835
9211839
9211843
9211846
9211848
9211853
9211855
9211856
9211864
9211866
9211868
9211869
9211873
9211874
9211875
9211877
9211885
9211886
9211891
9211895
9211896
9211897
9211898
9211899
9211904
9211906
9211907
9211918
9211919
9211921
9211930
9211932
9211938
9211940
9211945
9211947
9211956
9211957
9211962
9211966
9211967
9211969
9211970
9211973
9211977
9211978
9211981
9211982
9211985
9211987
9211991
9211992
9211995
9211996
9211997
9211998
9211999
9212000
9212001
9212002
9212004
9212008
9212009
9212010
9212017
9212020
9212022
9212030
9212033
9212036
9212037
9212041
9212042
9212045
9212047
9212049
9212053
9212054
9212059
9212060
9212065
9212067
9212068
9212069
9212072
9212076
9212078
9212084
9212086
9212087
9212091
9212094
9212096
9212097
9212098
9212099
9212104
9212106
9212107
9212113
9212114
9212119
9212125
9212126
9212127
9212132
9212145
9212148
9212151
9212159
9212163
9212165
9212169
9212170
9212174
9212179
9212184
9212186
9212189
9212195
9212200
9212201
9212204
9212205
9212207
9212208
9212210
9212213
9212214
9212215
9212216
9212217
9212219
9212222
9212224
9212226
9212228
9212232
9212235
9212238
9212243
9212246
9212247
9212248
9212255
9212258
9212263
9212265
9212269
9212270
9212271
9212275
9212277
9212281
9212282
9212284
9212285
9212295
9212297
9212309
9212315
9212322
9212323
9212327
9212338
9212340
9212341
9212344
9212346
9212348
9212351
9212352
9212356
9212367
9212369
9212371
9212377
9212378
9212379
9212383
9212384
9212385
9212387
9212392
9212401
9212403
9212410
9212416
9212417
9212423
9212425
9212426
9212427
9212428
9212429
9212430
9212432
9212436
9212439
9212441
9212453
9212457
9212460
9212466
9212468
9212471
9212473
9212479
9212482
9212484
9212504
9212505
9212507
9212509
9212511
9212514
9212516
9212519
9212520
9212529
9212530
9212531
9212534
9212541
9212542
9212544
9212545
9212552
9212555
9212556
9212560
9212561
9212568
9212574
9212577
9212578
9212580
9212581
9212592
9212596
9212600
9212603
9212609
9212618
9212620
9212623
9212625
9212629
9212635
9212636
9212637
9212639
9212643
9212645
9212646
9212647
9212650
9212651
9212656
9212657
9212659
9212668
9212671
9212673
9212680
9212684
9212685
9212686
9212687
9212690
9212693
9212694
9212701
9212706
9212707
9212708
9212709
9212722
9212724
9212727
9212728
9212732
9212733
9212737
9212743
9212745
9212747
9212748
9212750
9212752
9212754
9212756
9212759
9212761
9212765
9212768
9212769
9212773
9212774
9212776
9212783
9212784
9212793
9212797
9212800
9212804
9212809
9212810
9212814
9212816
9212823
9212825
9212826
9212827
9212830
9212831
9212839
9212844
9212846
9212847
9212848
9212850
9212856
9212859
9212865
9212867
9212869
9212870
9212872
9212873
9212876
9212877
9212880
9212882
9212884
9212885
9212889
9212895
9212897
9212901
9212904
9212905
9212906
9212910
9212918
9212920
9212921
9212926
9212927
9212928
9212932
9212934
9212935
9212938
9212942
9212943
9212944
9212956
9212963
9212966
9212970
9212972
9212975
9212984
9212985
9212992
9212996
9212999
9213002
9213003
9213009
9213010
9213011
9213013
9213014
9213017
9213019
9213021
9213022
9213028
9213030
9213034
9213037
9213039
9213042
9213045
9213049
9213052
9213058
9213061
9213064
9213066
9213070
9213071
9213072
9213073
9213078
9213083
9213085
9213086
9213089
9213094
9213096
9213100
9213102
9213106
9213107
9213111
9213115
9213116
9213117
9213118
9213120
9213123
9213124
9213125
9213131
9213132
9213140
9213144
9213149
9213152
9213157
9213160
9213161
9213162
9213163
9213167
9213169
9213172
9213174
9213176
9213177
9213179
9213180
9213182
9213186
9213192
9213193
9213194
9213196
9213200
9213201
9213209
9213215
9213216
9213221
9213226
9213228
9213233
9213235
9213237
9213239
9213240
9213245
9213249
9213251
9213252
9213253
9213255
9213264
9213266
9213268
9213270
9213271
9213274
9213277
9213282
9213283
9213292
9213294
9213296
9213297
9213298
9213302
9213303
9213308
9213314
9213319
9213321
9213322
9213328
9213330
9213331
9213333
9213335
9213337
9213342
9213343
9213344
9213345
9213346
9213348
9213357
9213358
9213366
9213368
9213369
9213372
9213373
9213380
9213381
9213382
9213384
9213391
9213392
9213393
9213394
9213406
9213412
9213415
9213418
9213420
9213424
9213426
9213428
9213432
9213445
9213451
9213452
9213455
9213458
9213459
9213460
9213461
9213463
9213469
9213470
9213472
9213478
9213486
9213489
9213492
9213493
9213494
9213498
9213499
9213501
9213502
9213504
9213506
9213508
9213511
9213513
9213517
9213526
9213527
9213529
9213532
9213534
9213536
9213538
9213539
9213540
9213542
9213548
9213551
9213557
9213558
9213560
9213568
9213569
9213574
9213575
9213577
9213578
9213580
9213585
9213586
9213590
9213591
9213592
9213594
9213596
9213598
9213600
9213601
9213604
9213605
9213607
9213610
9213631
9213632
9213635
9213643
9213651
9213652
9213655
9213658
9213660
9213662
9213663
9213667
9213668
9213672
9213675
9213676
9213680
9213682
9213683
9213687
9213694
9213704
9213708
9213718
9213722
9213724
9213725
9213729
9213730
9213741
9213750
9213753
9213754
9213755
9213757
9213759
9213760
9213761
9213768
9213771
9213776
9213778
9213779
9213780
9213781
9213785
9213786
9213796
9213797
9213799
9213801
9213802
9213808
9213809
9213812
9213813
9213817
9213820
9213831
9213842
9213846
9213848
9213854
9213861
9213863
9213865
9213868
9213871
9213872
9213877
9213878
9213880
9213883
9213885
9213904
9213905
9213906
9213908
9213910
9213911
9213912
9213916
9213917
9213920
9213923
9213924
9213926
9213933
9213935
9213938
9213939
9213940
9213942
9213943
9213944
9213947
9213950
9213952
9213955
9213958
9213959
9213965
9213968
9213972
9213975
9213986
9213987
9213989
9213990
9213993
9213997
9214000
9214001
9214002
9214006
9214009
9214011
9214012
9214015
9214018
9214019
9214020
9214022
9214023
9214024
9214025
9214028
9214034
9214037
9214047
9214050
9214054
9214055
9214056
9214057
9214059
9214062
9214072
9214073
9214080
9214083
9214084
9214085
9214087
9214090
9214094
9214096
9214101
9214105
9214106
9214114
9214121
9214127
9214131
9214133
9214135
9214139
9214155
9214157
9214158
9214171
9214175
9214179
9214180
9214182
9214184
9214186
9214187
9214188
9214192
9214194
9214195
9214196
9214197
9214202
9214205
9214207
9214209
9214210
9214211
9214230
9214232
9214234
9214239
9214240
9214243
9214244
9214253
9214271
9214279
9214280
9214283
9214291
9214296
9214303
9214304
9214305
9214306
9214309
9214311
9214316
9214319
9214328
9214339
9214345
9214347
9214354
9214357
9214363
9214370
9214382
9214387
9214394
9214397
9214398
9214401
9214403
9214404
9214409
9214411
9214414
9214423
9214433
9214435
9214438
9214443
9214448
9214450
9214454
9214456
9214461
9214471
9214479
9214482
9214483
9214490
9214493
9214494
9214498
9214499
9214507
9214508
9214511
9214520
9214521
9214523
9214524
9214526
9214536
9214539
9214543
9214551
9214556
9214558
9214559
9214561
9214571
9214583
9214585
9214589
9214598
9214607
9214610
9214625
9214627
9214631
9214638
9214646
9214651
9214654
9214656
9214658
9214660
9214661
9214663
9214665
9214667
9214669
9214670
9214675
9214677
9214680
9214681
9214686
9214689
9214691
9214699
9214703
9214704
9214708
9214716
9214718
9214724
9214725
9214730
9214733
9214735
9214745
9214748
9214750
9214752
9214757
9214760
9214763
9214769
9214782
9214783
9214785
9214794
9214795
9214796
9214804
9214805
9214818
9214821
9214823
9214825
9214836
9214841
9214842
9214844
9214851
9214852
9214854
9214858
9214865
9214871
9214872
9214888
9214893
9214897
9214898
9214901
9214912
9214920
9214921
9214923
9214924
9214925
9214930
9214937
9214940
9214944
9214950
9214951
9214954
9214956
9214959
9214960
9214961
9214968
9214969
9214972
9214974
9214975
9214976
9214978
9214979
9214984
9214985
9214988
9214989
9214993
9214994
9214996
9215000
9215001
9215002
9215004
9215006
9215007
9215009
9215011
9215012
9215016
9215019
9215020
9215024
9215025
9215032
9215057
9215059
9215068
9215071
9215074
9215080
9215081
9215091
9215095
9215096
9215104
9215105
9215106
9215107
9215109
9215113
9215115
9215118
9215120
9215124
9215134
9215147
9215149
9215150
9215152
9215165
9215166
9215167
9215168
9215170
9215172
9215184
9215190
9215198
9215215
9215220
9215226
9215228
9215237
9215238
9215245
9215246
9215251
9215257
9215259
9215263
9215267
9215278
9215284
9215299
9215302
9215304
9215307
9215314
9215315
9215319
9215324
9215341
9215346
9215348
9215350
9215352
9215353
9215358
9215362
9215366
9215374
9215378
9215379
9215380
9215385
9215390
9215404
9215415
9215418
9215429
9215431
9215433
9215435
9215445
9215446
9215451
9215452
9215454
9215458
9215461
9215472
9215483
9215494
9215495
9215497
9215522
9215523
9215526
9215536
9215538
9215547
9215560
9215567
9215569
9215573
9215581
9215583
9215589
9215596
9215607
9215609
9215621
9215623
9215630
9215635
9215636
9215647
9215648
9215655
9215658
9215659
9215668
9215671
9215690
9215696
9215698
9215700
9215701
9215704
9215707
9215712
9215714
9215716
9215719
9215723
9215727
9215733
9215735
9215737
9215745
9215749
9215752
9215758
9215780
9215787
9215798
9215799
9215803
9215804
9215810
9215814
9215819
9215820
9215839
9215847
9215848
9215849
9215850
9215863
9215869
9215876
9215882
9215893
9215902
9215905
9215915
9215918
9215922
9215934
9215936
9215937
9215938
9215945
9215954
9215955
9215956
9215959
9215960
9215965
9215966
9215972
9215978
9215981
9215996
9216009
9216013
9216022
9216023
9216035
9216037
9216039
9216043
9216044
9216056
9216058
9216071
9216076
9216102
9216105
9216113
9216120
9216127
9216134
9216137
9216146
9216149
9216153
9216166
9216169
9216171
9216173
9216183
9216187
9216189
9216191
9216192
9216193
9216195
9216200
9216211
9216215
9216218
9216223
9216226
9216228
9216232
9216241
9216245
9216247
9216255
9216258
9216259
9216262
9216263
9216265
9216266
9216268
9216272
9216275
9216276
9216287
9216291
9216292
9216294
9216296
9216300
9216303
9216305
9216309
9216311
9216312
9216316
9216321
9216325
9216330
9216334
9216345
9216346
9216356
9216367
9216372
9216373
9216375
9216378
9216379
9216389
9216392
9216395
9216397
9216398
9216404
9216405
9216412
9216413
9216414
9216415
9216425
9216427
9216434
9216435
9216442
9216447
9216449
9216450
9216451
9216453
9216457
9216462
9216464
9216466
9216470
9216473
9216487
9216488
9216499
9216500
9216504
9216505
9216508
9216515
9216528
9216529
9216532
9216535
9216538
9216553
9216557
9216562
9216564
9216576
9216583
9216600
9216605
9216607
9216614
9216615
9216616
9216630
9216636
9216640
9216643
9216644
9216647
9216659
9216671
9216672
9216677
9216684
9216706
9216708
9216709
9216716
9216726
9216731
9216736
9216754
9216761
9216763
9216776
9216793
9216794
9216800
9216810
9216817
9216822
9216832
9216843
9216844
9216849
9216851
9216856
9216860
9216861
9216873
9216877
9216879
9216886
9216891
9216897
9216911
9216924
9216925
9216927
9216928
9216937
9216942
9216944
9216949
9216951
9216952
9216959
9216961
9216968
9216978
9216984
9216989
9216993
9216994
9217010
9217017
9217023
9217027
9217044
9217045
9217046
9217050
9217063
9217072
9217093
9217104
9217105
9217113
9217120
9217134
9217136
9217138
9217149
9217160
9217162
9217163
9217164
9217165
9217174
9217181
9217184
9217221
9217224
9217225
9217236
9217252
9217253
9217287
9217288
9217290
9217291
9217294
9217295
9217297
9217298
9217321
9217324
9217327
9217334
9217337
9217354
9217357
9217364
9217384
9217385
9217388
9217390
9217395
9217399
9217400
9217401
9217410
9217414
9217415
9217427
9217429
9217446
9217449
9217451
9217453
9217455
9217457
9217458
9217481
9217483
9217496
9217497
9217498
9217499
9217501
9217509
9217511
9217516
9217519
9217521
9217523
9217540
9217543
9217547
9217549
9217551
9217555
9217561
9217566
9217568
9217569
9217570
9217575
9217576
9217580
9217585
9217586
9217588
9217589
9217596
9217597
9217599
9217600
9217604
9217605
9217609
9217613
9217617
9217619
9217621
9217626
9217627
9217643
9217644
9217649
9217651
9217652
9217663
9217664
9217666
9217667
9217669
9217674
9217675
9217676
9217682
9217683
9217687
9217688
9217689
9217693
9217695
9217698
9217699
9217706
9217707
9217713
9217736
9217751
9217754
9217762
9217777
9217781
9217782
9217785
9217787
9217789
9217797
9217806
9217809
9217819
9217827
9217852
9217857
9217859
9217861
9217871
9217880
9217881
9217894
9217896
9217899
9217900
9217901
9217902
9217908
9217910
9217914
9217919
9217920
9217923
9217930
9217933
9217939
9217940
9217943
9217961
9217971
9217981
9217986
9217993
9218000
9218002
9218005
9218006
9218016
9218017
9218038
9218046
9218050
9218055
9218061
9218062
9218065
9218066
9218067
9218079
9218084
9218091
9218104
9218106
9218111
9218113
9218118
9218136
9218139
9218143
9218146
9218156
9218160
9218163
9218167
9218170
9218177
9218180
9218183
9218200
9218202
9218204
9218210
9218211
9218214
9218229
9218234
9218240
9218241
9218250
9218252
9218254
9218256
9218260
9218268
9218285
9218287
9218288
9218294
9218312
9218318
9218321
9218324
9218330
9218335
9218339
9218345
9218348
9218350
9218355
9218367
9218369
9218373
9218374
9218400
9218401
9218412
9218422
9218429
9218430
9218444
9218448
9218451
9218460
9218463
9218466
9218490
9218508
9218510
9218513
9218517
9218521
9218535
9218547
9218551
9218578
9218583
9218584
9218589
9218599
9218600
9218622
9218653
9218656
9218657
9218664
9218666
9218677
9218681
9218696
9218707
9218724
9218746
9218756
9218757
9218761
9218782
9218791
9218796
9218805
9218810
9218812
9218816
9218834
9218843
9218848
9218855
9218857
9218861
9218867
9218873
9218875
9218878
9218883
9218884
9218886
9218891
9218892
9218893
9218907
9218912
9218917
9218928
9218940
9218955
9218966
9218971
9218973
9218982
9218984
9218993
9218996
9218997
9219005
9219006
9219007
9219015
9219022
9219027
9219034
9219035
9219048
9219053
9219055
9219064
9219071
9219072
9219082
9219089
9219093
9219106
9219111
9219115
9219121
9219127
9219134
9219139
9219150
9219151
9219173
9219177
9219193
9219194
9219196
9219208
9219212
9219226
9219235
9219239
9219253
9219254
9219258
9219261
9219262
9219266
9219282
9219284
9219286
9219291
9219296
9219305
9219310
9219313
9219316
9219326
9219331
9219334
9219338
9219346
9219360
9219362
9219365
9219370
9219389
9219400
9219402
9219413
9219426
9219432
9219434
9219435
9219437
9219438
9219449
9219450
9219454
9219458
9219465
9219468
9219472
9219474
9219482
9219494
9219499
9219504
9219507
9219512
9219513
9219515
9219522
9219523
9219536
9219537
9219544
9219545
9219546
9219550
9219560
9219565
9219578
9219583
9219588
9219592
9219597
9219598
9219617
9219626
9219627
9219629
9219633
9219655
9219666
9219669
9219679
9219691
9219692
9219694
9219696
9219697
9219700
9219704
9219710
9219716
9219718
9219719
9219727
9219757
9219788
9219789
9219790
9219792
9219796
9219801
9219803
9219812
9219823
9219824
9219835
9219836
9219852
9219863
9219881
9219883
9219899
9219900
9219916
9219936
9219939
9219941
9219949
9219961
9219972
9219973
9219974
9219977
9219982
9219983
9219986
9219991
9219999
9220002
9220005
9220017
9220019
9220024
9220031
9220032
9220034
9220038
9220045
9220051
9220054
9220077
9220082
9220109
9220115
9220129
9220131
9220159
9220173
9220183
9220200
9220202
9220216
9220231
9220238
9220243
9220277
9220282
9220283
9220285
9220287
9220290
9220294
9220297
9220315
9220316
9220321
9220327
9220339
9220342
9220347
9220362
9220364
9220371
9220373
9220374
9220375
9220393
9220402
9220416
9220432
9220442
9220456
9220460
9220463
9220523
9220524
9220527
9220538
9220540
9220544
9220550
9220551
9220562
9220564
9220571
9220573
9220580
9220582
9220585
9220587
9220590
9220594
9220599
9220608
9220618
9220626
9220630
9220632
9220640
9220641
9220645
9220647
9220649
9220655
9220673
9220706
9220716
9220735
9220755
9220760
9220786
9220788
9220796
9220807
9220810
9220826
9220851
9220862
9220864
9220872
9220886
9220891
9220899
9220906
9220932
9220938
9220947
9220949
9220954
9220974
9220975
9220982
9220987
9220991
9220996
9220999
9221010
9221028
9221030
9221044
9221050
9221058
9221060
9221068
9221077
9221090
9221109
9221117
9221125
9221143
9221149
9221158
9221165
9221169
9221191
9221195
9221199
9221200
9221201
9221208
9221218
9221221
9221230
9221234
9221239
9221257
9221277
9221279
9221280
9221282
9221289
9221290
9221310
9221312
9221329
9221331
9221339
9221340
9221357
9221374
9221375
9221377
9221389
9221390
9221391
9221395
9221413
9221424
9221435
9221445
9221456
9221466
9221467
9221477
9221484
9221490
9221493
9221495
9221500
9221507
9221566
9221568
9221581
9221584
9221590
9221603
9221620
9221632
9221634
9221645
9221656
9221663
9221679
9221690
9221704
9221710
9221713
9221718
9221727
9221730
9221743
9221745
9221746
9221755
9221783
9221795
9221798
9221806
9221810
9221816
9221839
9221860
9221869
9221874
9221876
9221891
9221916
9221917
9221918
9221923
9221939
9221940
9221942
9221954
9221958
9221976
9221986
9221993
9221996
9221998
9222000
9222008
9222011
9222014
9222019
T900019858
TH1335052
TH9148029
TH9194826
