1012451
1012452
1012453
1012454
1012457
1012458
1012462
1012463
1012464
1092803
1092804
1092805
1092806
1092807
1092808
1092809
1092810
1092811
1092812
1092813
1092814
1092815
1092816
1092817
1092818
1092819
1092820
1092822
1092823
1092824
1092825
1092826
1092827
1092828
1092829
1092830
1092831
1092832
1092833
1092834
1092835
1092836
1092837
1092838
1092839
1161506
1161507
1161508
1209394
1209551
1209552
1222227
1242540
1243402
1243403
1243404
1243405
1248409
1248410
1248411
1248412
1248413
1248414
1248415
1249765
1256820
1263045
1284162
1284164
1284165
1284166
1284167
1284169
1284170
1293177
1293178
1293179
1293180
1293181
1293182
1293183
1293184
1293185
1293186
1293187
1293188
1293190
1309651
1309652
1309735
1309736
1309737
1309738
1309739
1309740
1309741
1309744
1309746
1309748
1309749
1309750
1315580
1334402
1334403
1334404
1334405
1334406
1334407
1334408
1334409
1334549
1353553
1353554
1353556
1353557
1353651
1353840
1353841
1353842
1353843
1353844
1353845
1353847
1353848
1353849
1353850
1356182
1356183
1356184
1356185
1356186
1356187
1356188
1356190
1356192
1356193
1356194
1356195
1356196
1356197
1356198
1356199
1356200
1360153
1360154
1360155
1360156
1360157
1364594
1364595
1364596
1372884
1372885
1372886
1372887
1372888
1372889
1372891
1374056
1374117
1374118
1374119
1374121
1374122
1374123
1374125
1374126
1374127
1374128
1374129
1374130
1374131
1374134
1374136
1374137
1374138
1374139
1383170
1383171
1383172
1383173
1383174
1383175
1383176
1383177
1383178
1383179
1383180
1383181
1383182
1383183
1383185
1383186
1383187
1383188
1383189
1383190
1383191
1404575
1404576
1411265
1411266
1411267
1411268
1417112
1417241
1417251
9222021
9222022
9222023
9222025
9222026
9222027
9222028
9222029
9222030
9222031
9222032
9222033
9222034
9222035
9222036
9222037
9222038
9222039
9222041
9222042
9222044
9222045
9222046
9222047
9222048
9222050
9222051
9222052
9222053
9222054
9222055
9222056
9222057
9222058
9222059
9222060
9222061
9222062
9222063
9222064
9222065
9222066
9222067
9222068
9222069
9222070
9222071
9222072
9222073
9222074
9222075
9222076
9222077
9222078
9222079
9222080
9222081
9222082
9222083
9222084
9222085
9222086
9222087
9222088
9222089
9222090
9222091
9222092
9222094
9222095
9222096
9222097
9222098
9222099
9222100
9222101
9222102
9222103
9222104
9222105
9222106
9222107
9222108
9222109
9222110
9222111
9222113
9222114
9222115
9222116
9222117
9222118
9222119
9222120
9222121
9222122
9222123
9222124
9222125
9222126
9222127
9222128
9222129
9222130
9222131
9222132
9222133
9222134
9222135
9222136
9222137
9222138
9222139
9222140
9222141
9222142
9222143
9222144
9222145
9222146
9222147
9222148
9222149
9222151
9222152
9222153
9222155
9222156
9222157
9222158
9222159
9222160
9222161
9222162
9222163
9222164
9222165
9222166
9222167
9222168
9222169
9222170
9222171
9222172
9222173
9222174
9222175
9222176
9222177
9222178
9222179
9222180
9222181
9222182
9222183
9222184
9222185
9222186
9222187
9222188
9222189
9222190
9222191
9222193
9222194
9222195
9222196
9222197
9222199
9222200
9222201
9222202
9222203
9222204
9222205
9222206
9222207
9222208
9222209
9222210
9222211
9222212
9222214
9222215
9222216
9222217
9222218
9222219
9222220
9222221
9222222
9222223
9222224
9222225
9222226
9222227
9222228
9222229
9222230
9222231
9222232
9222233
9222234
9222235
9222236
9222237
9222238
9222239
9222240
9222241
9222242
9222243
9222244
9222245
9222246
9222247
9222248
9222249
9222250
9222251
9222252
9222253
9222254
9222255
9222256
9222257
9222258
9222259
9222260
9222261
9222262
9222263
9222264
9222265
9222266
9222267
9222268
9222269
9222270
9222271
9222272
9222273
9222274
9222275
9222276
9222277
9222278
9222279
9222280
9222281
9222282
9222283
9222284
9222285
9222286
9222287
9222288
9222289
9222290
9222291
9222292
9222293
9222294
9222295
9222296
9222297
9222298
9222299
9222300
9222301
9222302
9222303
9222304
9222305
9222306
9222307
9222308
9222309
9222310
9222311
9222312
9222313
9222314
9222315
9222316
9222317
9222318
9222319
9222320
9222321
9222322
9222323
9222324
9222325
9222326
9222327
9222328
9222329
9222330
9222331
9222332
9222333
9222334
9222335
9222336
9222337
9222338
9222339
9222340
9222341
9222342
9222343
9222344
9222345
9222346
9222347
9222348
9222349
9222351
9222352
9222353
9222354
9222355
9222356
9222357
9222358
9222359
9222360
9222361
9222362
9222363
9222364
9222365
9222366
9222367
9222368
9222369
9222370
9222371
9222372
9222373
9222374
9222375
9222376
9222378
9222379
9222380
9222381
9222382
9222386
9222387
