9203079
9203862
1202215
9209097
9208273
9207171
9211011
9213098
9213180
1268132
9212383
9213655
9212603
9212943
9161988
9161668
9160488
9164968
0775883
9176606
9174957
9179511
9179942
9180342
9186591
9187219
9187914
9191368
9192726
9199047
9200519
9199563
9201556
9203154
9205675
9205448
9209379
9206711
1378281
9207995
9207232
9207676
9207632
9214195
9214197
9213966
9212851
9213392
9211721
9213592
9212425
9211285
9212581
9211708
9211873
9213328
9211341
9211531
9212344
9211590
9212975
9211093
9211759
9213532
9213718
9210785
9213493
9210427
9212686
9211761
1326342
9208157
9189140
9201189
9203053
9206683
9212466
9210824
9212514
9212379
9212926
9213657
9212761
9212430
9210934
9213182
9212551
9212899
9177988
9205270
9209943
9153994
9160760
9160592
9163040
9162904
9167120
9169854
9195899
9201586
9201761
9199684
1202945
9204716
9204772
9204937
9205099
9205206
9206177
9204784
9205412
1202271
1202289
9210059
9214077
9195888
1317907
9197177
9197370
9200785
9199132
1326088
9167712
9171870
9179567
9179658
9179620
9184839
9189804
9195139
9195446
9196484
9197811
9199078
9202106
9199712
9200506
9201215
1254137
9195013
9164880
9166359
9181795
9196932
9202611
9202645
9200076
9208532
9209735
9209807
9210213
9207320
1284159
9209751
9210173
1378278
1318582
9214196
9210355
9212053
9211961
9212624
9212786
9213647
9213688
9213693
9213798
9213983
9213415
9212148
9213021
9212263
9211357
9212377
9212814
9212956
9213797
9213741
1378285
1378289
9210910
9212189
9212352
1377583
1377591
9212255
9213102
9214054
9214150
9213238
9211898
9210559
9210658
9211820
9167307
9169779
9181284
9195778
9195965
9210082
9206805
1317005
9207992
1374039
9214148
9171062
9179637
9181204
9191216
9188725
9192740
9197164
9196334
9197717
9199671
9202966
9203748
9203488
9204801
9210211
9206993
9207129
9211998
9212403
9213308
9213680
9211406
9192188
9197348
9206807
9210648
9212596
9194888
1318652
9202138
9200216
9203162
9204885
9205706
1417121
9205133
1326087
9207180
9206781
9208989
9209969
1318664
9208856
9207408
1202619
9213096
9212530
9211036
9212846
9211922
9211206
9197640
9206511
1318567
1322678
1318571
9209795
9184316
1317906
9200005
9200778
9206667
9206191
9204105
9207044
9211088
9212178
9213370
9213752
9213980
9213369
9212200
9212208
9212895
9211462
9214134
9211955
9211848
9212201
9187939
1318277
1163536
9173749
9205243
9208569
9209448
9208481
9208388
9208660
9208971
9207048
9211981
9210816
9212544
1326343
9190297
9197330
9200461
9210425
9211698
1378290
9193103
9194454
9195073
9197184
9202533
9202712
9206243
9206620
9210269
9210076
9208960
9207501
9210014
9210182
9207885
9208699
9209568
9209037
9211030
9211254
9211699
9213073
9212065
9212385
1165352
9213115
9212750
1377601
1377574
9213235
9163227
9183521
9187001
9185237
9193263
9194638
9195060
9192764
9193098
9195922
9196650
9200393
9199288
1202923
1202349
9204376
9205286
1202295
9205016
1374036
9208636
9206985
9206645
9208780
9209828
9210777
9212295
9211437
9211460
9212248
9213264
9213297
9213314
9212646
9213014
9211129
1317011
9213130
9162307
9162555
9169619
9181569
9211719
9211559
9213492
1377586
9154710
9160384
9170069
9173863
9178698
9187907
1318287
9185974
9193460
9196553
9197262
9195850
9197088
9200454
9200000
9201250
9204082
9204922
9205674
9205789
1317920
9202840
9209263
1191981
9209242
9206844
9209333
9209761
9209876
1326338
1326166
9207834
1202238
9212423
9212094
9211183
9212205
9213174
9213428
9212331
1326341
9186191
9197308
9200746
9204109
9205476
9204921
9209299
9208757
9207012
9207613
9206841
9207388
1202618
9214180
9212394
9213087
9212213
9213163
9213192
1165972
9212099
9212999
9213003
9211412
9212285
9212748
9211729
9210781
9210982
9211165
9212747
9212935
9213240
9213296
9214142
9212070
9211385
9211771
9211923
9210661
9211377
9211733
9212701
9191726
9196725
9206980
9207151
1318570
9210344
9213759
9213362
9212132
9210587
9211899
9210952
9212091
9213942
9213947
9148810
9208170
9208994
9206790
1318584
9210745
9211403
9212186
9211839
9206406
9198437
9198823
9198945
9209622
9170261
9178337
9181785
9191657
9191658
9191659
9200637
9204454
9209100
9206935
9205922
9206502
9206931
9210456
9210462
9210514
9212927
9186852
9190050
9192071
9195662
9196701
9199834
1417069
9199836
9199226
1202912
9203865
9210005
9207889
9208466
9209071
9206883
9209313
9214194
9210733
9212532
9212565
9213055
9213378
9211315
9211361
9213660
9211907
1417158
9212174
9212436
9211599
9210424
9213433
9213858
9211947
9211735
9213642
1389758
1389759
9210937
9211439
9161260
9161959
9162962
9174752
9174761
9178087
9189415
9191993
9197727
9203141
9204113
9204344
1374015
9209300
9208449
9207427
9212738
9212801
9213875
9213117
9213959
9211046
9211515
9211767
9211080
9212453
9212963
1194404
9181294
9182591
9183220
9184335
1161343
9206000
9210804
9212736
9205659
9208861
1224786
9209153
9208942
9208661
9207146
9212052
9213722
9213252
9213372
9212113
9205568
9205018
9203412
9203445
9203454
9209866
9208727
9209551
9206894
1202876
9213254
9213905
9213451
9211264
9178910
1318283
1194532
9199440
9202324
9202021
9201973
9201978
9204081
9202948
9204815
9205282
9203670
1240377
9204103
9204116
9207808
9208540
9209147
9209339
9209722
9208162
9209074
9209810
9209972
1389791
9208515
9210186
1318579
9207306
9210342
9210343
9214028
9210713
9211602
9213173
9213462
9212356
9213631
9211973
9213382
9213604
9213904
9213131
9213848
9212985
9212671
9210747
9211118
9213132
9213420
9213460
9212284
9212759
9212592
9212651
9212873
9214114
9212375
9213664
9213384
9210550
9211103
9213865
9214130
9214160
9210825
9212232
9211799
9213274
9211597
9201856
9200255
9203343
1161321
9206705
9210855
9212498
9213385
9211388
9213342
9211766
9212246
9211345
9214073
9212460
9213111
9212179
9212309
1394291
9162913
9191328
9204409
9212083
9211552
1317012
1377611
9212042
9207673
9211670
9212920
9135490
9138407
9143824
1373348
9203855
9209630
9208297
9213725
9211221
9199109
9203532
9206101
9208004
9206842
9210165
9209118
1202867
9214207
9211743
9210552
9213243
9212107
9212915
9211921
9213094
9211242
9211248
9211321
9211828
9211059
9211218
9212457
9212901
9212992
9213215
9213527
9212416
9212928
9213574
9213538
9211705
1389760
9213779
9210914
9213502
1377609
1377576
1377577
9211199
9212774
9213668
9212165
9213469
9213732
9210819
9212154
9213129
1163201
9211656
9211077
9211629
9212577
9187225
9188638
9189890
9189094
9193400
9194013
1365996
9202377
9200550
9204305
9207145
9209166
9208774
9209335
9207355
9208608
9211326
9214096
9211533
9212944
9210941
9211147
9151563
9208112
9210994
9213526
9211577
9211647
9211687
9210542
9211423
9212069
9213124
9213768
9211798
9210826
9212275
9210744
9195448
9195450
9195451
9195454
9198879
9198881
9198882
9198883
9198885
9182841
9175137
9186692
9189744
9194329
9192472
9200471
9200758
9206033
9205940
9208296
9207870
9209152
9207947
9208253
9208882
9206253
1322682
9207103
9208275
9209371
9210693
9211930
9212106
9213486
9213781
9214018
9210856
9213061
9164524
9165457
9167529
9166347
9168205
9166295
9166430
9167073
9173258
9175002
9174287
9176356
9174688
9176168
9175303
9175410
9177691
9179555
1364564
9181244
9183835
9183135
9198153
9196022
1357569
1417077
9201029
9201174
9201752
9204992
9203906
9203158
9209285
9209421
9207350
1393041
9207255
1377567
9207433
9207895
9210181
9208575
9214211
9211113
9211618
9213083
9210585
9211498
1417177
1417178
9211116
9210899
9210944
9211320
9211278
9211592
9211967
9211560
9214075
9210930
9212742
1326092
9198827
9175887
9187407
9197707
1417058
9200036
9201602
9203145
9209117
9206966
9207081
9213576
9213854
9211360
9212417
9211795
9212086
9213534
9213667
9214009
9211291
9211610
9213294
9213754
9212064
9212773
9212783
9213414
9210730
9212437
9212916
9213837
9210813
9211457
9212439
9163392
9202008
9206316
9203994
9213643
1322673
9203863
9207141
9210040
9208967
1324535
9201307
9201771
1202312
9203875
9205884
9206031
9205492
9208881
9209979
9210200
9207396
9209084
9209121
1362635
9207134
9211631
9212743
9213011
9212017
9213161
9212976
9213461
9213632
9172827
9185566
9194862
9193520
9192161
9196556
1417002
9200187
9200164
9206278
9208111
9209132
9210178
9207629
9207303
9208556
9213078
9212339
9211545
9211588
9210641
9210985
9212427
9213600
9162762
9190475
9195421
9196351
9205390
9208555
9208676
9174531
9183544
9210079
9207839
9207875
9206086
9207918
9208425
9208730
9206838
9210502
9210753
9212505
9210586
9210676
9212921
9213209
9211176
9212204
9212256
9210739
9182245
9182055
9187978
9204309
9203585
9209587
9174524
9195143
9200911
9201891
9201403
9201897
9201323
9200882
9200425
9199708
9205022
9204548
9205274
9207559
9207198
9208674
9209739
9209933
9207718
9209834
9208023
9207771
9208985
9209129
9208528
9209284
9211204
9211794
9212877
9211257
9213970
9211896
1417143
9213470
9212970
9213455
9212732
1378286
9211934
9211758
1377578
9210883
9211440
9212323
9210978
9211327
9213299
1404569
9210749
9203836
9205254
1318560
9207143
9207311
9211411
9212809
9213724
9214175
9213729
9213738
9213150
9161664
9197544
9207696
9211601
9211619
9153024
9155563

