 9184448
 9179789
 9198704
 9179781
 9177950
 9171834
 9182628
 9174738
 9174745
 9173093
 9189426
 9184801
 9181073
 9162142
 9179501
 9183630
 9183645
 9164362
 9172737
 9183490
 9178714
 9164513
 9171110
 9170669
 9174634
 9171705
 9164472
 1150151
 9180816
 9187251
 9181490
 9186204
 9185977
 9158356
 9186046
 9180305
 9186065
 9158481
 9186168
 9185250
 9185008
 9185017
 9185175
 9185176
 9179648
 9184143
 9178810
 9178391
 9184067
 9178705
 9178466
 9178958
 9183805
 9177891
 9183878
 9183495
 9183496
 9177968
 9183956
 9182951
 9176697
 9182860
 9183098
 9183300
 9182895
 9183104
 9175908
 9176156
 9182341
 9176662
 9176286
 9175447
 9175301
 9175337
 9174893
 9175341
 9203217
 9174584
 9174388
 9174398
 9173523
 9174238
 9174253
 9201678
 9173102
 9172232
 9202168
 9172691
 9201511
 9201515
 9202257
 9173092
 9171288
 9171190
 9171416
 9171210
 9171929
 9200234
 1389870
 9198197
 1382915
 9170800
 9198111
 1377352
 9168585
 1373766
 9196685
 1373767
 9168654
 9167795
 9168257
 9195642
 9196079
 9196090
 1364620
 9167649
 9167425
 1361813
 9194311
 9166391
 1358533
 9166889
 9194375
 9166102
 9194230
 1359684
 9193783
 9193791
 1358408
 1358449
 9195224
 1358445
 9193347
 9164514
 9192948
 9192086
 9192548
 9192102
 9193026
 9165146
 9192620
 9165174
 1315690
 1315631
 1315646
 9191330
 9191680
 9164356
 1315799
 9164433
 9164434
 9164442
 9191042
 9190549
 1286931
 9162366
 9161941
 1284031
 9190240
 9190256
 1273187
 9162040
 1284340
 1252259
 9189000
 9187739
 9187471
 9187306