16-08-13
 1378651
 9163073
 9171528
 9171197
 9174240
 9174986
 9174592
 9180074
 9178031
 9180113
 9181758
 9183734
 9183806
 1378809
 1378813
 9181314
 9168378
 9178999
 9178146
 9178171
 9178178
 9178664
 9178673
 9181518
 9183082
 9180523
 9181456
 9182470
 9182487
 9044797
 9059762
 9072009
 9130799
 9166048
 9163548
 9164781
 9165941
 9170188
 9174806
 9175147
 9174945
 9174783
 9177226
 9179450
 9179570
 9177942
 9181118
 9182016
 9182977
 9183822
 9183932
 9183947
 9183993
 9181971
 9182283
 9183147
 9182075
 1373595
 9181963
 9183335
 9183491
 9183880
 9180677
 9180702
 9181866
 9183593
 9181365
 9181694
 9182519
 9183463
 9180365
 9180466
 9182424
 9180995
 9181287
 9183701
 9183838
 9182074
 9166130
 1362341
 9175616
 9173785
 1378619
 9175470
 9174928
 9179513
 9181451
 9180741
 9180933
 9181394
 9182632
 1331970
 9181772
 9181593
 9182458
 9129564
 9161796
 9165607
 9165838
 9167246
 1273165
 9170182
 9143121
 9180482
 1390608
 9130995
 9137514
 9138973
 9141597
 9144899
 9144470
 9146854
 9146765
 9150209
 0647206
 9152665
 1358955
 9156330
 9156333
 9156335
 1252046
 9152929
 9154215
 9152744
 9153020
 9157229
 9156979
 9156516
 9163538
 9166928
 9167217
 9167192
 9170216
 9156403
 9160787
 9160810
 9161465
 9160635
 9172127
 9178629
 9183589
 9180378
 9180435
 9180505
 9180640
 9180711
 9181843
 9182034
 9183146
 9181395
 9182401
 9182288
 9183420
 1253939
 9180643
 9170832
 9151394
 9153482
 9154908
 9153794
 9159574
 1339934
 1011991
 9166354
 9170796
 9170805
 9170619
 9172033
 9172048
 9172548
 9171619
 9172190
 9175044
 1378767
 1252029
 9165337
 9167760
 9166845
 9171802
 9176879
 9176889
 9176599
 9176770
 9176865
 9175115
 1324093
 9175221
 9179874
 9180177
 9178586
 1296547
 9179189
 9179392
 9180022
 9180211
 1320053
 9178458
 9179496
 9179692
 1235838
 9178718
 9183889
 9183901
 9182137
 9183653
 9183986
 9184057
 9182687
 9181181
 9182879
 9183158
 9183279
 9183603
 9183770
 9183781
 9183130
 9181123
 9183028
 9183200
 9183209
 9181160
 9182053
 9183605
 9183886
 9183959
 9180958
 9181100
 9181548
 9182781
 9183151
 9183215
 9183288
 9183733
 9183744
 9182408
 9182957
 9181496
 1377210
 9181388
 9183063
 9180972
 9180784
 9181318
 9183818
 1253944
 9182830
 1252082
 9152876
 9168567
 9172957
 9170658
 1273177
 9180186
 9179853
 9180700
 9183940
 9182409
 9183610
 9183614
 1331969
 9182493
 9181437
 9165830
 9171628
 9173300
 9175570
 9182729
 1284069
 9147562
 9156181
 9154392
 9153836
 9154610
 9158292
 9157368
 9156961
 9161912
 9164412
 9166844
 9168981
 9168152
 9173013
 1378796
 1378800
 9172537
 9170491
 9170789
 9171510
 9176621
 9173767
 9174329
 9176851
 9179035
 9179799
 9179365
 9179395
 9177665
 1377415
 9179014
 9178027
 9179278
 9179300
 9183162
 9182526
 9181837
 9180938
 1377439
 1377207
 9182255
 9183052
 9170958
 9118978
 9179394
 9180442
 9181226
 1372733
 9117419
 9122977
 1362277
 9132734
 1010321
 1284252
 9141575
 9154666
 9157597
 9164859
 9166915
 9168212
 9172680
 9171332
 9175065
 9175380
 9175682
 9175542
 9179856
 1373665
 9178597
 9178808
 9177991
 1331967
 9179504
 1332615
 9183316
 9183033
 9182041
 9183307
 9181356
 9182089
 9181705
 9180850
 9170549
 9174218
 9175672
 9175398
 9179411
 9179199
 9174242
 9174931
 9162749
 9169637
 9168830
 9170394
 9176084
 9173778
 9175420
 9155294
 9162688
 9171767
 9176207
 9179850
 9179476
 9179195
 9180188
 9180229
 9177535
 9180026
 9182015
 1273188
 9180829
 9182715
 9183766
 9183964
 9180873
 9183260
 9183276
 9182215
 9180823
 9180828
 9183673
 9180510
 9182950
 9181048
 9154671
 9156600
 9156379
 9156387
 9157217
 9160123
 1359653
 9155035
 1378736
 9168133
 9171616
 9171845
 9175851
 1377389
 9174637
 9177182
 9178814
 1235822
 1235840
 1235842
 9181325
 9182466
 9183301
 9180777
 9171396
 9173353
 0959609
 9178268
 9178997
 9177990
 9177327
 9179841
 9180518
 9182043
 9182049
 9181360
 9183628
 1378806
 9180819
 9181105
 9182560
 9181606
 1377434
 9182447
 9183433
 9181269
 9181455
 9181926
 9181981
 9182639
 9183580
 9139073
 9155043
 9167199
 9176672
 9176728
 9178231
 9180045
 9181669
 9183373
 9183624
 9183724
 9183569
 9183681
 9181709
 1378801
 9181153
 9161350
 9161922
 9170343
 9172846
 9173935
 9175087
 9176499
 9173888
 9178877
 9180146
 9177667
 9177279
 9177652
 9178012
 9178065
 9177093
 9179002
 9181110
 9183313
 1284060
 1284071
 9180749
 9182189
 9182197
 9182207
 9182821
 9182836
 9183801
 9183363
 9180348
 1312834
 9180353
 9182924
 9180645
 9182811
 9182815
 9180406
 9180634
 9140280
 9154166
 9157881
 9159801
 9157782
 9158005
 9161233
 9160836
 9162330
 9167603
 9168685
 9166742
 1324640
 9169485
 9170725
 9171052
 9175223
 9176533
 9176608
 1252279
 9176630
 1365967
 9174698
 9180011
 9180017
 1377401
 1010345
 9179745
 9179758
 9177421
 9182194
 9182658
 9181183
 9181984
 9183084
 9181886
 9183221
 9181211
 9182123
 9183828
 9182026
 9180618
 1010076
 9181008
 9182112
 9182203
 9182663
 9123154
 9168096
 9179514
 9180012
 9180896
 9181320
 9139209
 9137455
 9145267
 9145870
 1368357
 1368375
 9147719
 9148993
 9148801
 9148913
 9152682
 9161894
 9161900
 1378785
 9168519
 9173111
 9171304
 1377372
 9171001
 9171278
 9172714
 9175428
 9174485
 9175914
 9174461
 9176152
 9176713
 9174533
 9174627
 9175801
 9175232
 9175667
 9179465
 9177910
 9179864
 9178078
 1378634
 1378644
 9177521
 9178001
 9178543
 9179613
 9178499
 9177295
 9177985
 0959629
 9180439
 9182098
 9182336
 9180840
 9181324
 1377208
 9182311
 9180624
 9154836
 1011857
 9166487
 9166428
 9173740
 9176178
 9178315
 9179306
 9184070
 9182745
 1322514
 9181495
 9180512
 9183179
 9181823
 1378807
 9183412
 9180881
 9180885
 9180887
 9180627
 9183016
 9183368
 9183757
 9180918
 9182882
 9181329
 9181517
 9183567
 9183902
 1390637
 1372719
 1394175
 1372732
 9180771
 1357748
 9146203
 9149401
 9156196
 9152687
 9159395
 1394225
 9174290
 9176696
 1378620
 9173491
 9179556
 9178614
 9179248
 9179423
 9180152
 9177965
 9180480
 9180673
 9181635
 9181169
 9182029
 9182463
 9183520
 9183658
 9183939
 9183942
 9183995
 9181704
 9182459
 9180725
 1253940
 9111041
 9112892
 9111758
 1312953
 1312964
 9130282
 9130529
 9128984
 9152470
 9148318
 9150784
 9168745
 9170472
 9175424
 9174020
 9178891
 9177893
 9179252
 9177726
 9178205
 9178219
 9183099
 9182465
 9165843
 9166167
 9169005
 9170936
 9173398
 9149990
 9156310
 9172280
 9172450
 9172807
 9179517
 9141158
 9147963
 9147973
 9147979
 9147988
 9147995
 9148002
 9148007
 9148017
 9159667
 9157433
 9171157
 9175080
 9178506
 9182228
 9183329
 9180417
 9180440
 9118260
 9132929
 9132860
 9139037
 9139722
 9141989
 9145918
 1373121
 1390337
 1373960
 1373980
 1373982
 9143949
 9147652
 1373811
 1323138
 9151476
 9150919
 1373856
 1373917
 1373158
 9160568
 1351227
 9171356
 9170230
 9176942
 1310378
 9173882
 9173964
 9174084
 1315784
 9178978
 9180072
 1373674
 9177480
 9179053
 9179114
 9177017
 9179586
 1376575
 9179940
 9178062
 1253781
 1322710
 9183132
 9181419
 9182279
 1373584
 1373590
 1331977
 1377441
 1377214
 9182847
 9183750
 9180438
 9181645
 9180513
 9183515
 9180561
 9180868
 1253702
 9184065
 1332624
 1240470
 9182928
 9182208
 1315728
 1315658
 9103913
 9166198
 9166939
 9172313
 1284007
 9170334
 9172658
 9176236
 9174604
 9176691
 9176081
 9173825
 9174212
 9175123
 9178000
 9178013
 9179280
 9179452
 9179593
 9179470
 9179119
 9177422
 1320055
 9178613
 9179329
 9177291
 9177376
 9178318
 9177111
 1372815
 9181385
 9180334
 9180696
 9181296
 9182679
 9180592
 9181340
 9181806
 9182099
 9182437
 9182600
 9182670
 9180511
 9180999
 9144577
 9148592
 9151947
 9151619
 9157891
 9160133
 9166624
 1372608
 9172374
 9171538
 1377371
 9170504
 9171229
 1377380
 9176874
 1324076
 9175153
 9174571
 9179909
 9180136
 9178768
 9178987
 9179019
 9179140
 9179730
 9179837
 9177009
 9179804
 9177281
 9184059
 9181947
 9183140
 9180580
 9182585
 9183500
 9181078
 9181260
 9180605
 9180635
 9181095
 9182891
 9183240
 9183538
 9181099
 9182867
 9182968
 9134523
 9134528
 9170525
 9172028
 9172460
 9171069
 9176900
 9176579
 9175128
 9178738
 9168822
 9175054
 9178401
 9178764
 9179095
 9181272
 9181519
 9181585
 9181566
 9183832
 9181554
 9182385
 9182170
 9182723
 9183622
 9178363
 9154980
 9154995
 9165651
 9168254
 9168182
 9171861
 9170802
 9169925
 9172465
 9173369
 1273201
 9175344
 9174591
 9173670
 1377393
 9174246
 9175265
 9179176
 9177474
 9179124
 9179823
 9179152
 9178169
 9179294
 9179707
 9178368
 9177248
 9183035
 9183928
 9181290
 9181347
 9182246
 9183388
 9183729
 9183759
 9183908
 9181089
 9181979
 9183297
 9180737
 9180799
 9182846
 9182936
 9183424
 9183432
 9183437
 9183738
 9183755
 9183849
 9183898
 9182642
 9182728
 1378810
 9180368
 9182390
 9183096
 9181726
 9182996
 9182714
 9183319
 9183875
 9182159
 9180708
 9180902
 9180743
 9181006
 9182475
 9181357
 9183241
 9182907
 9182930
 9172838
 9176805
 0959607
 9175782
 1372848
 9183353
 9183679
 9182773
 9181540
 9182402
 9180652
 9183167
 9184022
 9182392
 1324517
 9181399
 9181598
 9182579
 9180946
 9182956
 1394179
 9176293
 9178655
 9179807
 9178367
 9182120
 9181956
 1368791
 9182322
 1324518
 9182398
 9180543
 9180969
 9181845
 9182157
 9144025
 9160273
 9162482
 9168564
 9167108
 9171381
 1358530
 1373561
 9178404
 1373566
 9170719
 9170281
 9172685
 9176276
 9174979
 9173530
 9176592
 9180237
 9177970
 9178387
 9177308
 9178343
 9178625
 9179374
 9179997
 9178488
 9180225
 9179441
 9178669
 9176979
 9177066
 9178097
 9181126
 9180437
 9182594
 9182986
 9181381
 9182024
 9182107
 9183030
 9183312
 9183774
 9183851
 9183905
 9183967
 9183984
 1373594
 1323489
 9180465
 9182116
 9181207
 9182205
 9182426
 9182454
 9181913
 9181967
 9182886
 9180729
 9181573
 9183979
 1379827
 9180826
 9181786
 9182033
 9183847
 9183579
 9180419
 9181509
 9182397
 9182418
 9181454
 9183675
 9180473
 9182192
 9182214
 9183523
 9181991
 9182525
 9183613
 1377442
 1377444
 1377447
 9182387
 1359568
 9180975
 9183723
 9180459
 9180504
 9180780
 9181706
 9181729
 9182617
 9182378
 9182720
 9180491
 9180654
 9183460
 9181127
 9181614
 9183069
 9183091
 9157077
 9168009
 9171883
 9172552
 9176061
 9174340
 9180031
 9176977
 9177659
 9177205
 9178604
 9178788
 9177542
 9182722
 9182648
 9183709
 9183948
 9182066
 9182963
 1240467
 9180787
 9181351
 9181993
 9177010
 9180515
 9180531
 9171208
 1378792
 9178745
 9181590
 9181891
 9183907
 1387612
 9183002
 9183751
 9183736
 9180942
 9181412
 9182093
 9181145
 9181930
 9181088
 9173877
 9141816
 9146105
 9162157
 9163957
 9164950
 9168932
 9167731
 9169034
 9172104
 1378799
 9172594
 9171855
 1205240
 9176698
 9178291
 9180094
 9180199
 9179370
 9179442
 9177146
 1376576
 9153951
 1367214
 9171077
 9171096
 9176638
 9176518
 9175227
 9174667
 9179222
 9178322
 9179760
 9177800
 9179497
 1296833
 9179527
 9178138
 1340037
 9181647
 9183885
 9183927
 9182296
 9183535
 9183649
 9183810
 9183815
 9182589
 9183072
 9183163
 1372734
 9181280
 9109340
 9137199
 9140919
 1364430
 1373089
 9145842
 9144192
 9146106
 9148694
 9150982
 9152486
 9150733
 9150114
 9154842
 9154225
 9153137
 1360413
 9152611
 1011854
 9153105
 1394153
 9159975
 9159844
 9157753
 9156844
 9161721
 9160516
 9161376
 9161624
 9160280
 9160172
 9161485
 1340019
 9163283
 9163733
 9164913
 1376018
 0937152
 0937154
 9164605
 9164794
 9165948
 9162843
 9162880
 9162881
 1357824
 9163199
 9164463
 1365827
 9162939
 9163800
 9163123
 9168333
 9168771
 9169267
 9169240
 9168619
 1358434
 9166986
 9168071
 9168161
 9166222
 9166369
 9167967
 9169052
 1010335
 9168952
 1372769
 1394234
 9168304
 9171120
 9172735
 9173045
 9170964
 9173189
 9170550
 9172189
 9172486
 9173182
 9170448
 9170116
 9171382
 9171979
 9173035
 9169985
 1364605
 9171394
 9171728
 9171636
 9175596
 9175662
 9176292
 9174876
 9174512
 9174793
 9174296
 9175558
 9176571
 9173787
 9174796
 9175611
 9174014
 9174023
 9176302
 1365959
 9174776
 9175557
 9176637
 9175159
 9179625
 9179748
 9177821
 9179754
 1373654
 1273183
 9180184
 9180185
 9178873
 9179710
 9177444
 9179600
 1304461
 9177147
 9178630
 9180077
 9182299
 9183884
 9181393
 9180545
 9182254
 9183856
 9182976
 9182238
 9180328
 9181748
 9180990
 9181604
 9180884
 1378699
 9169316
 1378773
 9173320
 9173321
 9173324
 9171073
 1378638
 9149759
 9160233
 9163794
 9166536
 9167607
 9170055
 1310900
 9173843
 9176720
 9175604
 1041794
 9179017
 9177135
 9179389
 9179543
 9179490
 9180121
 9177380
 9178607
 9178139
 9178141
 9176978
 9178606
 1010348
 9179993
 0959622
 1332620
 1351752
 9181061
 1373576
 1373589
 1373593
 0937198
 9182572
 9182580
 9182364
 9182414
 9183415
 9180728
 9181920
 9182686
 9183543
 1377204
 9183687
 9180571
 9180681
 9180815
 9181091
 9181921
 9182061
 9183282
 1372706
 1372814
 1372817
 1253778
 9179147
 9164301
 9170311
 9174060
 9175878
 9176870
 9174335
 9178185
 9179581
 9179132
 9180228
 9183713
 9183952
 9181377
 9183949
 9183982
 9183992
 9182430
 9180707
 9181581
 9181186
 9184047
 9168185
 9172200
 9172638
 9175986
 9179135
 9178162
 9179779
 1378628
 9179875
 9178665
 1376898
 1026894
 9177377
 9178598
 9178416
 9179437
 9182751
 9181634
 9180436
 9182042
 9182926
 9180762
 1240465
 9182361
 9181259
 9182152
 9183244
 1011906
 9133636
 1011852
 9165839
 9165276
 9168770
 9167216
 9172464
 9170599
 9172481
 9170523
 9176261
 9176649
 9174873
 9173589
 9175819
 9179726
 9177319
 9179941
 9180048
 9180160
 9179112
 1376595
 1235126
 1324513
 9179401
 9180803
 9181783
 9180759
 9182375
 9181149
 9183823
 9182449
 9183456
 9182518
 9182808
 9165236
 9163190
 1011989
 9166319
 9167869
 9153572
 1394235
 9171833
 9175883
 9174355
 9175397
 9179821
 9177916
 1373563
 9178970
 9176991
 9179139
 9179922
 0959626
 9184061
 9182845
 9180407
 9183488
 9182267
 9181180
 9181863
 1311620
 9182534
 9183749
 9183962
 9183985
 9183641
 9182807
 9162421
 9164685
 9166266
 9168085
 9172934
 9177656
 9179163
 9179592
 9178192
 9179187
 9179485
 9178211
 9184060
 9183145
 9183635
 9183449
 9181609
 9182851
 9182889
 9183123
 9163237
 9165791
 1373186
 9173960
 9177502
 9177485
 9180817
 1331975
 9166341
 9166469
 9166255
 9169816
 1373647
 9173601
 9176157
 9173549
 9176551
 9176384
 9174393
 9179133
 9179211
 9178894
 9179358
 9178798
 9179956
 1376884
 9177109
 9179036
 9177767
 9184069
 9181367
 9180367
 9182993
 9181331
 9182537
 9183516
 9181342
 9181710
 9182005
 9182127
 9182209
 9182718
 9181692
 9182295
 9183184
 9180429
 0937199
 9182843
 9180644
 9182698
 1284064
 1284066
 9182866
 9180590
 9181550
 9182699
 9183778
 9183974
 9183975
 9184000
 9180915
 9181644
 9182744
 9183717
 9183740
 1378648
 9183870
 9180831
 9182216
 9182222
 1331968
 9181383
 9180776
 9182746
 9180720
 9183080
 9180798
 9181574
 9182443
 9181141
 9181929
 9181304
 9181337
 9183085
 9183840
 9180650
 9181034
 9182693
 9182938
 9182972
 9183385
 9183007
 9182817
 9162718
 9166681
 9172556
 1390587
 9175619
 9175154
 1324078
 1324077
 9179418
 9177060
 9180112
 9177674
 9179734
 9180853
 9181482
 9180565
 9162951
 9169042
 9169944
 9170486
 9179148
 1315727
 1315876
 9156970
