16-06-03
 8913349
 8930186
 8927530
 8928060
 8928064
 8929890
 8902597
 1386225
 8924691
 8927105
 8884153
 8918841
 8922989
 8929280
 8931989
 8931281
 1327433
 8922671
 8923977
 8922905
 8927101
 8909503
 8920491
 8927131
 1382321
 8928957
 8920283
 8932458
 8931943
 1386411
 8916612
 8923737
 8923074
 8926093
 8931081
 8923822
 8926046
 8928953
 8931554
 8930918
 8931355
 8920620
 8928262
 8927027
 8931180
 8918814
 8927089
 8920250
 8931326
 8888065
 8929901
 8911260
 8917995
 8908076
 8919778
 8931251
 8907287
 8917893
 8930843
 8932230
 8919903
 8923007
 8889643
 8889657
 8930595
 8932291
 8918139
 8902875
 8926458
 8901605
 8930266
 1126282
 8921008
 8924233
 8915932
 8920600
 8927181
 8932597
 8923102
 8923708
 8915263
 8924171
 8926735
 8927314
 8929732
 8932601
 8927109
 8927768
 8926676
 1240865
 8931134
 8915576
 8920932
 8918109
 8903647
 8917926
 8917930

