16-06-21
 8974187
 8993891
 8996166
 8999421
 8999316
 8998422
 8997110
 8998879
 8996619
 8964881
 1304073
 8996563
 1382532
 8983848
 1364062
 8994701
 8992572
 8988064
 8998242
 8998639
 8999066
 8996477
 8998556
 8998876
 1365347
 8996269
 8991591
 8999407
 8966972
 8978424
 8991551
 8995130
 8995209
 8992679
 8998584
 8997119
 8995967
 8968582
 1341307
 8987453
 1304038
 8985168
 8993934
 1183300
 8999621
 8996959
 8999377
 8993219
 1365054
 8982995
 8994894
 8983421
 8999355
 8998718
 8999300
 8999243
 8996618
 8996627
 8998891
 8987105
 8994192
 8986820
 8994978
 8995595
 8995433
 8993621
 8993908
 8995561
 8999716
 8999091
 8997859
 8998913
 8992894
 8993858
 8995324
 8995708
 8997601
 8986993
 8985749
 8998902
 8998909
 8992843
 8995316
 8997125
 8992838
 8995505
 8996623
 8990508
 8990211
 1365345
 8996752
 8989293
 8979773
 8986472
 8996001
 8993980
 8993867
 8992406
 8993217
 8995439
 8993850
 8979607
 8972525
 8994941
 8989947
 8993430
 8995126
 8995244
 8993678
 8984713
 8984785
 8987003
 8983285
 8985151
 8978146
 8982607
 8988921
 8992503
 8993264
 8993115
 8993250
 1341720
 8992766
 8989503
 8963776
 8984595
 8989661
 8992784
 8995155
 8993222
 8992778
 8995424
 8995307
 8995302
 8993357
 8968806
 8974266
 8989633
 8990468
 8994202
 8995526
 8993996
 8994928
 8985779
 8990721
 8994920
 8992827
 8994539
 8995642
 8984368
 0994834
 8991491
 8995133
 8991129
 8973455
 8987448
 8988168
 8989604
 8989748
 8987718
 8992515
 8992516
 8994140
 8977903
 8992845
 8993848
 8994357
 8993815
 8991942
 8995906
 8994789
 8995609
 8995305
 8991177
 8995116
 8993885
 8988186
 8971385
 8989768
 8994603
 8995565
 8993302
 8979721
 8988125
 8994914
 8995118
 8995288
 8995296
 8993445
 8993914
 8993988
 8995491
 8981726
 8987034
 8992124
 8985847
 8987708
 8992921


