16-06-02
 8925273
 8927534
 8930164
 8925267
 8929033
 8901562
 8905283
 8909457
 8914506
 8920465
 8925134
 8927609
 8927613
 8927770
 8927773
 8927859
 1386468
 8927414
 8922732
 8924943
 8915381
 8913988
 8929782
 1386476
 8924785
 8922574
 8927621
 8927762
 8929967
 8923067
 8911304
 8924396
 8917615
 8917880
 8921135
 8921093
 8922884
 8922740
 8927631
 8930243
 8926608
 8909974
 8912842
 1223226
 8918062
 8917003
 8924481
 8923451
 8928302
 8900313
 1382080
 8923565
 8928508
 8928823
 8929706
 8896745
 8909692
 8929534
 8929546
 8917312
 8913527
 8924044
 8929640
 8930252
 8928561
 8908965
 8929160
 8920785
 8926386
 8929745
 8929460
 8929666
 8929987
 8917171
 8929659
 8928692
 8929574
 8928465
 8911628
 8922728
 8929419
 8926671
 8928858
 8928453
 8928003
 8928684
 8927715
 8929580
 8927639
 8924685
 8925604
 8929176
 8925625
 8928018
 8930259
 8917626
 8876324
 8891482
 8927728
 8927745
 8926657
 8926667
 8926822
 8923475
 8928176
 8927177
 1192333
 8924036

