16-06-18
 8987388
 8942894
 8984639
 8986389
 8981804
 8987348
 8984623
 8983854
 8969089
 8973568
 8984373
 8987008
 8987025
 8987452
 8970799
 8970976
 8975128
 8976931
 8981286
 8978178
 8979045
 8970525
 8983283
 8983291
 8942941
 8952957
 8954236
 8969205
 8979008
 8980518
 8978669
 1183285
 8987042
 8984791
 8985167
 8981546
 8984531
 8982394
 8984629
 8987681
 8988243
 8985231
 8981751
 8981753
 8983028
 8985030
 8985034
 8986767
 8986936
 8987326
 8984676
 8986563
 8987510
 8987766
 8986592
 8970585
 8986997
 8985035
 8956446
 8987885
 8986898
 8985402
 8986486
 8987939
 8985769
 8976391
 8987735
 8979109
 8985025
 1365486
 8978780
 8984262
 8983168
 8984817
 1365237
 8983902
 8967459
 8985848
 8937688
 8939406
 8980079
 8987344
 8950928
 8983483
 8983485
 8983730
 8979448
 8986374
 8986400
 8985254
 8987692
 8987817
 8970947
 8974236
 8967959
 8975728
 8981198
 8984813
 1272553
 1365494
 8970686
 8972089
 8983636
 8987438

