16-06-23
 9001539
 9001772
 9004683
 9006525
 8999137
 9006293
 1365056
 8994795
 8995396
 9002149
 9004641
 9005096
 9005224
 8986362
 8995580
 8992816
 8993876
 1361350
 8990527
 8997624
 1272591
 9000757
 9005030
 1272596
 1272626
 9006181
 1272597
 9001136
 9003948
 9002976
 9006339
 9005141
 1272627
 8986776
 9005708
 9005205
 9007359
 9006319
 1365449
 8998740
 9000751
 9002148
 1272577
 9004199
 9006586
 9004285
 8994831
 8999406
 9003259
 9001020
 9006752
 9004579
 9007296
 9000312
 9007186
 8979695
 9002834
 9000824
 9003870
 8998216
 1365346
 9005775
 8988884
 9007360
 9005758
 9004237
 9001642
 9004401
 9004355
 9004491
 9006326
 9004788
 9005600
 9005035
 8958610
 8981202
 8988250
 8992409
 8999732
 9004035
 9005551
 9006886
 1272600
 9004635
 1272615
 9005981
 8974442
 9002351
 9003090
 9005994
 8994478
 9002805
 9006299
 9005405
 9006771
 8996939
 9004998
 9005130
 9006002
 9006576
 8993744
 8990116
 9005165
 1165667
 9004213
 9005481
 9006444
 9006206
 9004560
 8989317
 9003101
 9006044
 9007243
 9006032
 8991134
 8991480

