16-06-24
 9001957
 9002776
 1272665
 9007809
 9010111
 8984782
 9003297
 9009315
 1272637
 9002452
 8993589
 9010266
 9008003
 8967611
 8992840
 1382551
 8997725
 8997746
 9006762
 9001629
 9010176
 9008715
 9000733
 9006359
 1272664
 9000952
 1323913
 8988251
 9007812
 9008168
 9007838
 9008513
 9008894
 9010396
 9002195
 9005328
 9005608
 9008992
 9008651
 8996562
 9004735
 9006776
 9009718
 9010500
 9008540
 9009532
 9006151
 8996285
 9008619
 9008259
 9007999
 9000728
 9005785
 9004388
 9008801
 9007613
 9009700
 9009999
 1379392
 9010040
 9003477
 9007707
 9007805
 9008164
 9008985
 9009096
 9009749
 8997318
 8999640
 9010183
 9008321
 9002143
 8976875
 8989362
 9001815
 9009866
 9010470
 8971178
 8974903
 8991758
 8995391
 9002988
 9003442
 9004028
 9004710
 9005153
 9005751
 9005010
 9010347
 9008183
 9008897
 9006193
 9008387
 8997683
 9004736
 8998072
 9007090
 1365589
 9009790
 9008384
 9009088


