16-06-12
 8944507
 8948922
 8930170
 8944499
 8951395
 8939879
 8946799
 8940662
 8943773
 8944284
 8939897
 8946822
 8944488
 8939577
 8951389
 8947875
 8950194
 8950621
 8950765
 8949441
 8948744
 8948674
 8950825
 8950879
 8947356
 8949574
 8950483
 8946719
 8948634
 8950529
 8950495
 8949948
 8948085
 8946375
 8951057
 8883236
 8891312
 8898731
 8913950
 8921119
 8928842
 8917009
 8950321
 8944575
 8944495
 8942876
 8948442
 8948311
 8946815
 8946809
 8947539
 8949971
 8950657
 8935578
 8941533
 8945958
 8949624
 8951065
 8949415
 8942426
 8944350
 8944356
 8945474
 8947631
 8947760
 8947977
 8950187
 8949449
 8942933
 8947601
 8950536
 8951240
 8951341
 8938932
 8948427
 8946613
 8949374
 8948173
 8948105
 8951338
 8950828
 8950459
 8947233
 8944520
 8943878
 8948008
 8948487
 8949273
 8949634
 8950720
 8945746
 1341120
 8949345
 1386469
 1354189
 8946577
 8950519
 1284704
 8936344
 8939905
 8944875
 8955506
 8955512
 8958040
 8958042
 8953176
 8956954
 8956354
 8957233
 8951810
 8941293
 8932310
 8958062
 8948760
 8939983
 8943248
 8943482
 8953325
 8954875
 8954892
 8957115
 8957988
 8957990
 8958023
 8955109
 8954770
 1341142
 8957196
 8952718
 8954073
 8955023
 8957382
 8929778
 8954919
 8954883
 8953470
 8957260
 8940552
 8949412
 8952227
 8952757
 8952422
 8953425
 8954483
 8956387
 8956584
 8957893
 8954829
 8954454
 8954459
 8925913
 8956490
 8946530
 8952333
 8956144
 8953085
 8954800
 8954712
 8952643
 8954440
 8956371
 8929556
 8934667
 8947010
 8955502
 8956514
 8956652
 8957266
 8956815
 8956802
 8950160
 8955505
 8954846
 8955848
 8958066
 8946602
 8946615
 8955386
 8957438
 1382091
 8958164
 8954604
 8954083
 8948342
 8949447
 8951764
 8956248
 8951895
 8952777
 8954924
 8957401
 8941363
 8938715
 8947702
 8948066
 8951010
 8950479
 8921678
 8925973
 8925261
 8925285
 8930268
 8936505
 8940370
 8940383
 8944432
 8948075
 8950820
 8954717
 8952609
 8952724
 8952935
 8945747
 8950550
 8951077
 8943781
 8945653
 8951061
 8900738
 8946418
 8947532
 8954066
 8954894
 8952708
 8955377
 8949998
 8950793
 8951136
 8954324
 8954587
 8945878
 8946257
 8955229
 8909749
 8955210
 8924041
 8923864
 8931390
 8939860
 8946608
 8948048
 8948142
 8950579
 8950652
 8952548
 8955627
 8952194
 1382357
 1341178
 8954206
 8955284
 8936368
 8933474
 8945737
 1330411
 8954503
 8951948
 8952771
 8955503
 8952242
 1305245
 8928130
 8950131
 8955074
 8955139
 8938863
 8949630
 8954061
 8954640
 1202533
 8952354
 8955235
 8953361
 8944728
 8937666
 8944671
 8951377
 8951761
 8954038
 8954732
 8952752
 8955612
 8954164
 8947963
 1386429
 8935482
 1040472
 8937380
 8952746
 8955488
 8954426
 8955398
 8955464
 8948758
 8948761
 8953218
 8954223
 8954473
 8954481
 8955408
 8954761
 1382356
 8953858
 8950527
 8929547



