16-06-14
 8973682
 8971069
 8973292
 8964735
 1305459
 8970321
 8970570
 8970576
 8971209
 8971219
 8958536
 8956519
 8962158
 8965843
 8972745
 8966489
 8969691
 1341208
 1284632
 8965697
 8964640
 8968691
 8967924
 8959520
 8969523
 8972752
 8973129
 8972899
 8973413
 8972051
 8971752
 8969470
 8973382
 8970997
 8971504
 8972085
 1382366
 8971166
 8970939
 8958721
 1284630
 8971765
 8956360
 8967262
 8969562
 8973483
 1304072
 8968356
 8954905
 8958053
 8969515
 8967284
 8967458
 8973573
 8950731
 8960540
 8972647
 8970806
 8972163
 8973148
 8964647
 8973632
 8973472
 8969709
 8972138
 8973527
 8973561
 8972096
 8972655
 8972167
 8970366
 8959900
 8971901
 8943699
 8941199
 8973565
 8942456
 8968229
 8973604
 8972838
 1341982
 8963871
 8969367
 8970685
 8971566
 8971651
 8971749
 8972945
 8940658
 8969113
 8973385
 8955861
 8970569
 8971223
 1249236
 8938146
 8971722
 8972082
 8973569
 8958057
 8967697
 8962360
 8965956
 8956368
 8959528
 8966484
 8968927
 8966939
 8966960
 8968221
 8967572
 8940503
 8956389
 1284610
 8963784
 8965857
 8967031
 8966946
 8967526
 8969408
 1304059
 8936835
 8964355
 8964380
 8969022
 8967332
 8952108
 8967455
 8958347
 8969545
 8969338
 8944428
 8965285
 8969264
 8962165
 8961400
 8968406
 8962334
 8960422
 8969623
 8969633
 8968287
 8965139
 8969607
 8969621
 8935659
 8969813
 8967955
 8969458
 8967225
 8968308
 8969383
 8968056
 1366512
 8966721
 8969143
 8935571
 8969536
 8966765
 8968323
 8969815
 8968814
 8969687
 8966518
 8964760
 8969082
 8969136
 8969665
 8968546
 8962151
 8959403
 8967965
 8967088
 8969617
 8962195
 8969298
 8915442
 8963069
 8966605
 8969882
 8967690
 8968891
 8969324
 8967964
 8966950
 8969597
 8963616
 8968097
 8963484
 8960549
 8962180
 8969887
 8922892
 8946025
 8964995
 8968087
 8967251
 8969048
 8965072
 8962433
 8965596
 8966942
 8966954
 8969609
 8969681
 8969895
 8968057
 8969593
 1341981
 8936778
 8967969
 8966944
 8969102
 8967600
 8969125
 8927005
 8956916


