16-06-13
 8947546
 8965679
 8962372
 8957470
 8963806
 8962349
 8964136
 8964897
 8965652
 8925579
 8964629
 8965362
 1382096
 8953601
 8957758
 8961885
 8965749
 8966176
 8957668
 1341179
 8962227
 8965622
 8965159
 8955501
 8961430
 8965957
 8956390
 8961873
 8962212
 8936514
 8937676
 8958755
 8960330
 1284614
 8960592
 8965237
 8964685
 8965568
 8958763
 8960008
 8962280
 8964474
 8965270
 8964826
 8965276
 8965668
 8964957
 8952614
 8954489
 8962585
 8963489
 8950148
 1284623
 8962364
 8959397
 8951156
 8962365
 1202999
 8966225
 8965082
 8948093
 8965042
 8941188
 8962994
 8961640
 8959915
 8960574
 8963570
 8964978
 8966039
 8953595
 8955476
 8960302
 8965099
 8956548
 1284629
 8960867
 8961918
 8963569
 8965685
 8961308
 8959536
 8951782
 8960159
 8962198
 8962457
 8933780
 8947547
 8957861
 8964579
 8947822
 8961490
 8959524
 8962368
 8966372
 8965457
 8965661
 8952233
 8963662
 8965381
 8959119
 1382363
 8964277
 8965517
 8960582
 8964523
 8964534
 8955452
 8962875
 8959293
 8960203
 8959839
 8962081
 8960423
 8961424
 8942740
 8952331
 8955497
 8947768
 8956375
 8954134
 8961228
 8962514
 8960494
 8961860
 8952581
 8952715
 8953213
 8952390
 8953122
 8960762
 8959658
 8958231
 8956700
 8959685
 8954093
 8946596
 8939683
 8951780
 8960118
 8957938
 8960791
 8923101
 8960029
 8961831
 8923255
 8932607
 8934373
 8948203
 8954277
 8954818
 8956370
 8962091
 8954597
 8957917
 8962223
 1202997
 8959106
 8960863
 1254110
 8961180
 8959114
 8962272
 8954053
 8957354
 8957555
 8963065
 1284617
 8962812
 8958619
 8958430
 8959559
 8957445
 8960257
 8940641
 8956377
 8959215
 1284613
 8960228
 8959661
 8937884
 8922238
 8927189
 8934500
 8951069
 8960775
 8962998
 1284631
 8961848
 1202996
 8959652
 8960690
 8959886
 8961876
 8956139
 8962524
 1175685
 8917326
 8919197
 8922899
 8948857
 1284621
 8961547
 8962805
 8956381
 1284622
 8960012
 8962710
 8960313
 8960340
 1284633
 8961239
 8955393
 8956926
 8936612
 8938511
 8938096
 8954444
 8956438
 8958126
 8956318
 8959523
 8959526
 1284609
 8962481
 8959127
 8958202
 8963012






