16-06-20
 8974315
 8989921
 1365051
 8991201
 8978041
 8941818
 8984942
 8953145
 8979618
 8987587
 8986674
 8989941
 8992060
 8988938
 8968744
 8974826
 8980048
 8983983
 8988246
 8992212
 8969387
 8986100
 8989261
 8989655
 8954680
 8978466
 8990025
 8990606
 8988536
 8986244
 8985836
 8987093
 8991741
 8988912
 8990458
 8990623
 8991593
 8991132
 8986393
 8987740
 8985008
 8987192
 8991604
 8976909
 8991555
 8983307
 8986000
 8986160
 8989410
 8979336
 8990488
 8976831
 8985583
 8991122
 8989644
 8990773
 8988630
 8989606
 8965675
 8973288
 8987061
 8990063
 8992233
 8990783
 8981545
 8985172
 8989816
 8893211
 8893112
 8923091
 8943278
 8941765
 8944559
 8988162
 8988189
 8992220
 8983649
 8984592
 8987133
 8989435
 8988936
 8990128
 8991374
 8950416
 8966055
 8983138
 8990272
 8992218
 8986321
 8987712
 8990697
 1365313
 8987684
 8987346
 8988110
 8984997
 8990430
 8991468
 8988769
 8989208
 8990352
 8991691
 8992170
 8992171
 8990446
 8968517
 1386183
 8974301
 8991119
 1365052
 8982302
 8990258

