16-06-04
 8927275
 8931818
 8936944
 8935626
 8936936
 8936371
 8928789
 8936197
 8892292
 8930642
 8934670
 8923236
 8933029
 8936767
 8935448
 8933063
 8936366
 8915787
 8917919
 8921376
 8927122
 8928046
 8929292
 8936455
 8922569
 8935236
 8935954
 8918167
 8936775
 8934013
 8916171
 8931669
 8934631
 8936667
 8919596
 1165566
 8934892
 8934895
 8936721
 8927647
 8936949
 8934147
 8930932
 8933785
 8923580
 8933479
 8936446
 8935491
 8935814
 8936626
 8922878
 8935996
 8936533
 8935685
 8914633
 8905640
 8935992
 8935787
 8934201
 8917611
 8934487
 8936361
 8935981
 8922736
 8927799
 8932115
 8936123
 8936190
 8934675
 8936427
 8936443
 8930272
 8932651
 8933053
 8936939
 8936903
 8933469
 8933070
 8933095
 8935969
 1330249
 8923591
 8933738
 8903825
 8935347
 8936011
 1327432
 8936946
 8936665
 8928927
 1202705
 8922687
 8927196
 8929934
 8930191
 8932609
 8931046
 8934690
 8936464
 8923552
 8933460
 8933464
 8933490
 8931455
 8919603
 8927519
 8933498
 8935240

