16-06-01
 8905270
 8914533
 8924338
 8922908
 8922290
 8922317
 8922705
 8923341
 8923882
 8925115
 8925648
 8917821
 8917651
 8919815
 8900431
 8922681
 8922693
 8925492
 8913348
 8913517
 8915524
 8918131
 8920500
 8922384
 8907345
 8917886
 8925138
 8924076
 8908311
 8909904
 8916715
 8916609
 8922691
 8925603
 8925833
 8925283
 8898556
 8920418
 8919396
 8918831
 8923797
 8924189
 8924775
 8919115
 8923513
 8872154
 8921023
 8918034
 8925836
 8924326
 8923014
 8922545
 8925644
 8922669
 8925578
 8922364
 8925223
 8925485
 8921411
 8920434
 8920433
 8921698
 8925382
 8925337
 8921342
 8920512
 8919839
 8918879
 8920952
 8917454
 8921051
 8919151
 8925904
 8922895
 8924289
 8925312
 8925807
 8918842
 8926109
 8925933
 8919118
 8921667
 8918510
 8922676
 8923644
 8924250
 8925125
 8925272
 8922470
 8922486
 8925243
 8919830
 8916267
 8918432
 8920551
 8907862
 8925899
 8925684
 8918486
 8921687
 8920484
 8924037
 8915531
 1223209
 8920423
 8920089
 8921649
 0775758
 0775771
 8922874
 8925298
 8923828
 8922500
 8923698
 8924241
 8919448
 8922896
 8925287
 8925286
 8922677
 8920021
 8911238
 8922886

