16-06-17
 8981937
 8983226
 8971293
 8981724
 8982604
 8982708
 8983959
 8976962
 8983234
 8983752
 8979016
 8982165
 8972062
 8981725
 8982611
 8982712
 8982579
 8983941
 8982711
 8961411
 8971891
 8983173
 8964626
 1365457
 8974718
 8979401
 8975008
 8982975
 8982331
 8974793
 8979786
 8980488
 8976652
 8979264
 8978132
 8982133
 8983520
 1365450
 8979550
 8981761
 8982912
 8971899
 8983167
 8969246
 8975277
 8977088
 8981146
 8982213
 8982791
 8983612
 8980524
 8961291
 8976907
 8980542
 8983740
 8975690
 8983211
 8971699
 8980762
 8982622
 8975863
 8980565
 8981756
 0994463
 8981090
 8981747
 8982949
 1379319
 1364063
 8981426
 8981569
 8983306
 8954992
 1305462
 8971452
 8979937
 8981101
 8979044
 8984208
 8982206
 8950922
 8961590
 8972685
 8978038
 1341754
 8977246
 8979392
 8979471
 8984083
 8980899
 8975807
 8976917
 8983328
 1382483
 8975798
 8976939
 8961493
 8962689
 8978539
 8982316
 8983719
 8977098

