16-06-07
 8935119
 8935130
 8944702
 8943502
 8945734
 8945797
 8944343
 8947531
 8948026
 8948600
 8948621
 8946059
 1382326
 8939665
 1382289
 8939262
 8941568
 8944781
 8947412
 8948159
 8947449
 8947874
 8946735
 8947421
 8942266
 8946073
 8937285
 8948035
 8922880
 8934507
 8943140
 8942439
 8946625
 8943281
 8948152
 8947229
 8947175
 8943771
 8948550
 8948367
 8942243
 8942380
 8942447
 8942480
 8944365
 8941755
 8944965
 8940677
 8942431
 8947529
 8948947
 8936685
 8937856
 8945556
 8947012
 8946427
 8948773
 8934443
 8941239
 8941625
 8945226
 8945321
 8947737
 8943132
 8940129
 8942477
 8943627
 8948396
 8939677
 8946563
 8943471
 8941682
 8944867
 8937869
 8942498
 8943566
 8924866
 8934200
 8937867
 8939868
 8943495
 8915973
 8933074
 8939616
 8944243
 8944301
 8944391
 8941294
 8944349
 8929424
 8939404
 8936323
 1341013
 8942853
 8942868
 8940238
 8942750
 8944168
 8941866
 1128129
 8942419
 8914822
 8941871
 8942390
 8942569
 8944397
 8929542
 8940249
 8942863
 8941851
 8944355
 8942648
 8943977
 8944541
 8944705
 1382089
 8940757
 8941076
 8942739
 8934519
 8944435
 8944664
 8934274
 8944425
 8936136
 8939843
 8939494
 8940301
 8943762
 8941893
 8944087
 8941572
 8940676
 8943474
 8941749
 8943581
 8944370
 8939913
 8927638
 8941401
 8925647
 8924145
 8941534
 8937099
 8940673
 8944906
 8934688
 8944870
 8944839
 8944722
 8943757
 8942532
 8944476
 8942489
 8942468
 8944319
 8943225
 8944888
 8942335
 8942382
 8943788
 8941504
 8939563
 8939191
 8941845
 8942401
 8941792
 1220892


