16-06-15
 8965405
 8973613
 8974189
 8968348
 8941867
 8946021
 8970566
 8970796
 8970603
 8975124
 8975288
 8975511
 8976926
 8976812
 1304075
 8976782
 8976053
 8974138
 8946281
 8942325
 8975131
 8975261
 8976945
 8976949
 8969697
 8972888
 8973553
 8973518
 8975347
 8974456
 8975167
 8976248
 8972959
 1354384
 8970788
 8970974
 8975269
 8976937
 8975525
 8968768
 8970505
 8966906
 8974040
 8976328
 8965522
 1354382
 8974764
 8976050
 8969614
 8972070
 8973668
 8975996
 8976879
 8975748
 8969713
 8970807
 8972665
 8976784
 8971497
 8976958
 8975957
 8972860
 8960314
 8964236
 8972618
 8976894
 8974819
 8959289
 8976307
 8974779
 8974776
 8974177
 8974102
 8960777
 8966591
 8975810
 8975926
 8971526
 8974009
 8975554
 8976753
 8975731
 8975825
 8974012
 8971355
 8974991
 8976902
 8903057
 8947204
 8974322
 8972893
 8974123
 8946404
 8947612
 8968716
 8977443
 8964890
 8968903
 8971354
 8967292
 8975374
 8974191
 8973462
 8970913
 8975420
 8974017
 8974231
 8976648
 8971915
 8974722
 8971088
 8975862
 8968998
 8973530
 8974324
 8974970
 8975665
 8975857
 8959115

