16-06-16
 8978787
 8978797
 8981067
 8979922
 8977636
 8979944
 8930115
 8977812
 8980065
 8977680
 8980417
 8979807
 1284615
 8976885
 8974348
 8976808
 8979414
 8979466
 8979474
 8979479
 8963637
 8967862
 8972929
 8946857
 8956528
 8975014
 8979553
 8979986
 8970590
 8979327
 8955134
 8979150
 8977769
 8979276
 8979826
 8979094
 8978551
 8977156
 8979529
 8979965
 8978676
 8959516
 8972058
 1304074
 8975062
 1170794
 8979176
 8978895
 8979687
 8953862
 8959036
 8965603
 8974727
 8974582
 8980967
 8964076
 8980723
 8966141
 8950011
 8957779
 8976905
 8980561
 8979678
 8977101
 8977105
 8968656
 8978983
 8943651
 8945469
 8965505
 8980400
 8942728
 8967521
 8965314
 8974192
 8979204
 8974241
 8979854
 8977201
 8976164
 8979451
 8978682
 8980485
 8979169
 8979470
 1365236
 8972874
 8976943
 8978016
 8977090
 8977220
 8970581
 8971215
 8971257
 8979319
 8978075
 8980570
 8977863
 8979120
 8979272
 8971066
 8980678
 8980115

