16-06-27
 8984715
 8987578
 8985785
 9003710
 9007362
 9008339
 9014950
 9015700
 9015334
 9009002
 9013864
 9016770
 9015837
 8967399
 1284616
 1272662
 1361520
 8972500
 8986577
 8997103
 8999309
 9008478
 9011328
 9011341
 9013619
 9016654
 8995725
 1232106
 1272622
 9009300
 9013746
 9014027
 9016226
 9014051
 9016981
 8979459
 9012220
 9006820
 9009089
 9014720
 9011323
 9012486
 8986312
 9012196
 9003822
 9015419
 9016642
 9003045
 9009330
 9014088
 9012981
 9012988
 9013178
 9012156
 9016272
 8996973
 8997168
 9002822
 9011350
 9011623
 8992977
 9000599
 9011729
 9016736
 9015490
 9016223
 9016074
 1304219
 9002686
 9009345
 9011184
 9011530
 9004817
 9008549
 9013189
 9009382
 9013463
 9016227
 9008975
 9014947
 9013231
 9013243
 9016822
 9016360
 9016260
 9013752
 9014320
 8987768
 9010354
 8973031
 8984631
 8985410
 8989626
 8997866
 9000683
 9006427
 1291834
 9010360
 9011020
 9011928
 9014407
 9016732
 9016587
 9013788
 9013833
 9015489
 9015972
 9016357
 9016518
 8985460
 9013251
 9013890
 9013405
 8997627
 9007514
 9008593
 9013899
 9016228
 9016376

