16-06-06
 8895562
 8904620
 8936632
 8940585
 8939101
 8940312
 8893631
 8938421
 8897341
 8894975
 8898209
 8918406
 1165507
 8940226
 8939129
 8937506
 8933628
 8936146
 8883022
 8887174
 8891895
 8897357
 8903418
 8912308
 8914838
 8923584
 8924157
 8933072
 8936177
 8939247
 8938806
 8938805
 8909551
 8936690
 8939649
 8927673
 8938100
 8938106
 8938598
 8938284
 8940120
 8937388
 8938498
 8933603
 8936779
 8936548
 8925306
 8929029
 8936472
 8937881
 8937796
 8938880
 8940347
 8940356
 8903936
 8928045
 8933487
 8935661
 8936601
 8936611
 1330250
 8939846
 8935485
 8940364
 8927754
 8928116
 8933733
 8936335
 8939671
 8925443
 8928398
 8935655
 8932143
 8936340
 8940670
 8923791
 8924989
 8933064
 8940390
 8896337
 8937455
 8933223
 8937573
 8937861
 8937875
 8938900
 8928150
 8937779
 8937691
 8936274
 8940367
 8939501
 8938685
 8890034
 8903382
 8935504
 8939473
 8940901
 8939245
 8940289
 8940016
 8937297
 8939448
 8940599
 8939055
 8940293
 8909882
 8936522
 8936908
 8908148
 8933105
 8936347
 8936286
 8933748
 8936120
 8939916
 8940326
 8940237
 8927097
 8927757
 8933110
 8921010
 8933153
 8933548
 8934577
 8936943
 8938295
 8939139
 8939483
 8938393
 8938793
 8940674
 8940158
 8938149
 8917606
 8932254
 8934514
 8938364
 8938475
 8936356
 8940337
 8930041

