16-06-25
 9010508
 9013289
 9013831
 9014589
 8939276
 8984183
 9011700
 9011356
 9004381
 9006317
 9008938
 9014507
 9007577
 1341798
 9006122
 9006652
 9010784
 9012795
 9005621
 9014840
 9013635
 8990716
 8997998
 9002255
 9005041
 8980737
 9000946
 8987439
 8992832
 9008388
 8999100
 9010367
 9013242
 9014270
 9008872
 9010614
 9013158
 1354489
 9013205
 9013661
 9012996
 9013162
 8993533
 9006517
 9014453
 9014482
 9014325
 8948711
 8966013
 8964659
 8969266
 9004922
 9010462
 9012884
 9014401
 9014913
 9014607
 9013257
 9009012
 9014001
 9005855
 9012073
 1222564
 9006908
 9010301
 1272601
 9009843
 9009936
 9011326
 9013910
 9014651
 9011499
 9011936
 9011011
 9008693
 9013259
 9008654
 9013837
 9014246
 9014443

