16-06-17
 1281481
 1281482
 8952839
 8969722
 8972319
 8972330
 8970853
 8979033
 8979187
 8978901
 8983413
 8983789
 0994462
 8982693
 8982149
 8982956
 8983751
 8980823
 8980510
 8977600
 8979143
 1201637
 8983595
 8982488
 8916841
 8919351
 8928405
 8932235
 8933133
 8933137
 8936109
 8942707
 8945928
 8945934
 8945945
 8945957
 8952139
 8956957
 8963541
 8969546
 8973853
 8972820
 8974799
 8976633
 8975438
 8976120
 8978173
 8979243
 8977992
 8978076
 1393961
 1393965
 8978889
 8978291
 8981821
 8982250
 8982178
 8982903
 8982930
 8982330
 8983482
 8983263
 8983418
 8984157
 8983927
 8984090
 1366538
 8983233
 1243035
 8973830
 8975684
 8981407
 8981524
 8982663
 1126618
 8973135
 8957679
 8971288
 8975068
 8977687
 8977736
 1126746
 1126748
 8982277
 1183291
 8983942
 0994836
 1243030
 8981662
 8982982
 8981439
 8924205
 1390442
 1239243
 1239254
 1239255
 8920277
 1327582
 8928633
 8943283
 8943358
 8955147
 1305716
 8955918
 8957670
 1249217
 1160086
 8956941
 1243085
 8970404
 8975851
 8977907
 8980058
 8978927
 8977931
 8978015
 8981401
 8982304
 8983395
 8983607
 8937000
 8937020
 1252571
 8968031
 8974786
 8975648
 8976762
 1254115
 8979681
 8977893
 1201183
 1126745
 8983393
 0994837
 0994839
 8982738
 1359034
 1359042
 1364065
 8981588
 8981592
 1381351
 1254121
 1254122
 8981578
 8941488
 8953469
 1254230
 8952289
 8956265
 1243079
 8956236
 8958860
 1175658
 8960126
 8959098
 8960247
 8963466
 8965141
 8963597
 8964444
 8968639
 8966729
 8967360
 8976090
 8982260
 1160836
 1010954
 8983239
 8984011
 8978237
 8965354
 8967140
 8971434
 8972461
 8971150
 8977002
 8974091
 8974492
 8975486
 8976192
 8979770
 8980029
 8980687
 8979543
 8980258
 8980975
 8981070
 8977997
 8978485
 8980014
 8980052
 8980250
 8980856
 8978004
 8978955
 8980676
 8980916
 8980955
 8978321
 8978078
 8978361
 1304005
 8977974
 8978856
 8980310
 8980761
 8978065
 8978277
 8980851
 8982244
 8982247
 1201178
 8984169
 8984270
 8984443
 8981603
 8982591
 8983468
 8983852
 8984104
 8981556
 8982428
 8983757
 1165658
 8981881
 8982360
 8983278
 8982638
 8983883
 8983222
 1183274
 8983970
 8984402
 8984407
 0994475
 8981614
 8982524
 8983881
 8984086
 8984293
 8981677
 8983391
 8983707
 8981992
 8982024
 8983601
 8983221
 1364072
 8982001
 8983399
 8983773
 8965093
 8966517
 8976144
 1160817
 8979224
 8983555
 8983734
 8938745
 8952224
 8967848
 8971835
 8972151
 1393913
 8970241
 8976235
 8977288
 8974193
 8974576
 8980316
 8977866
 1160295
 8958328
 8973659
 8975278
 8976271
 8979520
 1361051
 1284567
 8978745
 8983155
 8981916
 8983825
 8939111
 8942470
 8947433
 8953232
 8962199
 8965232
 8965416
 8967124
 8972747
 8975324
 1240999
 8979589
 1165597
 1368582
 8978269
 8978304
 8981861
 8983403
 8983645
 8982868
 8983837
 1387034
 8982836
 1291804
 1291851
 8982919
 1368457
 8982692
 1382603
 1382604
 8983324
 8983686
 1239383
 8971536
 8976182
 8970136
 8970215
 8977300
 8979785
 8981269
 8980333
 8984486
 8981485
 8981491
 1361010
 8947351
 8958521
 8958741
 8960189
 8965806
 8967720
 8966536
 8969355
 8971530
 8975522
 8977043
 8978094
 8978584
 8980808
 1126712
 8981172
 8977652
 8979654
 8980393
 8977671
 8978994
 8980599
 8978631
 8982219
 1239582
 8981605
 8982883
 1291809
 1376545
 8982538
 8983115
 8982373
 8958648
 8967918
 8952902
 8980076
 8979806
 8980204
 8980671
 8980175
 8981267
 8984440
 8983268
 8983340
 8981415
 8982620
 8983662
 8983784
 8984409
 8982154
 8982506
 8983157
 8983753
 8982490
 1364067
 8981708
 8982334
 8982508
 8983979
 8960545
 8975658
 8977064
 8980274
 8980581
 8979689
 8983323
 8984032
 8981350
 8982822
 8982628
 8957925
 8967986
 8969020
 8972674
 8976681
 8976225
 8976442
 1393433
 1201132
 8978849
 8979371
 8979348
 8981305
 8978566
 8981334
 8982802
 1126737
 8983556
 8984099
 8982080
 8983948
 1361447
 1387012
 8982589
 8982882
 8984151
 1243012
 8981687
 8982215
 1381225
 8976420
 8981012
 8981159
 8983366
 8983541
 8984165
 8984188
 8981610
 8984307
 8949297
 8963416
 8963420
 8969242
 8966804
 8974868
 8975701
 8975038
 8975517
 8980782
 8978473
 8980283
 8978468
 1390706
 8980002
 1201608
 8983258
 1239581
 8981553
 8982021
 8982988
 8982530
 1183286
 8983517
 8983990
 8984047
 8984391
 8984427
 8984437
 8983800
 8984082
 8981750
 8983477
 8982994
 8983832
 1198189
 1364097
 8981442
 8981566
 8983191
 8983971
 8982989
 1339169
 8963572
 8968186
 8968778
 8976321
 8981116
 8981182
 8979369
 8983386
 8982939
 8982282
 8982537
 8983379
 8984317
 8981815
 8984052
 8982079
 8983898
 8983420
 1359039
 8981757
 1339184
 1010951
 8981887
 1381232
 1201701
 8980677
 1160297
 1201653
 8984021
 8984122
 8982307
 1243011
 8983380
 8954903
 1202722
 8962308
 1252456
 8958796
 8960425
 1305722
 1354252
 8965754
 8965389
 8968922
 8971457
 8972968
 8970240
 8971614
 8973040
 8972904
 8972302
 8972398
 8974923
 8977500
 8977278
 8975444
 8976396
 8975307
 8977151
 8977191
 8977279
 8977395
 8979749
 8978215
 8978522
 8978425
 8980268
 8980222
 8980259
 1160819
 8977773
 8978224
 8979363
 8980137
 8980210
 8980114
 8981196
 8982593
 8983230
 8984062
 8983989
 8982612
 8981872
 0994474
 0994820
 8981914
 1387004
 1387016
 8981543
 1379308
 8982839
 8983597
 1368475
 8983009
 8981656
 8982920
 8982913
 1010966
 8982361
 8982411
 8982281
 8982314
 8983473
 8982326
 8981900
 8984318
 8981492
 1327251
 1327253
 8952641
 1196416
 8962022
 8965438
 8965991
 8965367
 8968403
 8973594
 8971580
 1126706
 8980152
 8979869
 8979999
 8978646
 8979010
 8978042
 8983547
 1387021
 8982547
 8982076
 1291730
 1291735
 1366310
 1366332
 8982787
 8982234
 8983087
 8983154
 8983320
 1010970
 8981835
 8983591
 8981893
 8982755
 8957051
 8958346
 8966309
 8963944
 8965627
 8966452
 8968291
 1341904
 8969736
 8969419
 8967735
 8970412
 8972477
 8970617
 8977509
 8976276
 8975968
 8976690
 8977534
 8975982
 1239574
 8980216
 8980650
 1376503
 8983364
 8984211
 8984339
 8984426
 8984428
 1387008
 8983280
 8983007
 8979625
 8981824
 8953552
 8980460
 1126732
 8983917
 8983841
 8983089
 1368485
 8983052
 1381212
 8980896
 8978931
 8964220
 1393372
 8976827
 8979880
 8981208
 8979442
 8953929
 8963471
 8976446
 8976993
 8975255
 8979148
 8979975
 8980263
 8980350
 8980705
 8977776
 8977889
 8977988
 8978209
 8978427
 8978716
 8978836
 8979921
 8980248
 8979285
 8982447
 8983351
 8983749
 8984005
 8984141
 0994849
 8983236
 8983247
 8982245
 8982258
 8982564
 8982689
 8972795
 8941715
 8946960
 8950794
 8955699
 8955707
 8963203
 1359024
 8971979
 8970965
 8976366
 8976389
 8979661
 1126704
 8980699
 8980833
 1342377
 1284944
 8978556
 8978829
 8979939
 8977660
 8979655
 8978420
 8978305
 1201174
 1201188
 1126731
 8982752
 1354231
 8982421
 8982445
 8984176
 8982636
 8984069
 8981840
 8981974
 8982558
 8982592
 8984159
 8982184
 8983190
 8980509
 8978795
 8983709
 8983792
 8983622
 1364059
 8983180
 8983210
 8941381
 1249241
 8966809
 8977182
 8977654
 8980816
 8978730
 8978747
 8978352
 8980085
 8980691
 8977933
 8980403
 8977874
 8979739
 1160290
 1160815
 1198154
 8979011
 8977890
 1201650
 8983279
 8982439
 8981766
 8984001
 8983919
 0994481
 0994483
 8982722
 1359038
 1364025
 8982777
 8982345
 8965599
 8971359
 8971377
 8976953
 8978276
 8977664
 8979769
 1160287
 8978746
 8979130
 8979133
 8980857
 8982271
 8983121
 1341771
 8984008
 8983208
 8983579
 8984395
 1361023
 8984056
 1393622
 1291815
 8983833
 8981555
 8984092
 8938480
 8947013
 8949601
 8949361
 8949367
 8949370
 8954043
 8956946
 8960962
 8961450
 8961460
 8961479
 8966103
 8969009
 8972724
 8976279
 8976639
 8975210
 8974850
 8981255
 8978948
 8980585
 8984048
 8981862
 8983003
 1379315
 8983926
 1010971
 1010980
 8982513
 8981327
 8980150
 1126727
 1126749
 8983965
 8982005
 8983799
 0994821
 1387033
 8983985
 8983460
 8983228
 8982027
 8982751
 8983305
 1381230
 8963287
 8959078
 8964983
 8972233
 1198687
 8973188
 8972057
 8977507
 8974223
 8974247
 8975619
 8975633
 8976517
 8974721
 8981178
 8980131
 8980994
 8978692
 8978923
 8979053
 8979063
 8977867
 8980357
 8979395
 8979964
 8978530
 1304004
 8978515
 8977709
 8980284
 8982435
 8982889
 8984119
 8984390
 8984415
 8982311
 8983197
 8983893
 8982383
 8983020
 8983448
 8983651
 8981934
 8982487
 8982548
 8984026
 1341150
 8982844
 8982860
 8983083
 8983678
 8983245
 8984357
 1387023
 8981930
 1379332
 8983994
 8984091
 8983047
 8983652
 8981320
 1160835
 1198181
 8984422
 1364027
 8981989
 8982906
 8983019
 8983711
 8982268
 8982494
 8983057
 8952468
 1305713
 8970805
 1128145
 8974649
 8979102
 8982678
 1243031
 1327227
 8972996
 8977705
 8983195
 1387029
 8983677
 1366323
 8983811
 1243029
 8981669
 8982422
 8983079
 8983071
 8983494
 1381237
 8982355
 8970723
 8983250
 8983508
 1387027
 8982657
 8981498
 8981655
 8982450
 8983387
 8981680
 8981706
 8980032
 8982083
 8983070
 8981326
 8979066
 1387011
 8982045
 8961859
 8965698
 8967542
 8969803
 8970499
 8971714
 8976807
 8973935
 8976460
 8974755
 1341997
 8981343
 1364051
 8977230
 8974454
 1330886
 8980556
 8980295
 1342388
 8977914
 8980381
 8978707
 8981125
 8981128
 8978113
 8978187
 8978467
 8978870
 8979228
 8979441
 8979411
 8980235
 8984315
 1201639
 8984019
 8984403
 8983882
 8982606
 8984030
 8984136
 8984214
 8983583
 8982588
 8983875
 8983889
 8983899
 1341765
 1341779
 8982454
 8983676
 8983954
 8982838
 1183298
 8984228
 1387010
 1387028
 8983879
 8981365
 8981984
 8982855
 8984109
 8983266
 1198198
 1365444
 1364098
 8982481
 1243033
 8983162
 8983587
 8981443
 1390726
 8981842
 8981530
 8982790
 8983122
 8962029
 8966306
 8979850
 8981242
 8977799
 8977977
 8978993
 1390714
 8979157
 8982467
 8984383
 8983961
 8982120
 8982914
 8982567
 8984347
 8984164
 8984349
 1376544
 8983312
 1291724
 8983516
 1010979
 1381236
 1324101
 8971957
 8970636
 8978026
 8977884
 8977713
 8982843
 8984365
 8983594
 8983812
 1366318
 8981331
 8981712
 1365456
 8982210
 8982594
 8983109
 8983160
 8981895
 8981967
 8961550
 8964610
 1291715
 1291716
 8977258
 1366531
 8976739
 8981051
 1284943
 8977934
 1352245
 8937725
 1196382
 8945282
 8945588
 8945926
 8957564
 8957809
 8956026
 8962140
 8962610
 1304063
 8965388
 8971985
 8971724
 8970528
 8974152
 8975045
 8974735
 8977277
 1393425
 8974441
 8975281
 8976899
 8974795
 8975546
 8974206
 8980557
 8979152
 8977620
 8980867
 8980942
 8981052
 8981072
 8981097
 8981165
 1393959
 1393963
 8978534
 8980482
 1376506
 8979668
 1328078
 8978614
 1254120
 8981453
 8984382
 8984146
 0994464
 8984215
 8984253
 8984258
 8983317
 8983270
 8983458
 8983840
 8983849
 8984243
 1243017
 8981811
 8952544
 8951896
 8961682
 1175693
 8963437
 8966374
 8967236
 8973017
 8970972
 8971808
 8977264
 8975349
 8977413
 8975528
 8975895
 8974866
 8977042
 1382458
 1382459
 8974915
 8976803
 8977241
 1202854
 8978943
 1126701
 8980466
 8978875
 8980952
 8980420
 8981143
 8979250
 8977915
 8980848
 8977719
 1364013
 8977708
 8980503
 8984356
 8984478
 8984361
 8981521
 1341761
 1341769
 1341773
 8984129
 8983762
 8983903
 8984244
 0994479
 0994824
 8982676
 8981447
 1364087
 8982997
 8984397
 1393764
 1393367
 1393373
 8978498
 8941148
 1115245
 8960462
 8958483
 8970936
 8972763
 8976880
 1393422
 8976626
 1165592
 8979265
 8978641
 8979186
 8980096
 1165655
 1341776
 8983238
 8982630
 8982632
 8982893
 8983506
 8982448
 8982951
 8981869
 8983353
 8981330
 8982493
 1364029
 1364033
 1364068
 1364086
 1364099
 1243021
 8982987
 1254123
 1352246
 1352248
 8983409
 8982745
 8964226
 8968762
 8973002
 8971762
 8974911
 8975624
 8977035
 8973964
 8974077
 8979209
 8956034
 8970534
 1393417
 8977034
 8979577
 8979170
 8979691
 8979707
 8978685
 8979914
 8982649
 8983439
 8983621
 8983500
 8981736
 1165657
 8982478
 1387018
 1387032
 8981531
 8982846
 1366359
 8981709
 1198172
 8982864
 8984171
 1364053
 1364083
 8982900
 8984167
 8964369
 8968872
 8967346
 1011103
 8971262
 8975712
 8978586
 8981161
 1126721
 1126755
 8983370
 8982499
 8983452
 8983573
 8984245
 1341804
 8982486
 8982688
 8984049
 8984054
 8984286
 8984371
 8982179
 8983333
 8983606
 8984002
 8982563
 8983277
 8983726
 8983763
 1359036
 8984261
 8984265
 1381213
 1381223
 8981797
 8967573
 8975272
 8974696
 8975940
 8978342
 8979792
 8980547
 8978751
 1364020
 8981206
 8964455
 1252504
 1327314
 1324103
 8967006
 8981061
 8978182
 8980447
 8959547
 8963318
 1328012
 8980089
 1368451
 1160096
 8979533
 1368470
 1368482
 1010953
 8983220
 8980511
 8983377
 8983533
 8962475
 8963481
 8969200
 8969415
 8973513
 1249157
 8972659
 8974025
 8977114
 8974874
 8974551
 8981215
 8980024
 8979829
 8981194
 8978516
 8980433
 8978098
 8978600
 8979046
 8980949
 8980265
 8981129
 8979938
 8980192
 8981029
 8981261
 1376549
 8979489
 8979576
 1232102
 8981892
 8981544
 8982372
 8982397
 8983868
 8983964
 1354277
 8981503
 8981823
 8982060
 8983137
 8983908
 8983951
 8983524
 8983436
 1341755
 1341777
 8981812
 8982279
 1183297
 8983886
 8983955
 8984213
 8984342
 8984432
 8984433
 8984425
 8984423
 8982760
 8981373
 1379341
 1291740
 8982979
 8982614
 8982828
 8982877
 1364096
 8981690
 1243034
 8984269
 8982965
 8983515
 8975011
 8977533
 1364019
 8984155
 8778380
 8944317
 8944331
 8962474
 8968094
 8966833
 8967791
 8968011
 8972476
 8974051
 8979952
 1368574
 1201198
 1379327
 1368474
 8982019
 8958460
 8974208
 8977119
 8977523
 8976797
 8977058
 8976787
 8975958
 8980979
 1341214
 8977875
 1393964
 8978610
 8978027
 8983928
 8982070





