16-06-20
 1387039
 8916448
 8962152
 8974588
 8979413
 8986963
 8985322
 8986034
 8988138
 8985171
 8986773
 8985146
 8985051
 8989020
 8989681
 8989656
 8991047
 8990177
 8990260
 8990386
 8990777
 8991348
 8988787
 8989422
 8992151
 1387153
 8953658
 8960550
 8984414
 1366539
 8987847
 8990161
 8989036
 8990332
 8991150
 8988553
 8989131
 8990999
 1175512
 8920629
 8931394
 8933481
 8935259
 8939827
 8941222
 8953598
 8956194
 8956537
 8957014
 8958757
 8959834
 8967948
 8975433
 8975453
 8978518
 8977757
 1390712
 8981807
 8982427
 1366342
 8982954
 8983461
 8982669
 8981568
 1201747
 8984818
 8986078
 8986839
 8986976
 8984601
 8985845
 8986158
 8986167
 8986891
 8984621
 8987067
 8986715
 8987010
 1364219
 8987799
 8987087
 8986516
 8986573
 8987852
 8987986
 8988551
 8988916
 8991986
 8989354
 8992295
 8991441
 8992069
 8991476
 1341881
 8990417
 8988843
 8989116
 8991316
 8991492
 8991629
 8991980
 8992019
 8988523
 8988661
 8989251
 8989502
 8990737
 8991193
 8992101
 1175515
 1175519
 8990618
 8988598
 8990746
 8988785
 8989929
 8991211
 8991003
 8991014
 8991559
 8974202
 8985255
 8988580
 8989498
 8949987
 8933714
 8960428
 8958407
 8965601
 8968261
 8967941
 8973719
 8970639
 8974518
 8977184
 8980138
 8974065
 8986101
 8967515
 8984053
 8987878
 1368507
 1332007
 8990939
 8991186
 8990485
 8991759
 8988677
 8990333
 1175516
 1364179
 8990602
 8950179
 8951689
 8951690
 8952497
 8952500
 8964205
 8963599
 8964435
 8966409
 8969618
 8966852
 8966728
 8970472
 8978541
 8978798
 8978805
 1010967
 8951103
 8884031
 8913652
 8921266
 8922816
 8923149
 1327465
 8928603
 8938516
 8937330
 1330362
 1249213
 8950150
 8963177
 8962582
 8961366
 1352230
 1393942
 8984012
 1243024
 8986110
 8989393
 8990635
 8990105
 1387152
 8989033
 8991901
 8991249
 8989807
 8990137
 8992292
 1254370
 1254374
 1254376
 8953920
 1393856
 8958743
 8961227
 1188729
 8970541
 8988199
 8989329
 8990793
 8988982
 8991783
 8984605
 8984607
 8911713
 8918499
 8917381
 8925016
 8928387
 8932073
 8932551
 8945876
 8945710
 8945397
 8949999
 8957107
 1359132
 8963405
 8969528
 8970487
 8971020
 8978381
 8982935
 8984398
 1366322
 8983014
 8987349
 1332001
 8988129
 8988350
 8988255
 8984613
 8986113
 8987754
 8985832
 8987882
 8987053
 8986844
 8986766
 1366412
 8985489
 8986681
 1364237
 1364241
 8986659
 8988513
 8990629
 1332053
 1332077
 8989127
 8991563
 8992259
 8992298
 8992299
 8990443
 8991377
 8991833
 8991061
 8991432
 8991443
 8988731
 8990821
 8991217
 8992016
 8991262
 8988595
 8991248
 8991420
 1361357
 8991269
 8991421
 8991550
 8988526
 8988542
 8989090
 8989096
 8991573
 8989449
 8990068
 8991957
 1365147
 1365148
 8989177
 8990061
 8988815
 1254372
 8989570
 8990830
 8940722
 8945049
 8991811
 8941310
 8960137
 8981127
 1305750
 8986555
 8982425
 8983641
 8985015
 8986099
 8971372
 8989338
 8989159
 8942538
 8942544
 8942552
 8942559
 8942565
 8956403
 1252541
 8960999
 8958667
 8960481
 8965493
 8975630
 8976691
 1368571
 1365415
 1365416
 8979425
 8983231
 8983299
 8988013
 8988141
 1387040
 8986948
 1368529
 8986027
 8987216
 1257717
 8989722
 8988690
 8988698
 8990733
 8990534
 8989521
 1382457
 8952206
 8975520
 8951245
 8921929
 8943343
 1330336
 1330337
 8945563
 8945566
 8949373
 8953825
 1390499
 8955187
 8954554
 8956261
 8960416
 8960427
 8960442
 8960452
 8960466
 8958559
 1243545
 8963654
 8964048
 8968040
 8972865
 8976277
 8976019
 8982704
 8983000
 8984071
 8981856
 1201695
 8987128
 8984724
 1365483
 8987990
 1341870
 1341879
 8991103
 8991265
 1296247
 8991931
 8989647
 8989883
 8989991
 8990567
 8989014
 8990390
 1390736
 8973386
 8970246
 8970248
 8970250
 8975456
 8976578
 8977488
 8976206
 8977784
 8978554
 8978560
 8980835
 8979902
 8978397
 8979816
 8979950
 1196511
 8983076
 8981469
 1376546
 8984024
 8986210
 8988352
 8987902
 8987217
 8988017
 1364165
 8965214
 1266793
 8968447
 8978003
 8978935
 8979954
 8980908
 8979556
 8980437
 8944933
 8969692
 8978603
 8984156
 8982862
 8986678
 8985479
 8987046
 8984909
 8985002
 8985726
 8988878
 8989786
 8991266
 8992297
 8992303
 8989520
 8991717
 8991728
 8991852
 8988840
 8990215
 8992333
 8990028
 8990190
 8990682
 8990718
 8988426
 8952578
 1234866
 1327312
 8958958
 8964331
 8963340
 8966096
 8965053
 8966769
 8967691
 8966607
 8970027
 8931285
 8938189
 8938906
 8954155
 8978216
 8983171
 8987478
 8986953
 8984705
 8984700
 8984900
 8986644
 8986994
 8985675
 1364136
 8987455
 1257736
 8990935
 8990287
 8990306
 8989614
 8958786
 8963849
 1393951
 1126760
 8984739
 1257724
 8990540
 8989448
 8991652
 8991679
 1387166
 8990070
 8990621
 8990245
 8991030
 8991297
 1390734
 8988633
 8954255
 8963010
 8962868
 8980836
 8986979
 8987970
 8984748
 1393647
 1366346
 8990959
 8962040
 8974999
 8976932
 8977835
 8978752
 1201186
 8983319
 1379303
 8983956
 8984809
 8984721
 8986047
 8984975
 8984695
 8988032
 8988149
 8985083
 8985571
 8987078
 8985319
 8987487
 8988979
 8990834
 8988917
 8992112
 8992161
 8992221
 8989322
 8989510
 8990453
 8991472
 8991565
 8991838
 8992148
 8992244
 8990118
 8991279
 8989672
 1376554
 8990437
 8991777
 8989824
 8990558
 1305430
 1305431
 8967669
 8968813
 8976444
 8976539
 8974440
 8981120
 8979656
 8980272
 8983146
 8982006
 8987132
 8987788
 8986969
 8985026
 8987856
 8989902
 8990747
 8991600
 8991697
 8989910
 8990395
 8991892
 8989072
 8991515
 8991975
 8989893
 8990182
 1175522
 1175523
 8989125
 8991418
 8992155
 8991732
 8988774
 8988925
 8990349
 8983207
 1201745
 8987672
 8984671
 8985569
 8984828
 8984831
 1257723
 1332057
 8990847
 8988729
 8938887
 8939650
 8937973
 8948284
 8951148
 8950860
 8953580
 1163178
 8959600
 1128139
 8961988
 8959477
 8960792
 8961384
 1361507
 1361509
 8965484
 8964232
 8965805
 8967509
 8967018
 8970730
 8972309
 8973799
 8971235
 8971286
 8973321
 8975963
 1354375
 8977283
 8977247
 8975662
 8974466
 1126714
 8980497
 8979905
 8980377
 8978141
 8979351
 8979367
 8983339
 8984280
 0994484
 8984302
 1387022
 8982794
 1243037
 8983124
 8988155
 8984930
 8987401
 8987778
 1368520
 1368523
 1368527
 8985260
 8986295
 8986507
 8988384
 1364109
 8985645
 1010986
 1010988
 8986497
 8984836
 8984985
 8985249
 8988118
 1352357
 8989798
 8990872
 8990592
 8989468
 8992067
 1240957
 8931904
 8958349
 8968343
 8974162
 8979898
 8979879
 8980430
 1201621
 8983486
 8981803
 1381233
 8985190
 8986076
 8987661
 8988057
 8987701
 8985629
 8992228
 8991246
 8992176
 8989185
 8988827
 8989414
 8989737
 8991560
 8990346
 8992203
 8990221
 8991595
 8992104
 8991461
 8989539
 8990275
 8990449
 8990585
 8991389
 8991454
 8991873
 8991955
 8990843
 8988852
 8989179
 8988770
 8990926
 8990298
 8992054
 8948919
 8961943
 1339469
 1201213
 1160088
 8977457
 1305105
 8976343
 8980910
 8977645
 8980311
 8979465
 8983572
 8985297
 8987389
 1272554
 8988308
 8985715
 1366374
 8986171
 8989433
 8989151
 8991589
 8991655
 8991774
 8991793
 8991831
 8991863
 8992174
 8989603
 8987241
 8985116
 8916403
 1126407
 8917498
 8924764
 8934529
 1198469
 8945404
 8945614
 1339081
 8953047
 8956714
 8902584
 8987275
 8985329
 8981093
 1327248
 8961011
 8960478
 8962009
 8960527
 8992190
 8962147
 8963624
 8975544
 1393932
 8980236
 8985672
 8985375
 8949076
 8949248
 8949623
 8954549
 8953051
 8956915
 8955968
 8956015
 8956554
 8959557
 8963819
 8974708
 8981055
 8978087
 0978669
 8989221
 8991176
 8992300
 8992301
 8991912
 8992180
 8992018
 8942399
 8945511
 8951946
 8956385
 8960578
 8958906
 8961853
 8963438
 8979737
 8987904
 1191737
 8945890
 8959299
 1341965
 8972572
 8973077
 8972708
 8974287
 8977168
 1390711
 8980845
 8984241
 1341766
 8981536
 1291195
 8982709
 8982646
 1364080
 8982631
 1381224
 8981941
 1341311
 1341316
 1239595
 8987546
 8984830
 1366377
 8985444
 1243553
 8987337
 8987806
 1257748
 8990409
 1341863
 8989395
 8989846
 8989312
 8989165
 8991613
 1365508
 8991882
 1390733
 8947505
 8960277
 8960289
 8977130
 8978824
 8984396
 8982651
 1257713
 8986741
 8987381
 8986760
 8986346
 8986495
 8987912
 8990743
 8988455
 8989005
 8990957
 8989372
 8992153
 8915628
 8927418
 8932095
 8937959
 8938817
 8956821
 1336204
 8958476
 8959329
 8977056
 8979491
 8979644
 8977783
 8982218
 8984187
 0994471
 8983660
 1257705
 8984919
 8985871
 8985890
 8987889
 8987418
 8985589
 8987196
 1364250
 1332054
 8991694
 8988592
 8989696
 8988464
 8990859
 8991991
 8989451
 8989203
 8989330
 8988888
 8991004
 1243098
 8989310
 1249186
 8991008
 8989803
 8950094
 8969283
 8975229
 8974591
 1365436
 8984350
 8983937
 8987967
 8985783
 8985917
 8985857
 8987221
 8986685
 1175648
 1365469
 8987555
 8989057
 8991570
 8990404
 8991469
 8991946
 8990883
 8988623
 8990902
 8990207
 8991483
 8991749
 8990262
 8991996
 8989225
 8989469
 1175502
 8989885
 8990713
 8989589
 8988933
 8990554
 8990530
 8992031
 8944046
 8945677
 8953174
 8956053
 1196421
 8959051
 1196502
 8965499
 8966691
 8978112
 1368585
 8978051
 8981534
 8983538
 8981602
 8985855
 1011123
 8984783
 8987024
 8990543
 8990474
 8988555
 8991597
 1366386
 8989914
 8989311
 8989294
 8989304
 8990291
 8955359
 1368556
 8962146
 8963071
 8967651
 1010955
 8987468
 8990522
 8988887
 8992080
 8990212
 8992096
 1257735
 8976622
 8976193
 8975357
 8975192
 8974609
 8977615
 8981234
 8983953
 1239588
 8981805
 8981321
 8983132
 8983153
 8982153
 8982270
 8983082
 8985713
 1201746
 8987089
 8987758
 8987857
 8988015
 8985085
 8987396
 8987411
 8987475
 8987820
 8988077
 8987124
 8987529
 8986451
 8987670
 8986138
 8986557
 8988433
 8990768
 1332068
 8990813
 8989618
 8989628
 8989912
 8990801
 8992138
 8990051
 8990641
 8991081
 8991571
 8991726
 8991739
 8992162
 8992028
 1341861
 8989980
 8991878
 8988558
 8988732
 8991802
 8991843
 8991870
 8989954
 8989358
 8989739
 8991471
 1387165
 8992242
 8988503
 8989067
 8989896
 8991125
 8992129
 8989308
 8989582
 8990987
 8991902
 8988811
 8990879
 8991815
 8989764
 8988952
 8990412
 8989166
 8987755
 8987995
 1257746
 8992159
 1387052
 8991645
 8991977
 8988554
 8990045
 8990062
 8989680
 8990954
 1175518
 8989408
 8990099
 1243562
 8990100
 8989489
 8990990
 8988806
 8973626
 8982600
 1382602
 8986825
 8987484
 8985081
 1368504
 8986404
 8986436
 8992337
 8990689
 8988756
 8991562
 8989476
 8990714
 8989432
 8991303
 1387157
 1387167
 8991989
 8991740
 8991746
 8991245
 8989630
 8986229
 8987309
 8991983
 8988462
 8992029
 8990382
 8991505
 8990904
 1327316
 8982012
 8987021
 8984706
 8984923
 8985327
 8986181
 8989809
 8989507
 8882050
 8886568
 1236468
 8902306
 1281471
 8910161
 1236499
 8924754
 1336510
 8934136
 1198403
 1336571
 8939529
 8938410
 1198477
 1336529
 8944710
 8942994
 8948263
 8964170
 8987060
 8973760
 8974895
 8974861
 8983565
 0994466
 8987291
 8987938
 8986112
 8986250
 8987787
 8987984
 8987604
 8985657
 8985833
 8988320
 1175603
 8988241
 8990848
 8992294
 8992309
 8990657
 1332074
 1332080
 8990476
 8990312
 8991044
 8991747
 8991904
 8992149
 8992158
 8991210
 8988594
 1341862
 1239701
 8988866
 8989749
 8990381
 8990778
 8991530
 8992006
 8988695
 8988892
 8991534
 8992105
 8991727
 8990429
 8991513
 8991294
 8991497
 1387151
 1387170
 1387171
 8991965
 8989588
 8990913
 8991856
 8991943
 8990337
 8992043
 8992048
 8992056
 8992062
 8990525
 1175503
 8991850
 8990010
 8989339
 8990436
 1365319
 8988752
 8990463
 8990159
 8991765
 8990499
 1243564
 8991998
 8989668
 8989869
 8990661
 8990749
 8991979
 8990098
 8965225
 8965037
 8977280
 8979757
 8977695
 8979468
 8983973
 8985110
 8986105
 8988339
 8988109
 8986096
 8987359
 8984939
 8984852
 8989641
 8992246
 8988699
 8988997
 8991075
 8991208
 8988493
 8990771
 8989361
 8991327
 8989769
 8980047
 1381102
 8989197
 8979637
 8982624
 8984180
 8987246
 8991401
 8991028
 8990799
 8991508
 8992127
 8992216
 8990794
 8989585
 1387172
 1312303
 8992137
 8992291
 8991017
 8961434
 8978125
 1336250
 8985045
 8987906
 8939192
 8954101
 8959305
 8972975
 8971156
 8974888
 8982252
 1352151
 8985037
 1305481
 1352773
 8960844
 8951221
 8942149
 8960164
 1305724
 1305731
 8958631
 8966492
 8966501
 1305446
 8971030
 8974904
 8974397
 8980855
 8980413
 8980754
 1269975
 8979357
 8981809
 1366548
 8983475
 8986793
 1387041
 8986970
 8986664
 8986331
 8985270
 8988056
 1352774
 1381106
 8991825
 8991678
 8990767
 8991778
 8990209
 8989021
 1254371
 8838663
 8899828
 8922912
 8924097
 1128624
 1330244
 8939035
 8939488
 8940831
 8942977
 8941748
 1128560
 8946669
 8948529
 8945374
 8950428
 8950881
 8951540
 8951425
 1243078
 8955072
 8955764
 8953782
 8955599
 8951744
 8953747
 8951680
 8954884
 8955155
 8953066
 8954699
 8955982
 8956641
 8956648
 8957159
 8956808
 8963054
 8960641
 8962959
 8959110
 8961009
 8964183
 8964031
 8965050
 8969267
 8969070
 8966914
 8967633
 8969052
 8971630
 1293131
 8971263
 8976882
 8976584
 8977296
 8975398
 8977476
 8975199
 8979872
 8980813
 8981868
 8981915
 8982875
 8981520
 8983688
 8982107
 8986371
 8984727
 1201717
 1201719
 8984912
 8987462
 8986402
 8987900
 8985956
 8987152
 8987454
 1128067
 1366376
 8987623
 8985892
 1364127
 1364249
 8984806
 1362094
 1381103
 8986524
 8986547
 8988465
 8989148
 1332064
 8989836
 8991932
 8990925
 1341866
 8991907
 8988672
 8988456
 8989086
 8991928
 8992077
 8990193
 8990632
 8991683
 8989763
 8991536
 8990121
 1393525
 1393546
 1330341
 8973163
 8972414
 1382439
 8980342
 8983890
 1305476
 8935280
 8949187
 1327144
 8956557
 8959744
 8958997
 8967366
 8974011
 1393938
 1201200
 1387009
 1364090
 1010968
 1010981
 1201654
 8987511
 8987949
 8987445
 8985843
 8985903
 8987762
 1381153
 8987415
 1257726
 1257750
 1332071
 8990072
 8991973
 1341868
 8989384
 8990368
 8991146
 8991474
 8991045
 8989707
 8990097
 8989326
 8989375
 8988631
 8989081
 8991064
 8991016
 8949005
 1327116
 8958335
 8960044
 8965802
 8969120
 8969635
 8982610
 8985464
 8985478
 8986786
 8986753
 1393625
 1393635
 8988182
 8987082
 8986319
 8986213
 8986509
 8987001
 8987854
 1126766
 8989382
 8989142
 8989108
 8991292
 8991344
 8988475
 8988775
 8991546
 8988658
 8990856
 1364185
 8989658
 8941690
 8947376
 8948428
 8951817
 8954663
 8956592
 8961933
 8973670
 8973191
 8971638
 8970601
 8974749
 8976409
 8981294
 8978550
 1359037
 8983766
 8987561
 8985685
 1366347
 1366414
 8984798
 8987969
 8988724
 8990566
 8992266
 8989983
 8991173
 8992217
 8991026
 8991601
 8991914
 8991937
 8992038
 8991409
 8991698
 8990639
 8988810
 8990187
 8946157
 8969274
 1296231
 8976076
 8983148
 8981938
 8983635
 8983755
 8984411
 1387002
 8983778
 8981813
 8987416
 8987422
 1393637
 1243046
 8987047
 8990043
 8990364
 8988525
 8989396
 8991606
 8992111
 8992123
 8991019
 8991509
 1365149
 8991431
 8988689
 8990002
 8989856
 8969055
 8970762
 8980622
 8977729
 8979988
 0994470
 1366542
 8983495
 8982504
 8988275
 1366381
 1175641
 1305472
 1364235
 8987113
 8986245
 1366253
 8991118
 8988722
 8989685
 8990279
 8971447
 8952782
 8958171
 8958515
 1386173
 8969216
 8971198
 8972930
 8974689
 8976920
 8974600
 8979881
 8979992
 8977611
 8981210
 8981216
 8979541
 1365431
 8980945
 8983382
 8984291
 8982895
 8983493
 8982167
 8983663
 8983215
 8984728
 1201700
 8987442
 8985129
 8985912
 8987236
 8987383
 8988304
 1341325
 8985318
 8987536
 8985331
 8985816
 8985964
 8988036
 8988049
 8986780
 8987643
 1364118
 1243048
 8987756
 8989215
 8989780
 8991915
 8992263
 1223016
 8989567
 8991276
 1341864
 8988656
 8991895
 1272555
 8988552
 8989121
 8989771
 8990415
 8991252
 8991599
 8991623
 8992033
 8991677
 8989138
 8991487
 8988903
 8989955
 8989268
 8990964
 8992178
 8989037
 8988611
 8990247
 8991231
 8988849
 8988853
 8989143
 8989276
 8991704
 8989035
 8990067
 8990263
 8988813
 8988956
 8989189
 8989774
 8990901
 8989130
 8989639
 8990958
 8991341
 8990154
 8990969
 8989212
 8990302
 8991027
 8991620
 1362010
 1254368
 8966025
 8977384
 8974403
 8976443
 8980392
 8979581
 8979985
 8983655
 8981542
 8983714
 1291731
 1291732
 8988363
 8984522
 8986538
 8988194
 1364213
 8990411
 8990744
 8992226
 1393881
 1365233
 1198621
 8982643





