16-06-12
 1352045
 1352046
 8934595
 8925408
 8928947
 8934877
 8935927
 8939399
 8939955
 8938386
 8945117
 8945145
 8942753
 1393755
 8943371
 8947543
 8946096
 8948059
 8948508
 8948792
 8948748
 8951500
 8951507
 8951535
 8951463
 8951502
 8949893
 8950153
 8949772
 8922808
 8943923
 8946949
 8947231
 8948876
 8947932
 8945368
 8947222
 8951424
 8951456
 8949833
 8949488
 8951342
 8950326
 8950341
 8950358
 8950375
 8912358
 8914387
 8927743
 8927030
 8934762
 8934119
 1040447
 8932980
 8938868
 8939688
 8938496
 8944074
 1201062
 8941547
 8946355
 8946682
 8947774
 8946428
 8947562
 8948787
 8948976
 8947157
 8947540
 8945271
 1330387
 8945771
 8951150
 8950398
 8949620
 8949626
 8949468
 8950206
 8951335
 8949691
 8949890
 8949913
 8950007
 8950383
 8951311
 8951516
 8951572
 1188935
 8949597
 8950898
 8950267
 8949381
 8950223
 8949452
 8949695
 8950532
 1243077
 8949223
 8949420
 8949705
 8951330
 8945468
 8936915
 8935097
 8940412
 8942618
 8947708
 8948123
 8948145
 8948591
 8950310
 8949109
 8950664
 8951170
 8950654
 8949450
 1352697
 8936891
 8938566
 8942774
 8942949
 8941747
 8943207
 8944014
 8942131
 8944760
 8943106
 1243070
 1243072
 8941145
 8947953
 8946991
 8948545
 8948927
 8946661
 8948243
 8918724
 1240855
 1327484
 8927242
 8938428
 8937521
 8942365
 8942232
 8945517
 1249207
 8946593
 8945388
 8945499
 8937010
 8937014
 1327223
 1327226
 8945759
 1354113
 8949151
 8950643
 1359127
 8949282
 8950650
 8949333
 8950405
 1217436
 8935350
 8934538
 8938404
 8940920
 8938422
 8940835
 8937331
 8937335
 8937829
 8939034
 8935343
 8914810
 1352084
 8917496
 8924352
 8922866
 8926519
 1386470
 8932636
 8933401
 8937132
 8935594
 8935012
 8934878
 8937524
 8937427
 8939888
 8937593
 8944342
 8944593
 8942111
 1327205
 8943964
 1330328
 8941770
 8945265
 8945880
 8945436
 8947106
 8947484
 8945750
 8947414
 8947069
 8947617
 8946533
 8948273
 8948980
 8946555
 8947045
 8948039
 8948655
 8945340
 8946325
 8946380
 8946659
 8946937
 8947926
 8947304
 8946582
 8946781
 8945662
 8949427
 8951285
 8951351
 8950870
 8950973
 8951486
 8949411
 8951542
 8949335
 8949166
 8950181
 8951035
 8951274
 8951314
 8951353
 8951557
 8951568
 8951569
 8951067
 8950455
 8950851
 8949262
 8951130
 8950363
 8950686
 8934790
 8936396
 8947951
 8948914
 8948686
 8946070
 8947314
 8948349
 8945385
 8948299
 8945963
 8947288
 8949567
 8951253
 8951428
 8950200
 8951587
 1393812
 8949263
 8933634
 8937009
 8947964
 8948405
 8945336
 8951417
 8949203
 8916058
 8917721
 8917856
 8922830
 8923858
 8925114
 8928811
 8928995
 8933031
 8937129
 8934502
 8935755
 8934850
 8938453
 8941408
 8944032
 8943861
 8942776
 8943723
 8944007
 8947040
 8946108
 8947097
 8946860
 1327249
 8946736
 8946008
 8945757
 1305800
 1305425
 8951053
 8950986
 8951141
 8950553
 8944800
 8944522
 8937464
 8945664
 8945667
 8949068
 8948887
 8950171
 8919459
 8920715
 8917276
 8918472
 8919756
 8921916
 8921919
 8921921
 8921923
 8921926
 8918974
 8918798
 8925061
 8922276
 8924832
 8927792
 1327848
 8928861
 1243837
 8934171
 8934735
 8935300
 8935314
 8938389
 8938698
 8938819
 1327271
 8943363
 8944546
 8943327
 8943336
 8943353
 8943796
 8943824
 8943548
 1339468
 1201089
 8946264
 8947060
 8945842
 8948046
 8945565
 8945237
 8947711
 8945371
 1240951
 8934219
 8944532
 8938630
 8915458
 8925915
 8937108
 8929512
 8934866
 8939138
 8942916
 8942856
 8942300
 8942611
 8946095
 8946747
 8947598
 8948867
 8947718
 8948706
 8948358
 8948662
 8947786
 1354105
 8950585
 8951252
 8949734
 8951268
 8949433
 8949548
 8950485
 8950678
 8928532
 8941225
 8946566
 8947266
 1341037
 8945212
 8946028
 8946077
 8947827
 8948221
 8950916
 8949880
 8949276
 8951060
 8934006
 8937226
 8941581
 1352089
 8942912
 8943652
 8948030
 1201078
 8947515
 8945766
 1305795
 8949121
 8949122
 8949860
 8949820
 8949610
 8951434
 1393805
 8950818
 8949581
 8930943
 8933935
 8939272
 8937309
 8943187
 8942612
 8942675
 1202514
 8944419
 8948579
 8948430
 8948205
 8945618
 8947754
 8948217
 8949513
 8950781
 8951162
 8951393
 8950915
 8949519
 8950887
 8951563
 8950791
 8950925
 1312091
 8950439
 8949229
 8950269
 1336908
 1336909
 8920124
 8928000
 8927464
 8934581
 8934619
 8934029
 8933431
 8935053
 8940253
 1188756
 8939738
 8937851
 8941776
 8941002
 8944441
 8941520
 8945494
 8949056
 8947318
 8948379
 8947365
 1330407
 8949394
 8950823
 8950563
 8950477
 8950015
 8951326
 8946069
 8946694
 8945808
 8947358
 8945654
 8947023
 8947415
 8949787
 8949797
 8949165
 8949421
 8949113
 8950073
 8949840
 8921539
 8926081
 8925105
 8929501
 8932925
 8936960
 1284747
 1284748
 8939476
 8938362
 1175730
 1393761
 8943719
 8942492
 8943604
 8948313
 8948924
 8948737
 8945775
 8948210
 8946975
 8947607
 8948276
 1393797
 8946678
 8947615
 8948650
 8946230
 8946610
 8946939
 8948717
 8950575
 8950930
 1312071
 8951101
 8951231
 8951051
 8950303
 8950334
 8949252
 8949861
 8950314
 1336830
 1327422
 1327423
 8931752
 8934586
 8933207
 8942231
 8943413
 1327217
 8944207
 8942269
 8948636
 8946681
 8948794
 8947863
 8947721
 8948260
 8948353
 8948025
 8948128
 8949780
 8950056
 1354112
 8951134
 8949664
 8950128
 8949425
 8950801
 8949522
 8950724
 8951492
 8949969
 8950030
 1382351
 1240956
 8949442
 8949439
 8939681
 8945180
 8941743
 8947870
 8948138
 8946691
 8947159
 8946941
 8948977
 8946048
 8948614
 8945783
 8949505
 8951100
 8950601
 8949865
 8951363
 8949079
 8949437
 8951399
 8950695
 8933389
 1291711
 1382348
 8945986
 1330405
 1393703
 8933685
 8940843
 8939367
 8944101
 8942055
 8943272
 8945504
 8945507
 8946361
 8911040
 8911110
 8912104
 8911499
 8912101
 8915482
 8915364
 8920104
 8917671
 8918785
 8919898
 8922279
 8926782
 8926393
 8926395
 8926406
 8926440
 8926447
 8926501
 8926506
 8926560
 8926733
 8927157
 8927241
 8927903
 8931465
 8930763
 8930766
 8931392
 8933428
 8935467
 8932999
 8933926
 8935636
 8936560
 8935966
 8940815
 8937310
 8940096
 8941598
 8943020
 8945114
 8941588
 8942168
 8943060
 8948623
 8947330
 8948869
 8946846
 8945327
 8946128
 8945338
 8929718
 8931393
 8936875
 1220869
 1330207
 8938200
 8940873
 8938054
 8945038
 8941630
 8942720
 8941471
 8944562
 8946905
 8948848
 8946500
 1354194
 8946453
 8948733
 1341105
 1239299
 8947975
 8948230
 8948111
 8951550
 8949747
 8950939
 8950587
 8949188
 8949221
 8921795
 8927969
 8938148
 8943004
 8943335
 8943375
 8944453
 1330372
 8941464
 8942642
 8946429
 8947051
 8947656
 8945277
 8947007
 8948482
 8948859
 8947573
 8948037
 8947413
 8946395
 8947335
 8945548
 8946791
 8948569
 1196488
 8950761
 8950322
 8951182
 8951279
 8950446
 8949507
 8950590
 8950598
 1312069
 8951390
 8950597
 8950710
 8950929
 8949135
 8950190
 8950391
 8950504
 8950517
 8949426
 8950106
 8951002
 1196406
 8926299
 8928998
 8929022
 8926613
 8928597
 8929515
 8932824
 8930893
 8931422
 8933284
 1284717
 8933488
 8936426
 8936648
 8934845
 8937766
 8940491
 8938260
 8938837
 8939409
 8942737
 8941214
 8944879
 8944584
 8941928
 8945726
 8947321
 8945473
 8946148
 8948693
 8948930
 8946853
 8947526
 8947646
 8945486
 8947268
 1330421
 8948137
 8946595
 8949133
 8949726
 8950640
 8949434
 8949528
 8949871
 8949737
 8951509
 8951366
 8950492
 8950677
 8950002
 8950891
 8951402
 8947042
 8892785
 8911050
 8911220
 8911318
 8915324
 8921901
 8917563
 8922447
 1128626
 8929161
 8930238
 8931210
 8930796
 8932897
 8938216
 8938001
 8939083
 8942520
 8943860
 8947323
 8945691
 8948147
 8947087
 8948136
 8945202
 8945203
 8945718
 8945721
 8918768
 1240857
 1393674
 8929931
 8932519
 8934106
 8936282
 1327435
 1305783
 8936246
 8943242
 8944375
 8944598
 8941857
 8944628
 8944618
 1249206
 8948722
 8950689
 8950460
 8949925
 8949162
 8949379
 8950551
 8917752
 8921412
 8926544
 8929238
 8931245
 8941000
 8938015
 8938891
 8938160
 8940694
 1201296
 8944486
 8945119
 8942700
 1393774
 8942846
 8944925
 8941247
 1128562
 8943632
 8948872
 8948446
 8947691
 8948149
 8945573
 8946658
 8946765
 8948756
 8948786
 8948081
 8948347
 8948576
 8948627
 1393786
 8948007
 8948099
 8946163
 8947670
 8948484
 8948696
 8947050
 8947370
 8946420
 8947056
 8948303
 1254357
 8949839
 8949669
 8949561
 8949682
 8950960
 8951042
 8951306
 8950273
 8950526
 8950753
 8950966
 8951045
 8951206
 8949918
 8951012
 8951481
 8951508
 8951532
 8951195
 1393804
 8949119
 8949256
 8950296
 8950738
 8950941
 8951371
 8950255
 8950935
 8949602
 8950369
 8950542
 1336850
 8940823
 8945051
 8942665
 8941726
 1291788
 8928657
 1339625
 1339627
 8937428
 8942175
 1339391
 1352760
 1254210
 8946277
 8946042
 8950808
 8951229
 8950195
 8949587
 1312085
 8950673
 8949785
 8950795
 8949703
 1339654
 8950361
 8950735
 8950216
 1352692
 1352047
 1352967
 8943961
 1352131
 1312050
 8948754
 8946156
 8946733
 8949974
 8949938
 8949752
 8949709
 8950110
 8942250
 8947123
 8947604
 8948050
 8947453
 1393806
 8947676
 8930826
 8930645
 8935592
 8934088
 8936669
 8938239
 1126569
 8937437
 8943994
 8941087
 8943730
 8948146
 8945233
 8946283
 8947455
 8948245
 8947061
 8947110
 8945522
 8922423
 1313185
 1393729
 8940740
 8943425
 8944568
 8942437
 8946388
 8948247
 8947808
 8949014
 8947522
 8948268
 8948135
 1393787
 1393790
 8946543
 8948423
 8948759
 8945518
 8947296
 8948196
 8946974
 8947920
 8946324
 8948348
 1330415
 1330427
 8948133
 8946575
 8947188
 8947477
 8951117
 8950192
 8949943
 1239375
 8950615
 1284699
 8950324
 8949283
 8951153
 8951205
 8949233
 8949560
 8951578
 8949134
 8949307
 8949526
 8949176
 8949654
 8950583
 8949511
 8949594
 8950434
 1175748
 1175750
 8949565
 8950603
 8949180
 8949520
 8950556
 8949950
 8949545
 8921819
 8923245
 8928178
 1175719
 1175720
 8930934
 8930995
 8932012
 8933840
 8932892
 8935125
 8935132
 8934654
 8936642
 8933676
 8935392
 8936456
 1305771
 1305772
 8937424
 8938674
 1284655
 8938594
 8938035
 1191239
 8943299
 1330364
 1305419
 8947325
 8946103
 8946002
 8948134
 8947219
 8946138
 8949858
 8950370
 8950186
 8950832
 8951111
 8949349
 1393814
 8950730
 8949539
 8930977
 1330274
 1165512
 8946158
 1393784
 1393801
 1393802
 8947810
 8946737
 1330402
 8947158
 8950937
 8951140
 8951283
 8951452
 1284688
 8950848
 1393813
 8949962
 8951238
 8920631
 8939785
 8946251
 8948846
 1393800
 8947829
 8948702
 8946559
 8947082
 8917612
 8917782
 8932553
 8936386
 8939639
 8938439
 8940362
 8944709
 8945071
 8942623
 8944913
 8945050
 8945056
 8943970
 8948525
 8948223
 8948506
 8948884
 8947171
 8948139
 8948751
 8947471
 8949614
 8949733
 8949445
 8950663
 1393815
 8951400
 8950533
 8949093
 8950399
 8949729
 8949758
 8923630
 8922326
 8930001
 8930397
 1128800
 8931520
 8933760
 8935187
 8936840
 8936372
 8934787
 8936659
 1330234
 8938088
 8940880
 8938922
 8940738
 1040500
 8938345
 8940546
 8941389
 1198481
 8944642
 8941404
 1243071
 8943767
 1352132
 8948619
 8948252
 8946548
 8946909
 8948697
 8948703
 8948928
 8946886
 8945489
 8946113
 8945379
 8949713
 8949716
 8949914
 8951132
 8951406
 8951008
 8950831
 8951548
 1312062
 8949649
 8950971
 8950507
 8950123
 8950132
 1202528
 8949653
 1339080
 8950817
 8927998
 8928544
 8928589
 8937917
 1393757
 1128564
 8897159
 8913503
 8917945
 8918002
 8925733
 8936088
 8935348
 1386273
 8938862
 8937980
 8940570
 8940719
 8938337
 8943197
 8943642
 8944970
 8943171
 8944316
 1128113
 1305412
 8946567
 1126581
 8948062
 8947561
 8947300
 8947575
 8946527
 8948041
 8947283
 8947473
 8947982
 8946885
 8948034
 8947039
 8946000
 8948719
 1305421
 8948599
 8951230
 8951583
 8949265
 8949810
 8951401
 8951487
 8950661
 8949516
 8949678
 8949970
 8949740
 8950636
 8949684
 1312067
 8951374
 1339067
 1339082
 8930896
 8938718
 8937600
 8945000
 8944303
 8944369
 8944296
 8942091
 8946289
 8951454
 8949784
 8949917
 8951555
 8951561
 8950970
 8918035
 8925274
 8931322
 1327646
 8939687
 8939691
 8943834
 1191744
 8943379
 8943394
 8943630
 8945014
 8943877
 8944154
 8948294
 8948336
 8946352
 8948053
 8948832
 2354054
 8948828
 8946598
 8947661
 8947727
 1393799
 8947794
 8946524
 8946976
 8947492
 8945756
 8947387
 8947393
 8949184
 8950138
 8950317
 8949993
 8950045
 8950959
 8950651
 8951574
 8949807
 8899661
 8918335
 1336940
 1126497
 8922720
 8932216
 8931217
 8930990
 8935915
 8940997
 8938497
 8943398
 8944227
 8942179
 8941065
 1339647
 8949057
 8949058
 8945261
 8947227
 8949006
 8947410
 8947422
 8948615
 8947079
 8948440
 8948749
 1393781
 8947247
 8947582
 8947872
 8948179
 8948764
 8946537
 8949430
 8949424
 8951328
 8949975
 8950521
 1393810
 8950544
 8950888
 8949156
 1339066
 1339086
 1281949
 8949170
 8943661
 8946053
 8948941
 8948964
 8930724
 1327618
 8935066
 8940329
 1284659
 8940845
 8940472
 8937244
 8940141
 1040482
 8945076
 8945109
 8941497
 8944747
 8943983
 8944091
 8942524
 1341110
 8945666
 8947961
 8947955
 8948286
 8947687
 8945867
 8946940
 1330414
 8950033
 8950420
 8949657
 8949910
 8950911
 8949164
 8951526
 8951262
 1196497
 8949635
 1327387
 8936336
 1327641
 8941930
 8943863
 8945047
 8944300
 8944326
 8948894
 8945732
 8946314
 8948658
 8946363
 8946951
 8947417
 8947765
 8948668
 8948477
 8946098
 8946452
 8947454
 8948176
 8950260
 8949238
 8949646
 8933058
 8941616
 8941082
 1240887
 8943047
 1339395
 8942512
 8948055
 8918134
 8931216
 8933252
 8934261
 8938418
 8940149
 8939866
 8939992
 8941058
 8942706
 8942178
 8943190
 8942499
 8944277
 8942865
 8944312
 8941070
 8941492
 8945231
 8945357
 8945821
 8946535
 8947759
 8946863
 8947710
 0893799
 8946971
 8946078
 8946083
 8947841
 8948036
 8946726
 8947277
 8947419
 8948974
 8948743
 1393779
 8946538
 8945935
 8948001
 8945348
 8945964
 8946263
 8947475
 8946344
 8951453
 8949251
 8950424
 8949603
 8949576
 8951312
 8950368
 8949440
 8951543
 8950154
 8950626
 8950866
 8951190
 1284687
 8950984
 8949837
 8949879
 8950800
 8950884
 8951019
 8951510
 8951547
 8949344
 8949512
 8951536
 8950450
 8950462
 8950463
 8949414
 8949475
 8951209
 8949209
 8950352
 8950722
 8949225
 8950298
 8925535
 8927380
 8933204
 8937800
 8937972
 8937375
 8938472
 8940308
 8939873
 8943769
 8944270
 8943908
 8945004
 1243843
 8942240
 8947141
 8948885
 8827370
 8934142
 8947567
 8947234
 8947781
 8947485
 8920260
 8934223
 8938646
 8946323
 8948860
 8948319
 8948329
 1324023
 8936381
 1327355
 8944949
 8944421
 8948633
 8948939
 8948526
 8950313
 8949959
 8950357
 8951331
 8951208
 8951281
 8949808
 8951473
 8953773
 8954639
 8954973
 8955722
 8952453
 8953015
 8955668
 1393822
 1327713
 8917169
 8945083
 8951409
 8952372
 8954540
 8954361
 8954346
 1336901
 8913271
 1393545
 1393750
 1390443
 8944005
 8947965
 8950433
 8951086
 8951175
 8949465
 8949645
 8949272
 8949694
 8951113
 8949542
 8950058
 8950703
 1196404
 8951628
 8953169
 8952597
 8955376
 8954136
 1341187
 8954804
 8954687
 8953277
 8953941
 8954409
 8955253
 8955687
 8952703
 8952950
 8954713
 1175897
 8953291
 8953334
 8954138
 8954382
 8953140
 8954370
 8951797
 1330446
 8954169
 8952202
 8954547
 8953826
 8954965
 8953211
 8954921
 8955811
 8934294
 8942364
 8945407
 8945899
 8915205
 8932003
 8936763
 8938062
 8944604
 8942943
 8943374
 8953723
 8951647
 8952713
 8953772
 1371232
 1128627
 8930794
 8934301
 1188953
 8933958
 8935611
 8938203
 8942576
 1352565
 8945132
 8949403
 8950812
 8951126
 8951357
 8951512
 8950336
 8916396
 1115241
 8923635
 8926367
 8931885
 8934327
 8939869
 8940513
 8921287
 8920241
 8924010
 8922780
 8924214
 8927955
 8929641
 8929655
 8931124
 8932337
 1202707
 8933904
 8934127
 8935875
 8934210
 8937003
 8939306
 8939645
 8942177
 8942500
 8943488
 8945491
 8946557
 8946041
 8946892
 8946995
 8948259
 8948519
 8945351
 8946391
 8951592
 8950136
 8950337
 8949907
 8949189
 8949819
 8954049
 8954450
 8954457
 1393842
 1234870
 8954616
 1366466
 8954693
 8953693
 8952419
 8954928
 8955715
 1254225
 8934016
 8933374
 8943555
 1352600
 8946193
 8949816
 8952871
 8953908
 8953486
 1352563
 1352073
 8917814
 8920726
 8947476
 8948222
 8945722
 8950953
 8949388
 8950843
 8950974
 8951183
 8949200
 8949371
 8949764
 8951521
 8951523
 8951529
 8955753
 8955816
 8951609
 8953061
 8955659
 8954847
 8955165
 8955173
 8955482
 8953200
 1341163
 8952017
 8953223
 8953500
 8953379
 8952559
 8953221
 8954417
 8955354
 8955575
 8952603
 8953775
 8954375
 8952412
 8952723
 8953955
 8954130
 8954953
 8953030
 8951855
 8952952
 8954312
 8955360
 8952509
 8954412
 8954424
 8955449
 8954434
 8953769
 8955667
 8924222
 8942845
 1198406
 8946425
 1305423
 8949271
 8950191
 8947959
 8951093
 8912926
 8919796
 8917297
 8925275
 8923953
 8923359
 8923220
 8923731
 1327489
 1327494
 8929174
 8931274
 1165644
 8933850
 8934169
 8935841
 8935864
 8936435
 8938899
 8937617
 8943931
 1393775
 8942771
 8943410
 1128127
 1327213
 8941409
 8945997
 8948169
 8947190
 8947461
 8948537
 1188724
 1291579
 8950895
 8950518
 8952071
 8953347
 8951740
 8955319
 1291581
 8953501
 8954020
 8954220
 8952523
 8952972
 8954124
 8952210
 8953328
 8952455
 8953433
 8955423
 8940053
 8943774
 8945806
 8948654
 8899186
 8930485
 1327409
 8942244
 8947605
 8948399
 8950478
 8951044
 8952381
 8955153
 8955397
 8903628
 8930171
 8928407
 8931973
 8938911
 8941574
 8944831
 8947386
 1201082
 8947099
 8947053
 1201098
 8949118
 8949887
 1239370
 8950014
 8950104
 8951376
 8950374
 8955116
 8954574
 8955652
 8954125
 1341177
 8952969
 8952786
 8953802
 8953973
 8953533
 8952084
 8953592
 8953304
 1198421
 8955007
 8952279
 8952383
 8954388
 8951784
 8953866
 1324024
 1243513
 8952462
 8954374
 8944059
 8943944
 8946074
 1341109
 8946987
 8948663
 8947962
 8949107
 8949902
 8950304
 1336831
 8937517
 8942938
 8943527
 8942659
 8943898
 8941392
 8948072
 8948518
 8948051
 8949590
 8951427
 8924955
 8925952
 8925292
 1305390
 8927066
 8929253
 8926605
 8927130
 8929775
 1305404
 8928574
 8930667
 1175894
 8948895
 8949730
 8955808
 8952885
 8951890
 8955618
 8954429
 8952461
 8953073
 8953711
 8954834
 1393821
 8953830
 8953838
 8954646
 1175896
 8954090
 8938925
 8941727
 1201093
 8953829
 8954582
 8953587
 8954135
 8951736
 8951739
 1339089
 8952241
 8953300
 8953777
 8954410
 1352567
 1352763
 8893163
 8944893
 8944719
 8950545
 8950535
 8950584
 8951039
 8951257
 8949864
 8952228
 8955054
 1393845
 8936513
 1330355
 8948562
 8945376
 8949395
 8951575
 8951337
 8951234
 8951567
 8950811
 8949216
 8949360
 8950558
 8949805
 8949825
 8955149
 8951798
 8954140
 8954982
 8952378
 8953980
 1327148
 8954676
 8955283
 8952240
 8953156
 8919177
 8917155
 8945987
 8946365
 8947292
 8947610
 8947133
 8946932
 8947073
 8946759
 8949123
 8952838
 8953614
 8953118
 8951791
 8952363
 8952032
 8954431
 8952526
 8952054
 8953513
 8953166
 8914019
 8920029
 8918443
 8921312
 8918729
 8924625
 8924225
 8925429
 8922995
 8924413
 8929563
 8926913
 8926885
 8926871
 8928829
 8929407
 8932313
 8930676
 8931035
 8932412
 8932417
 8932422
 8931534
 8931791
 1393725
 8936884
 8934843
 8939098
 8938643
 8938051
 8944573
 8941848
 1128561
 8942709
 8944198
 8941708
 8942193
 8947939
 1354055
 8946006
 8946722
 8945354
 8945356
 8945728
 8945925
 8946968
 8947075
 8947918
 8946474
 8945592
 8946372
 8947164
 8951299
 8950042
 8950349
 8950552
 8950572
 8949986
 1126534
 8952990
 8955014
 8953352
 8953262
 8954447
 8955297
 8952311
 8954774
 8952506
 8955083
 8955102
 1359016
 8954401
 8952828
 8953346
 8922667
 8948620
 8947591
 8948475
 8947182
 8950292
 8954028
 8954830
 1126585
 8952456
 8952479
 8952883
 8955164
 8952543
 8954711
 8953796
 8954184
 1194844
 1366475
 1366479
 8954074
 8952364
 8953698
 8954570
 8953431
 8954270
 8954243
 1339145
 1339146
 8952016
 8954154
 8952572
 8952613
 8952941
 8953299
 8954621
 8926411
 8936584
 8935329
 8935340
 8940320
 8940551
 8945739
 8947091
 1393788
 8947787
 8951079
 8951391
 8951692
 8953378
 8954051
 8952324
 8952358
 8954765
 8954952
 8955334
 8954669
 8952719
 8954357
 8952507
 8954057
 8954652
 8952270
 8890311
 8894875
 8894051
 8898159
 8898474
 8901582
 8906221
 8904771
 8904715
 8906564
 8906567
 8910861
 1126377
 8917714
 8922076
 8925936
 8934154
 8934005
 8937983
 8912339
 1201076
 8948189
 8951166
 8952555
 8955321
 8954309
 8952854
 1393798
 8912388
 8927642
 8934546
 8933280
 8935219
 8934771
 8954868
 8918526
 1330213
 1330199
 8938783
 8939149
 8939772
 8943829
 1330397
 8893729
 8947085
 8945342
 8945353
 8950985
 8951009
 8951271
 8949266
 8949312
 8950774
 8951818
 8953714
 8953888
 8955630
 8955383
 8952535
 8953356
 8953851
 8951867
 8916426
 8931874
 8935820
 8939844
 1327277
 8937719
 8937369
 8944179
 8943252
 8942191
 1269971
 8942337
 8948648
 8947826
 8946381
 8945375
 8951426
 8950096
 8951177
 8952728
 8953841
 8953678
 8954166
 8952657
 8953445
 1164011
 8951893
 8938094
 8944449
 8946346
 8948127
 8947495
 8946627
 8948120
 8949573
 1312065
 8954037
 8953143
 1359017
 8952207
 8953577
 8911975
 1198511
 8918288
 8919951
 8919969
 1330176
 8927956
 8934737
 1386267
 8944381
 8946749
 8948298
 8946402
 8948129
 8947650
 1354056
 8951538
 8951546
 8951176
 8951107
 8951515
 8951537
 8949619
 8950513
 8950698
 8949436
 8954926
 8955347
 8955380
 8952975
 8953248
 8953303
 1341161
 8954010
 8954202
 8953671
 8954509
 8955438
 8955620
 8955624
 8955633
 8952538
 8954226
 1382293
 8951942
 8952271
 8952846
 1243521
 8953048
 8955461
 8952656
 8954536
 1284673
 8939070
 8940317
 8937478
 8940649
 8937383
 8943085
 1312027
 8948673
 8947008
 8947161
 8951356
 8950261
 8950309
 8949173
 8951534
 8950023
 8953564
 8955138
 8952043
 8952428
 1341196
 8952617
 8954491
 8955794
 8954882
 8952298
 8952889
 8953645
 1324030
 8955544
 1196415
 1279892
 8894019
 8898993
 8901276
 8905401
 8907809
 0962192
 8913554
 8919322
 8924348
 8924363
 8929191
 8934172
 8936594
 8935645
 8938142
 8938066
 1040481
 8938825
 1352128
 8941737
 8946467
 8947487
 1354181
 8949724
 8949822
 1312064
 1249214
 1281480
 8954080
 8953641
 8954219
 8953588
 8952000
 8953607
 8954031
 1175895
 8954749
 1160079
 8952209
 8952248
 8953215
 8948296
 8946269
 8950768
 8949303
 8950775
 8955647
 8955459
 8955494
 1393820
 8952862
 8952470
 8954449
 8952940
 8951993
 8952069
 1339088
 8955309
 8954978
 8932610
 8931524
 8940159
 8940017
 8942413
 8945045
 8941898
 8944293
 8948154
 8948768
 8947587
 1330432
 8949661
 8949710
 8954096
 8955421
 8953177
 8955131
 8952192
 8953286
 8953793
 8954496
 8955140
 8955189
 8955207
 8955585
 1393554
 8952505
 8953573
 8954987
 8952305
 8955167
 8952377
 8953441
 8954735
 8955558
 8951672
 8953918
 8954533
 8955777
 8955490
 8953634
 8955019
 8955152
 8955159
 8955632
 8955646
 8952314
 8954107
 8952960
 8952394
 8952958
 8953958
 8953016
 8953108
 8954092
 8954208
 8952606
 8954658
 8954891
 8951700
 8952602
 8954521
 8951997
 1324033
 8954502
 8953182
 8952048
 1366509
 8953574
 8953663
 8923267
 1352699
 8953901
 8953703
 8955004
 8955025
 8953879
 8954443
 8955422
 8953543
 1366461
 8955729
 8952517
 8951972
 8954379
 1328104
 8954064
 1393833
 8954683
 8955230
 8951877
 8954132
 8954201
 1352322
 8926045
 8938397
 8941511
 8943613
 8945640
 8951491
 8950997
 8952112
 8926723
 8933246
 1336629
 8951565
 8949354
 8950912
 8950567
 8940848
 8944376
 1330378
 8947399
 8951193
 1239377
 8949843
 8949570
 8952295
 8951617
 8953555
 8952807
 8954561
 8954688
 8955689
 8954397
 8955419
 8955546
 8953288
 8955249
 8952585
 8953219
 8953638
 1341152
 1341153
 1341162
 1341175
 8955404
 8951673
 8954390
 8954824
 8955327
 8955430
 8952480
 8954957
 8951819
 8952099
 8952288
 8953053
 8953886
 8955061
 8954861
 8952874
 8955364
 8955261
 8954349
 8954548
 8954742
 8952790
 8951966
 8951778
 8953847
 8954112
 8954171
 8955568
 8954002
 8952404
 8952841
 8954755
 8954330
 8955611
 1305714
 8954371
 8952230
 8935016
 8946477
 8947915
 8950480
 8952898
 8955765
 8955673
 8955553
 8953809
 8952691
 8953779
 1305712
 1336636
 8952476
 1336285
 8953287
 8953315
 8942453
 1330399
 1330401
 1393817
 8951649
 8953695
 8952384
 8952747
 1393830
 8951870
 8955382
 8953007
 8952231
 1324035
 1324039
 8953991
 8952219
 8955498
 8953336
 8913915
 1382274
 8926989
 8926995
 8927660
 8932107
 8935290
 8935487
 8937114
 8934287
 8934295
 8935868
 8939226
 1327305
 8942074
 8948491
 8947135
 8946067
 8946353
 8950514
 8949686
 1393807
 8915034
 8928765
 8928250
 8944937
 8948625
 1393796
 8950297
 8950135
 8949738
 8950506
 8951443
 8949866
 1339076
 1339079
 1352700
 1196498
 8950443
 8949368
 8918598
 8918611
 8925010
 8923275
 8929136
 1342500
 8932059
 8935393
 1342441
 1386440
 8932940
 8933635
 8933304
 8933221
 8935033
 1330226
 8934823
 8933230
 8933475
 8933956
 8938007
 8939735
 8940653
 8937830
 8938607
 8937831
 8940313
 8940408
 8938707
 8939901
 8938234
 8940426
 8937634
 8937637
 8937650
 8938618
 8940006
 8939440
 8939461
 8940522
 1336527
 1336521
 1336522
 1336523
 1336524
 1336525
 1336526
 8937540
 1352080
 8939279
 8943646
 1341005
 8943315
 8944197
 8944045
 8945025
 8944657
 8942770
 8944008
 8942509
 1339705
 8941880
 8944306
 8945860
 8946746
 8947801
 8948612
 8948628
 1341031
 8947444
 8948578
 8948058
 1296213
 8946005
 8948664
 8947660
 1202525
 8946196
 8946901
 1330388
 8945497
 1336634
 1336635
 1201097
 8949736
 8950250
 8950644
 1284690
 8951405
 1312082
 8951333
 8951513
 8949753
 8950861
 1339656
 8949508
 8955778
 8955402
 8953382
 8952119
 8953256
 1341186
 8953824
 8955307
 8955389
 8955536
 8955628
 8954259
 8954087
 8952915
 8954685
 1324008
 1324009
 8952836
 8952082
 8952974
 8953877
 8954531
 8911233
 8941683
 8950473
 8953848
 8933777
 1386262
 1393742
 1175733
 8941621
 8946997
 8947286
 8946576
 8945909
 8945720
 8946978
 8947301
 8949336
 8950890
 8949161
 8951120
 8949831
 8950872
 8949127
 8950348
 0978482
 8951897
 1126587
 8952328
 1354125
 1341185
 1341197
 8954342
 8954284
 8954808
 8955499
 8954956
 8955212
 8952855
 8953485
 8951691
 8952498
 8951812
 8952729
 8952482
 8945612
 8949675
 1393811
 8955310
 8952873
 8952818
 8954734
 8953355
 8951754
 8954778
 8952085
 8955337
 8952485
 8954959
 8953631
 8920393
 8947172
 8949759
 8950846
 8951933
 8954244
 8951664
 8955006
 8953906
 8952036
 8952001
 8953590
 8954089
 8951874
 8954070
 8955059
 8924882
 1339644
 1339714
 1339716
 8942927
 1198484
 8947033
 8949320
 8949867
 8951449
 1352693
 8952148
 8951622
 8951730
 8954405
 8955495
 8954210
 8955263
 8955509
 8954738
 8955417
 8955579
 8955705
 8952474
 8954006
 8954516
 8954938
 8954839
 8955557
 8951340
 8933127
 8940201
 8943079
 8943819
 8942105
 8944037
 8944625
 8949066
 8945749
 8947619
 8946313
 8945753
 8947058
 8947550
 8948227
 8951345
 8951455
 8949525
 8949593
 8951528
 8955294
 8955301
 8952273
 8954704
 8953027
 8952452
 8952992
 1330448
 8952259
 8953146
 8924464
 8936523
 8940543
 1327642
 8941524
 8943507
 8947429
 8947600
 8945898
 8947239
 8948574
 8948359
 8947006
 8949848
 8949658
 8955757
 8952967
 8951815
 8951734
 8952899
 8953343
 8954657
 1198414
 8954442
 8955037
 8929453
 8931096
 8941165
 8941882
 8943427
 1352092
 8941728
 8949832
 8921240
 8926186
 8922208
 1296925
 8939702
 8943802
 8941224
 8942790
 8943842
 8948121
 8948279
 1291710
 1305798
 8950281
 8950790
 8951524
 8951530
 8950167
 8951254
 8949997
 8950320
 8950838
 8950355
 8952321
 8952834
 8953164
 8953127
 8954803
 8951790
 8951975
 8955044
 8955348
 8955516
 8955582
 8953997
 8955491
 8952481
 8955372
 8953502
 8953989
 8955303
 8953212
 8951656
 8952175
 8955048
 1324051
 8954527
 8932202
 8933801
 8937969
 8942850
 8942108
 8944287
 8946716
 8946455
 8946599
 8945347
 8949704
 8950827
 8950466
 8949110
 8954562
 8953005
 8955720
 8955332
 1296217
 8889480
 8925116
 8923628
 8927356
 8928222
 8931697
 8933167
 8933553
 8943301
 1312018
 8944339
 1336613
 8950347
 8950354
 8953271
 8953625
 8953097
 8954594
 8953237
 8953241
 8921753
 8953861
 8953682
 1336286
 1336287
 8946437
 1128258
 8923164
 8945129
 8948554
 8950193
 8955572
 8951821
 8952097
 8955637
 8955693
 8955209
 1161790
 8958299
 8958338
 8957783
 8957994
 8958064
 1010550
 8957019
 8958097
 8957883
 8956487
 1234732
 8957998
 8915368
 8939759
 8946357
 8950934
 8950458
 8953843
 8952256
 8958089
 8957776
 8957153
 8903925
 8931149
 8938543
 8942038
 8945723
 1393809
 8949201
 8952880
 8953180
 8953857
 8952705
 8955331
 8955615
 8955675
 8952716
 8955560
 1354088
 8957972
 8957463
 8957532
 8958167
 8956124
 8957941
 8956421
 8957898
 8956994
 8958157
 8958298
 8957921
 8958234
 8955948
 8957962
 8958227
 8956479
 8955974
 8956587
 8956474
 8956492
 8957700
 8956240
 8951884
 8956113
 8957425
 8956930
 8944902
 1201086
 8950524
 8935531
 1234852
 8945510
 8953279
 8946419
 8950548
 8954901
 8956369
 8957728
 8957789
 8956558
 8917149
 8917156
 8918098
 8922361
 8933865
 8936217
 8937224
 8938196
 8940852
 1128559
 8947700
 8949830
 8949546
 1239381
 8953721
 8955690
 1128156
 8952943
 8954629
 1201400
 8955812
 1327143
 1254224
 8957166
 1359131
 8956359
 8956616
 1381201
 8955855
 8949527
 8956193
 8956085
 8882342
 8926070
 8932546
 8936236
 8940502
 8942265
 8942895
 8943564
 8941733
 8941486
 8948819
 8946149
 8947973
 8946436
 8951320
 8950022
 8950641
 8951517
 8955041
 8955056
 8954567
 8953389
 8954728
 8955233
 8955365
 8955413
 8951917
 8952169
 8953709
 8955313
 8955587
 8955605
 8952743
 8955211
 8955409
 8952599
 8951723
 8952281
 8952388
 8951943
 8951842
 8953422
 8952619
 8956141
 8956982
 8957616
 8955868
 8957930
 8958309
 8956790
 8957642
 8958123
 8958265
 8957449
 8957071
 8956675
 8958206
 8958213
 8958356
 8956636
 8957180
 8957829
 8958054
 8958142
 8957444
 8956301
 1202541
 1202548
 8957539
 8957108
 8956705
 8957281
 8917168
 1243073
 1305413
 1305415
 8946237
 1305422
 1305424
 8949195
 8951407
 8953531
 8953756
 8955773
 8955226
 8955089
 8954142
 1240894
 1305711
 8957845
 8956997
 8957713
 8956818
 8956832
 1327257
 8952218
 1201211
 8952426
 8952932
 8953872
 8953387
 8952309
 8927264
 8936167
 8932860
 8933882
 8936511
 1336582
 8940071
 1126561
 8944708
 8945748
 8947898
 8950546
 8949608
 8952608
 1341176
 1393836
 1393839
 8953957
 8954306
 8952010
 8952355
 1366467
 8953597
 1382295
 1382296
 8952750
 8955176
 8951872
 8952200
 8955883
 8956958
 8956909
 8956691
 8956279
 8951431
 8950182
 8957365
 8958102
 8957418
 8957614
 8935640
 8933459
 8940574
 8943938
 8941742
 8948360
 1312030
 8947717
 8950246
 8950618
 8949824
 8952594
 8953078
 8952625
 8952639
 8952650
 1196418
 1196408
 8955862
 8944608
 8950595
 8951387
 8955193
 8941624
 8945316
 8946018
 8952634
 8954436
 1366458
 8952532
 8956907
 8925175
 8928608
 8934354
 8934360
 8942773
 8921333
 8945688
 8947620
 8950549
 8951519
 8949687
 8949783
 8949909
 8953926
 8955351
 8955240
 8955453
 8955046
 8952052
 8952074
 8952237
 8953956
 8955578
 8955727
 8954133
 8951881
 8953435
 1330443
 8951731
 8953075
 8953321
 8953493
 8953224
 8956986
 8957057
 8957903
 8957907
 8958218
 8958350
 8957818
 8958210
 8956151
 8957646
 8957729
 8933504
 8948322
 8950345
 8951479
 1393843
 8953004
 8951728
 8951729
 8956911
 8958044
 8946329
 8954943
 8951841
 1366468
 8953000
 8953626
 8954573
 8956186
 8958088
 8956875
 8957462
 8957794
 8958010
 8956305
 8954479
 8955308
 1393844
 1240071
 8934057
 8935365
 8935331
 1330406
 1284697
 8952332
 8954308
 8953811
 8954404
 1252502
 8952387
 8953619
 8956831
 8958344
 8956523
 8957476
 8958184
 8957905
 8956097
 8958144
 1393853
 8957016
 8956836
 8956158
 1191728
 8942696
 8942323
 8942227
 8943046
 8946768
 1312038
 8945627
 1336639
 8945493
 8949535
 1339171
 8951062
 8955256
 1354128
 8953623
 8952647
 8953633
 8954251
 8954942
 8955361
 8952458
 1188762
 8954698
 1234875
 8951860
 8954267
 8951687
 8952203
 8952802
 8952349
 8953058
 8953701
 8954303
 1352762
 8958394
 1393857
 8956425
 8956687
 1160085
 8957132
 1163181
 8952563
 8954471
 8957292
 8956570
 8956269
 8897714
 8894919
 8894924
 8912776
 8915854
 8917224
 1393520
 1393522
 8919256
 8919959
 8923799
 8923558
 8928943
 8929066
 1126553
 8936278
 8935476
 8935960
 8936670
 8940562
 8939922
 8940177
 8945095
 8943590
 8942966
 8943237
 8943849
 8941820
 8945272
 8946472
 8946897
 8948290
 8946900
 8947584
 8950311
 8951169
 8950271
 8953036
 8952103
 8954032
 8954239
 8951746
 8953621
 1393837
 1313248
 8952767
 1240080
 8953179
 8952151
 8953357
 8953558
 1390498
 8952825
 1243518
 8954558
 8954812
 8955478
 8953722
 8958343
 8955990
 8956525
 8958013
 8956271
 8958087
 8956183
 8957935
 8956816
 1175969
 8956613
 8956975
 8925551
 8929757
 8935171
 8944307
 8943905
 8948157
 8947752
 8948312
 8947704
 8950560
 8952510
 8953895
 8954396
 8955323
 1393819
 8955312
 8954081
 0775778
 1291713
 8951774
 8954327
 1196413
 8956693
 8958270
 8958311
 8956925
 8957732
 8956540
 8957412
 8957545
 8955915
 8958147
 8958310
 8957540
 8956759
 8958259
 8956104
 8956205
 8956637
 8891572
 8898633
 8902267
 1014411
 8909207
 8906565
 8906571
 1313348
 8912381
 1239314
 1239251
 8916427
 8917466
 8916963
 8922334
 8922338
 8929146
 8932808
 1126555
 8935184
 8937300
 8939718
 8942305
 1128107
 1339062
 1339071
 8932314
 8939487
 8939517
 8940972
 1330386
 8956120
 8956045
 8957730
 8925263
 8943049
 8947549
 8950649
 1175749
 8952731
 8952326
 8958402
 8957658
 8957726
 8956307
 8957983
 8958209
 8958261
 8958314
 8958182
 8957879
 8956801
 8958262
 8924734
 8930959
 8936844
 8939628
 1201058
 8941204
 1330359
 8945234
 8945456
 8947654
 1239298
 1240891
 8946487
 8946252
 8947037
 8947506
 8950019
 8950372
 8949982
 8950714
 1312061
 1312070
 8951349
 8949473
 1196405
 1201205
 1201207
 8954864
 8954850
 8955639
 8953259
 8953317
 8955645
 8953740
 8954476
 8955657
 8953103
 8953225
 8951844
 1328105
 8953181
 8955201
 8955888
 8958071
 1341145
 1341148
 8956450
 8956116
 8958327
 8957283
 8956864
 8957391
 8957017
 8957026
 8926821
 8944077
 8954955
 8953434
 8955387
 8953856
 8955278
 8953593
 8956732
 1266781
 8957499
 8935730
 8937806
 1339167
 8945843
 8947722
 8948556
 8951303
 8949885
 8954586
 8954966
 8955182
 8955716
 8951775
 8953148
 8954402
 8955681
 8952875
 1196414
 8953227
 8956155
 8958340
 8956974
 8957978
 8956454
 8957409
 8958295
 1160050
 8957673
 8928096
 8936484
 8933814
 1330202
 8938371
 8942950
 8945541
 8949554
 8954273
 8955340
 8954825
 8955583
 1393824
 1393827
 8952247
 8952936
 8957711
 8957439
 8957736
 8957050
 8957536
 8957968
 1393854
 8957296
 8957695
 8958176
 8956298
 8956509
 1163179
 8861491
 8935857
 8947273
 8948494
 8955175
 1339090
 8952753
 1393866
 8955963
 8957151
 8956149
 8927353
 8928760
 8949292
 8955166
 8955523
 8957761
 8957340
 8957664
 1249216
 8957620
 8958232
 8957975
 8957939
 8931663
 8935415
 8940054
 8939161
 8946295
 8948295
 8948665
 8948989
 8948534
 8946243
 8947466
 8948317
 1239402
 8951016
 8949471
 8950278
 8950338
 8953891
 8953238
 8953337
 8955660
 8953468
 8952120
 8954085
 8952177
 8953272
 8955550
 8953278
 8955701
 8953868
 8952959
 8953898
 8954060
 8951813
 8952266
 8952604
 8954671
 8953649
 8957455
 8957167
 8956555
 8956601
 8956942
 8958165
 8958342
 8957708
 8957724
 8957793
 8957796
 8958045
 8958076
 8958168
 1010519
 8957764
 8957826
 8958106
 8957718
 8956481
 8957547
 8957902
 8957909
 8956146
 8957124
 8957129
 8957284
 8957440
 8957315
 8958177
 8957220
 8957944
 8958285
 8957640
 8957636
 8957762
 8957840
 8957040
 8957799
 8957191
 8956154
 8956164
 8936849
 1393723
 8937703
 8948224
 8945644
 8945585
 8947644
 8949308
 8950921
 8950367
 1327708
 8954566
 1393835
 8953472
 8953534
 8957111
 1393875
 8957338
 8956395
 8934080
 8949672
 8950876
 8951619
 8954852
 8955683
 8951920
 8952773
 8953456
 8954042
 8954636
 8956583
 1354119
 8956136
 1393863
 8957965
 8957627
 8957524
 8956906
 8949106
 8954411
 8956079
 8956283
 8895685
 8914601
 8927392
 8931977
 8947663
 8945922
 8949130
 8949750
 8952931
 8954036
 8951665
 8953823
 8953413
 8952742
 8955991
 8955886
 8938122
 8939235
 8941674
 1327203
 8946526
 8947191
 8947120
 8947809
 8948180
 1239401
 1284680
 8954678
 8952345
 8953889
 1239382
 8953815
 8953629
 8955247
 8952375
 8955186
 8953476
 8952692
 1324038
 1336532
 8955951
 8957273
 8957608
 8958121
 8958336
 8956498
 8957433
 8957671
 8957816
 8957855
 8957873
 8957931
 8958011
 8958099
 8958212
 8958224
 1010530
 1341134
 1341143
 8957596
 8956030
 8957512
 8957602
 8958090
 8957948
 8958239
 1393862
 8956308
 8956757
 8957508
 8956331
 1252513
 8957388
 8957464
 8957637
 8958290
 8958291
 8956433
 1359128
 8956577
 8956005
 8956469
 8956716
 8957683
 8956202
 8956515
 8957402
 8957583
 8958002
 8937535
 8941190
 8948856
 8945835
 8950468
 8953539
 1126597
 8958341
 8958348
 1354096
 8957918
 8958264
 8957480
 8957528
 8956538
 8957301
 8957819
 8957199
 8956012
 8957530
 8957160
 1327132
 8946817
 8947524
 8953056
 8954958
 8955343
 8955353
 8955606
 8953110
 1366453
 8954664
 8952034
 8952954
 8957896
 8957675
 8958242
 8957615
 8958112
 1252452
 8956057
 1186735
 1327198
 1296919
 1327946
 1327780
 1327792
 1296922
 1327748
 1330162
 1330156
 1330155
 1330169
 8922683
 8924809
 1234729
 1128759
 1327412
 1327419
 1327421
 8931646
 1339159
 1339160
 1339161
 1339162
 1339163
 8934130
 8939439
 8937605
 1330266
 1330267
 1330268
 1330269
 1330270
 1284678
 1327219
 8947017
 1330390
 8951605
 8939389
 8941415
 1202516
 8947849
 8949342
 1126533
 8954172
 8943052
 8951071
 8951439
 8950214
 1339072
 8950515
 8954430
 8954915
 8952736
 8955142
 8955447
 8955663
 8952465
 8953504
 8952072
 8955654
 8953496
 8952290
 1243516
 8952595
 8953946
 1328056
 1281486
 1352321
 8912124
 8923027
 1296574
 8932649
 8932587
 8934650
 8937143
 8933328
 8934152
 8940284
 8938991
 8944390
 8941458
 1201073
 8945952
 8945535
 1330385
 8950755
 8951444
 8951437
 8953582
 8952009
 8953664
 8955385
 8954752
 8951847
 8952887
 1128153
 8953798
 8955721
 1198486
 8955273
 8951875
 8954581
 8953167
 8954787
 8956380
 8957113
 8956529
 8958296
 1322003
 8957162
 1341133
 8955960
 8956604
 8957706
 8957971
 8958110
 8958318
 1393861
 8957765
 8957815
 8956229
 8956774
 8958323
 1175653
 8957474
 8956760
 8957249
 8957453
 8956428
 8957137
 8956182
 8957876
 8957882
 8953719
 8952882
 8952348
 8920913
 8918715
 8929740
 8927511
 8934250
 1128112
 8945598
 8945604
 8949895
 8953520
 8955107
 8951741
 8952087
 1327146
 8951788
 8953578
 8953770
 8954428
 8952513
 8953354
 8953667
 8954141
 8953554
 8952183
 8953960
 8953792
 8957612
 8956041
 8956605
 8957098
 8958294
 8956643
 8957204
 8957172
 8957527
 8956678
 8957792
 8957801
 8956020
 8957069
 8947209
 8958273
 8942746
 8951816
 8955270
 8952079
 8955220
 8953313
 8954023
 8958131
 8956932
 8956728
 8957290
 8957437
 8958139
 8958324
 8956394
 8929051
 8937841
 8937306
 8950624
 8949821
 8954708
 8955050
 8955616
 8954644
 8951805
 8953954
 8954653
 1296214
 8952870
 8952533
 8952565
 8954264
 8954878
 8952791
 8952282
 8956694
 8956795
 1393867
 8956036
 8956040
 8956332
 8956680
 8956391
 8956357
 8957347
 8957021
 8917661
 8929843
 8935818
 8935575
 1393752
 1240888
 8943245
 8948681
 8946497
 8947679
 8948344
 8947652
 8950797
 8949131
 8949157
 1281484
 1281483
 8951657
 8951843
 8953553
 8952315
 8953010
 8954534
 8955586
 8953289
 1327142
 8954272
 8955242
 8953109
 1330437
 8954902
 8957395
 8958208
 8958236
 8956751
 8957759
 8956805
 8957846
 8958163
 8938531
 8945534
 8955246
 8955043
 8937876
 8937948
 8945178
 8947436
 8948765
 8951201
 8955589
 8955390
 8954779
 8953043
 1202536
 8955500
 8954504
 8952347
 8956280
 8956640
 8957740
 8958256
 8958204
 8958216
 8957252
 8955972
 8930787
 8937336
 8944286
 8945264
 8945924
 8947427
 8947346
 8952396
 1234873
 8952546
 1198417
 8951863
 1324020
 8958152
 8956297
 8957558
 8957203
 8955902
 8956350
 8956685
 8935646
 1359011
 8948175
 8955108
 8953699
 8954069
 8953282
 1386461
 1371298
 8934757
 8938075
 8942180
 8947448
 8948699
 8948741
 8947257
 8945700
 1201095
 8950038
 8950377
 8951236
 8951332
 8951055
 8951025
 8949102
 1201210
 8954088
 8954469
 8952409
 8952430
 8955057
 8952277
 8953660
 8954245
 8955318
 8955774
 8954520
 8953229
 8954359
 8955174
 8954416
 8955021
 8954109
 8951947
 8953381
 8951735
 8951737
 8955071
 8951918
 8953165
 8955362
 8953231
 8957906
 8956232
 8956351
 8956358
 8958134
 8958306
 8958377
 8957006
 8956323
 8956491
 8956513
 8956593
 8956681
 8957628
 8957525
 8957735
 8957843
 1341140
 8957079
 8957033
 8957515
 8958103
 8958166
 8958169
 8958195
 8958220
 8957626
 8957427
 8958183
 1393855
 8957505
 8957511
 8956147
 8956615
 8956440
 8956979
 8956010
 8956833
 1202961
 8957116
 8957556
 8956489
 8956153
 8957181
 8957702
 1163176
 8943125
 8948767
 8948246
 8950853
 8951520
 8950849
 1175968
 8954105
 8954422
 8952763
 8953296
 8951712
 1324026
 8953404
 8957487
 8957712
 8956145
 8900443
 8934397
 8936000
 1393778
 8948274
 1291580
 1339070
 1339078
 1240078
 8955082
 8956322
 1393858
 1234869
 8937970
 8940051
 8948192
 8947221
 8955171
 8955200















