16-06-18
 8973638
 8977028
 8981703
 8941123
 8952293
 8958818
 8962312
 8967766
 8973008
 8975532
 8977905
 8978450
 8983097
 8983428
 8983179
 8986633
 8987424
 8987917
 8988130
 8984760
 8984940
 8987352
 8987761
 8987769
 8988008
 8984624
 8985090
 8984644
 8988205
 8952162
 8969903
 8983658
 1379324
 1366309
 1366315
 8982785
 8983670
 8983021
 8987214
 8987226
 8987948
 8985852
 8987780
 8940900
 8946709
 1202958
 8961851
 8958804
 8962012
 1243544
 8961599
 8961966
 8964507
 8967919
 8968387
 8971857
 8970729
 8971460
 8977103
 8974919
 8977323
 8981268
 8978458
 8980339
 8978131
 8978415
 8979810
 8980589
 8977950
 8980010
 8978769
 1126751
 1126758
 8982633
 8984436
 1341803
 1341784
 8984064
 8983054
 8983092
 8981371
 1359029
 1359035
 8983327
 1364037
 8981671
 8982011
 8984033
 1249174
 1201740
 1201670
 8986838
 8986985
 1223005
 8987161
 8987171
 8985588
 1239594
 8986292
 8984697
 8984771
 8988003
 8988311
 8984501
 1296239
 1175615
 1175609
 1175626
 1175638
 8986054
 8987302
 8987319
 1304020
 8985649
 8986549
 8987195
 1364139
 1364231
 1364246
 1364157
 8987464
 8984763
 8986103
 1243044
 8985009
 8984859
 8983214
 8985607
 8981487
 8984652
 1239605
 8978088
 8979202
 8976451
 8981490
 8987797
 8984576
 8987793
 8987490
 1175630
 1175831
 8987394
 8986544
 8984749
 1243045
 8986135
 8986343
 8952515
 8955962
 1233400
 8956981
 8972311
 8973533
 8977202
 8980604
 8980611
 8981033
 8981237
 8979261
 1201620
 8982072
 8983727
 8983818
 8984406
 8981675
 8984158
 8958161
 8977419
 8951653
 1390705
 8977514
 8975294
 8976086
 8976108
 1126702
 8978852
 8979384
 8977801
 1240899
 8978962
 1160094
 8981008
 8981906
 8984081
 8983457
 8983479
 1390725
 1352166
 8986151
 8985884
 8987739
 1366411
 1175622
 1305497
 8987824
 8983876
 1201181
 0994825
 1201677
 8985314
 8984648
 8984889
 8985063
 8985517
 8985838
 8987795
 8985888
 1364156
 8984834
 8985311
 8984657
 8987030
 8987373
 8946671
 8958122
 8961206
 8959826
 8962791
 8960717
 8961369
 8962181
 8963707
 8964460
 8965431
 8969646
 8967828
 1393012
 8969137
 8972354
 8973784
 8973581
 8973362
 8972092
 8975509
 8976770
 8977363
 8977492
 8974580
 8976184
 8977221
 8977193
 8963835
 8964874
 8964977
 1266796
 8968820
 8972224
 8977049
 8979943
 8980703
 1365443
 8987772
 8934459
 8937901
 8962556
 8962882
 8959000
 8963407
 8966668
 8972807
 8975346
 8974965
 8976416
 8977691
 8977768
 8978311
 8979628
 8979290
 1201619
 8982077
 8984039
 8982241
 8984410
 8984304
 1366341
 8982082
 1160834
 8982650
 8983036
 8983553
 8985273
 8988400
 8985907
 8985919
 8985932
 8986494
 8986533
 8987142
 8988238
 8988349
 8985064
 8985564
 8985814
 8986124
 8986918
 8987262
 8987436
 8987978
 8988231
 8985801
 8985372
 8987238
 8984719
 8985069
 8985336
 8985806
 8987289
 8988103
 8988139
 8988224
 8988089
 8987630
 8988035
 8988083
 8984540
 8984744
 8985204
 8985760
 8986339
 8986830
 1128066
 8986804
 8987551
 8987734
 8985096
 8988101
 1364114
 8987185
 1352358
 8986197
 8987413
 8973104
 8976187
 8976501
 8974596
 8979309
 8980424
 8980440
 8980408
 8979740
 1390713
 8984384
 8981740
 8981467
 8983526
 8983781
 1387006
 8983347
 8983842
 8981764
 8988338
 8987944
 8986128
 8987198
 1393642
 8985056
 1364243
 8985873
 8965327
 8964351
 8970447
 8979061
 8983721
 8974385
 8979821
 8944445
 1330383
 8956009
 8959546
 8961363
 8963230
 8959525
 1201239
 8963753
 8965689
 8965554
 8966879
 8966715
 1393928
 8970899
 8971246
 8970704
 8973944
 8974027
 8974290
 8974770
 8976656
 8974087
 8976423
 8975075
 8974662
 8975097
 1201118
 1165454
 8979449
 8980008
 8980134
 8978632
 8979747
 8978037
 8978643
 8984474
 1387025
 8982174
 8983447
 1366334
 8982141
 8982706
 1249173
 8982016
 8982031
 8985282
 8985440
 8985793
 8986539
 8986540
 8985507
 8984756
 8987027
 8985202
 8985966
 8985558
 1368525
 8985278
 8984882
 8986858
 8986228
 0647179
 8971883
 8973968
 8965279
 8977021
 8982310
 8957489
 8962406
 8960552
 1249233
 8973523
 1164018
 8978057
 8981684
 8985497
 8984893
 8987297
 1365485
 8985842
 8987763
 1364135
 1364222
 1364223
 8985118
 8985960
 8960504
 8988216
 8985503
 8987849
 8985530
 8949699
 8966191
 8970470
 8973602
 8975765
 8975906
 8977962
 8978968
 8913147
 1382085
 8940145
 8940151
 8945839
 8948552
 8962388
 8972121
 8974502
 8980260
 1201195
 1354223
 8982771
 1291734
 8986394
 8988399
 8985915
 1257709
 8988348
 8987258
 8985767
 8986180
 8986087
 8984698
 8984937
 8988004
 8985287
 8986426
 8987279
 8984655
 8986594
 8985541
 8986511
 8970455
 8975370
 1126724
 8983471
 1387035
 8983342
 8983026
 8981674
 8985536
 8988067
 8986150
 1341326
 8984745
 8985618
 8987009
 1393629
 8986635
 8968383
 8970958
 8974827
 1201141
 8980122
 1366355
 1381226
 8985017
 0978661
 1201666
 1201698
 8986491
 8988174
 8985619
 8984969
 8985242
 8987572
 8987648
 8988278
 8986163
 8984982
 8987044
 8987744
 1365500
 8986737
 8986380
 8985927
 8972337
 8978946
 8983441
 8983695
 1387030
 8987601
 8987887
 8986397
 8986933
 8987341
 8970618
 8976977
 8978982
 8979919
 8981265
 8980923
 1201626
 8984274
 8981462
 1366328
 1364070
 1364094
 8981438
 8982093
 8981535
 8981537
 8986526
 8985556
 8986287
 8987183
 8987483
 8988333
 8987836
 1341339
 8987729
 8988166
 8988171
 8987339
 8986108
 8986154
 8987310
 8988147
 8988318
 8988298
 8986845
 8986322
 8986580
 8987120
 8985525
 8985052
 1328083
 8984814
 8984819
 1336832
 8945521
 8949588
 1175662
 1175669
 8969081
 8967626
 8972259
 8971473
 8972773
 8979993
 8979646
 8979282
 8980304
 1361024
 8981448
 8981953
 1366353
 1011122
 8985304
 8988227
 8985794
 8986758
 8987480
 8986276
 8986747
 8987552
 1393638
 8986074
 8986797
 8988052
 8985418
 8986531
 8986354
 8987429
 8987842
 1328081
 8961375
 8979945
 8987180
 8987207
 1393643
 1393644
 1393649
 8988112
 1368505
 8985753
 8987188
 8953266
 8952471
 8962636
 8967436
 8973797
 8976794
 1252600
 1393950
 8977987
 8980902
 8983085
 8982727
 8982832
 8984197
 1390718
 8988232
 8986473
 8987368
 8985293
 8986834
 8987694
 8986960
 8985969
 1393631
 8986059
 8984847
 8987295
 8987642
 8987190
 1366350
 1305100
 8985707
 1365498
 8985795
 8985922
 8986387
 8987033
 8987650
 8988237
 8987608
 8987971
 8987163
 1328082
 8986373
 8947728
 8970004
 8967478
 8969255
 8971397
 8971391
 8971161
 8977521
 8977466
 8974393
 8979207
 8981259
 8979308
 8984283
 8981522
 8982103
 8984346
 8981370
 8985546
 8985679
 8986922
 8988306
 8988226
 8986657
 8986784
 8985790
 8926298
 8926300
 8932709
 8937295
 8947978
 8949160
 8951489
 8952483
 8953031
 8966534
 8982932
 1368510
 8985262
 8914777
 1296590
 8950855
 8952571
 8964372
 1305451
 8968424
 1327334
 8967912
 8971824
 1382438
 8978942
 1352206
 8981593
 8981596
 8987340
 8987055
 8972891
 8975642
 8978535
 8980321
 8980522
 8984419
 8984441
 8981844
 8983998
 0994458
 8982857
 8982464
 8985195
 8987905
 8988267
 8988334
 8986725
 8987501
 8988024
 8984895
 8987841
 8987251
 8986217
 8975560
 8924125
 8924132
 8936595
 8943303
 8948125
 8951157
 8960564
 8958529
 8961029
 1252570
 8969155
 8969543
 8967987
 8972761
 8971667
 8972847
 8970847
 1196431
 8975491
 8974004
 1201114
 8980226
 8978860
 8981065
 8978573
 8979674
 8978081
 8978214
 8978434
 8979582
 8978393
 8978590
 1201638
 1341757
 8983513
 8983909
 1198192
 8981654
 8982587
 8981565
 1201733
 8985879
 8985899
 8986863
 8987499
 8986443
 8986815
 8988196
 8984729
 8987879
 8985421
 1291818
 1364244
 8985285
 1324164
 1243050
 8985798
 8962225
 8960438
 8967454
 8970856
 8971578
 1382503
 8979666
 8981639
 8981698
 8983559
 8984223
 8984237
 1201741
 1339474
 8955768
 8958768
 8971658
 8975246
 8973909
 8979460
 8981100
 8980406
 1354261
 8983044
 8983068
 8983527
 8984025
 8984408
 8984412
 0994469
 1304009
 8982571
 1201732
 8986064
 8987143
 8986865
 1341324
 8986808
 8984716
 8984725
 8984948
 8986481
 8988203
 8984622
 8984577
 8984802
 8987345
 8988239
 8988188
 8987386
 1364101
 1364138
 1364170
 8986318
 1202713
 8967229
 8972095
 8972158
 8972208
 8972128
 8970592
 8970621
 8976483
 8977069
 8978428
 1365247
 8979447
 8977870
 8983368
 8983939
 8984204
 1379339
 8982705
 8982617
 8981554
 8983720
 8987223
 8987767
 8987479
 1201727
 1257704
 8986558
 8987910
 8985175
 8988180
 8986247
 1341317
 8984568
 8985234
 8986689
 8985670
 8986806
 8987197
 8987713
 8988242
 8984934
 8986646
 1366380
 8987058
 1175602
 8986536
 8987094
 8985688
 8985751
 8985755
 8985988
 1126761
 8982910
 8973744
 8980118
 1352164
 1243023
 0978662
 1201697
 8986532
 8987485
 8985443
 8988062
 1352222
 8974057
 8954333
 8976382
 8982327
 1381231
 8988220
 8984740
 8987550
 8985937
 8984641
 8985169
 1393626
 8984650
 1368517
 8986015
 8984945
 8984845
 8959960
 8964612
 8965530
 8965102
 8966943
 8970257
 8977495
 8975997
 8977018
 8976381
 8977971
 8978558
 8978845
 8979662
 8981229
 8980745
 8978438
 8984359
 8982185
 8982674
 8983787
 8982866
 8982013
 8982531
 8983561
 8983667
 8984181
 8982701
 8983571
 8983891
 8983894
 1243040
 8986243
 8987312
 8987748
 8988291
 8988331
 8987976
 8985381
 8986081
 8986348
 8987685
 8988234
 8988271
 8986236
 8987123
 8985909
 8986118
 8986418
 8986777
 8986595
 8984694
 8987320
 8987635
 8987705
 8987733
 8987737
 8987953
 8984581
 8987745
 8986614
 8987476
 1393634
 8984998
 8986029
 8987746
 8987203
 8985957
 8987564
 1175637
 8985299
 8986833
 1364126
 1364242
 8985701
 8986102
 8987441
 1126619
 8977297
 8977456
 8980327
 8980948
 8978273
 1390709
 8984442
 8984604
 1243049
 1368462
 8985058
 8985815
 8985185
 8986439
 8984585
 8987747
 8988072
 8987491
 8985378
 1368497
 1368499
 8986088
 8986734
 1364215
 8984673
 8984978
 1296236
 8981660
 8982729
 8982635
 8984297
 1201738
 8986523
 1296242
 8985178
 1010991
 1393967
 8982644
 8983923
 8982823
 8984680
 1393636
 8985981
 8986050
 1010934
 8988085
 8985392
 8984832
 8970208
 8981640
 8967868
 8947021
 1382294
 8956663
 8962522
 8969783
 8980974
 8977644
 8980324
 8983449
 8983754
 8982231
 8984908
 1128445
 0977317
 1364210
 8964121
 8977629
 8980893
 8980595
 8978036
 8984070
 8984210
 8983075
 1366339
 8982321
 8981720
 8982849
 8985605
 8987437
 8987324
 8988330
 8986296
 8986565
 8986995
 8987843
 8986215
 8984545
 8986796
 8987225
 8986407
 8986977
 8987466
 8984707
 8986120
 8984925
 8985488
 8987430
 8984761
 8987591
 8987599
 1393630
 8984781
 8984865
 8985965
 8987049
 8987850
 8987988
 8987594
 8986966
 8988214
 1293146
 8985296
 8986005
 8987333
 1175605
 1175631
 8986441
 8985413
 8987104
 8988319
 1364102
 1364132
 1364226
 1364233
 1364239
 1364245
 1364171
 8985095
 8988107
 1324165
 8986503
 8986701
 8987315
 8987397
 8987278
 8987284
 8986190
 8968527
 8969190
 8971387
 8979124
 1354216
 8981486
 8983294
 8984191
 8981910
 1379313
 1366324
 1364100
 8983671
 8982098
 1201718
 8986058
 8986927
 8987955
 8987294
 8987628
 8988184
 8986859
 8987993
 8985777
 8987004
 8986129
 1365471
 8986892
 8984955
 8959262
 1336229
 8983728
 8981430
 8987921
 8973674
 8980701
 8980844
 8981888
 8983265
 8988344
 8986603
 8986240
 8986989
 8987666
 8987819
 8988268
 8985817
 8986962
 8987451
 1252707
 8987361
 1365470
 8986609
 8984970
 8987947
 8985901
 8986406
 8986416
 1327130
 8949946
 8955157
 1324021
 1324049
 8963526
 8963887
 8963900
 8965777
 8963895
 1324158
 1305747
 8967119
 8967617
 8968689
 8966432
 8972758
 1296806
 8977823
 8977999
 8978006
 1393939
 8984037
 8981434
 1381235
 1352698
 8964107
 8965822
 8967061
 8969053
 8970655
 8973241
 8970894
 8972446
 8980776
 8980448
 8978595
 8983176
 8982765
 8982779
 8982991
 8983114
 8984255
 8984201
 8982800
 8983275
 8983345
 8968727
 8948459
 1339083
 1339085
 1196500
 1243529
 1243533
 8959903
 1254448
 8963564
 8971019
 8981022
 8981169
 1352203
 8983797
 8984040
 8984247
 8984360
 8985831
 8987427
 8987903
 8988173
 8988221
 8986288
 8986803
 1381110
 8985812
 8951644
 8952997
 8951892
 8954121
 8953734
 8956255
 1328108
 8959025
 8958776
 8958788
 8963759
 1336216
 8966845
 8966651
 8967642
 8967759
 1364005
 8966421
 8966422
 8966423
 8972527
 8973658
 8970944
 8973326
 8971489
 8973068
 8971503
 8971009
 8973722
 8970192
 8970800
 8970814
 8970820
 8972748
 8970891
 8972306
 8971545
 8971547
 1163186
 8972586
 1201108
 8974605
 8976033
 8974155
 8977447
 8975518
 8976514
 8974962
 8975952
 8973876
 8980715
 8978372
 8980338
 8980654
 8980804
 8977929
 8980905
 1341223
 1341238
 1342380
 8981166
 8980652
 8980628
 8980614
 8979241
 8980713
 8979172
 8980711
 8980395
 8979154
 8982640
 8982507
 1126734
 8983997
 8983589
 0994833
 1291807
 8981385
 1304006
 1364034
 8984017
 8982953
 8986290
 8987641
 1341309
 8985487
 8986744
 8984894
 8987687
 8984799
 8987498
 1175625
 8987861
 8985866
 1364117
 1364204
 8962807
 8981472
 8963056
 8968463
 8968588
 8970190
 8975196
 8977072
 8977996
 1201109
 1341996
 8980483
 8978945
 8984435
 8983771
 8983002
 1291812
 1366308
 8983334
 8983992
 1201722
 1201688
 8987831
 8986637
 1341318
 1341321
 8987588
 8988091
 8985542
 8987096
 8985516
 1393633
 1393640
 8984699
 8987103
 8984519
 8984579
 8984580
 8984582
 8984583
 8984584
 8984586
 8987382
 1305496
 8985813
 1364125
 8985941
 1010982
 8985066
 8987506
 8987711
 1352221
 8984218
 1352247
 1381155
 8988328
 8976553
 8974375
 8977386
 8976162
 8979555
 8978540
 8979530
 1365429
 8979904
 8980415
 8979733
 8979065
 8980640
 8984111
 8982298
 8984170
 8984393
 8981682
 8983580
 8988313
 8985198
 8988041
 8946110
 8968799
 8974234
 8976884
 8974925
 8979246
 8979925
 8979627
 8979845
 1126738
 1387015
 8983627
 8981889
 8983522
 1232103
 8987329
 8985334
 8985861
 1387037
 8985405
 8986704
 8985945
 8987545
 1304018
 8986067
 8986062
 8985585
 8986992
 8960084
 8964526
 8964280
 8972843
 8973920
 8974532
 8978244
 8980544
 8978405
 1126747
 8984088
 8984105
 8982479
 1379310
 8985563
 8988264
 8987109
 8987147
 8988114
 8987688
 8987884
 8987960
 8987972
 8984632
 8987675
 8987720
 8988290
 8985276
 8986133
 8985386
 8985442
 8986232
 8985246
 8985810
 1381109
 8986209
 8987220
 1239575
 8975112
 8967805
 8970317
 8973464
 8976551
 8975990
 1365213
 8974204
 8977832
 8979253
 8978487
 8980291
 1201187
 8983024
 1341760
 8981940
 1183299
 8984020
 8984202
 8984355
 8982609
 8983143
 8983066
 8988351
 8988362
 8986738
 1341315
 8984547
 8984844
 8988222
 8986226
 8986550
 1365479
 1364131
 1364221
 1364229
 8987899
 8986978
 8986535
 8966822
 8976621
 8974767
 8977634
 8977658
 1201704
 8979696
 8979537
 8978465
 8980743
 1201610
 8982286
 1361078
 1379258
 8982603
 1366543
 1366544
 8984028
 1198173
 1198197
 8982788
 1201721
 1175640
 8987363
 8987376
 8984773
 8985345
 8986779
 8941502
 8968819
 8971559
 1327125
 8950264
 8955942
 8963137
 8962439
 8968563
 8967854
 8966829
 8970804
 1304083
 8976525
 8976627
 8977102
 1366526
 8976092
 8979132
 1341232
 8979234
 8979438
 8979091
 8981247
 1393936
 8978447
 1201199
 8981618
 8981799
 8983062
 8983639
 8984205
 8982110
 8984050
 8983741
 8984389
 8984431
 8983489
 8984067
 1387005
 8982500
 8981658
 8981783
 8982134
 8987521
 8985103
 8985124
 8988111
 8988116
 8988354
 8984714
 8985368
 8986372
 8986396
 8988259
 8986130
 1341308
 1341322
 8987742
 8986471
 8986956
 8985986
 8986883
 8987404
 8987699
 8987782
 8988219
 8988302
 8988312
 8988322
 8988301
 8986923
 8987657
 8986011
 8985089
 8985597
 8985820
 8986310
 8988084
 1175624
 8986259
 1365499
 1026886
 1364137
 8985875
 8985524
 8987443
 8984757
 8984926
 1243551
 8986042
 8987869
 8985880
 8986183
 8969432
 1324105
 8972478
 8979101
 8979860
 8977598
 8984152
 8984198
 8984207
 8984295
 8984401
 8983151
 8983072
 8984596
 8987619
 8984578
 1324166
 8975337
 1198160
 8985268
 1201725
 1366413
 8982648
 8984858





