16-06-13
 8922223
 8937325
 8937818
 8950122
 1393818
 8951749
 8957173
 8957851
 8956927
 8958354
 8957295
 8955919
 8956689
 8960440
 8962352
 8962699
 8961268
 8963046
 8961696
 8958638
 8962262
 8959121
 8941615
 8954718
 1366472
 8957232
 1234741
 8956278
 8960664
 8960444
 8960832
 8961892
 8962222
 8963073
 8958484
 8961336
 8958481
 8962479
 8962837
 8961289
 8961309
 8958640
 8961497
 8915926
 8917170
 8919589
 8936133
 1359120
 8942880
 8949270
 8950821
 8955695
 8952105
 1243520
 8952250
 8953151
 8955917
 8955921
 8958901
 8959377
 8961265
 8958909
 8958999
 8961129
 1354075
 8960934
 8962622
 8962705
 8962949
 8963236
 1386155
 1386159
 8962505
 8959346
 8959736
 8959743
 8961015
 8962279
 8962391
 8962460
 8962477
 8963131
 8963182
 8961007
 8962888
 8959090
 8958664
 1175673
 1175681
 8959543
 8960501
 8961021
 8960898
 8961204
 8959807
 8962310
 1196503
 8959467
 8962230
 1393880
 1393541
 1393539
 8926745
 8933314
 8948671
 8952159
 8937825
 8938830
 8955801
 8952104
 8953655
 8956892
 8959070
 8959752
 8958952
 1175678
 1175679
 8961958
 8962366
 1243537
 8960597
 8961128
 8961178
 8926311
 8945175
 1312022
 1382341
 8941430
 8962314
 8959533
 8958592
 8953344
 8957481
 8957183
 1393840
 1198422
 1305354
 8916905
 8917633
 8917368
 8930322
 8927409
 8935091
 8937547
 1327218
 8943176
 8941677
 8942375
 1305405
 8945717
 8948218
 1390446
 8949479
 8949869
 8950662
 8949146
 8950421
 8950538
 8949227
 1196499
 1196407
 8955584
 8954733
 1160081
 8953894
 8953923
 8954395
 8954152
 8954247
 1305704
 8953264
 1305709
 1196409
 8958014
 8958911
 8959362
 1382364
 8959307
 8962803
 1196400
 8953883
 8952199
 8954151
 8956845
 8957836
 8959548
 8959342
 8959509
 8961203
 8961249
 8958694
 8959872
 8959538
 8962898
 1352275
 8959243
 8960261
 8959071
 8954789
 8924589
 8934388
 8941068
 8941740
 8947751
 8948038
 8950830
 8950955
 8924823
 8933854
 8934795
 8937797
 8938699
 8939548
 1352192
 8942937
 8941146
 8944379
 8941974
 1243002
 8942445
 8942471
 8948255
 8947798
 8947943
 8947131
 1254359
 8950789
 8950756
 8949326
 8950744
 8925590
 1327621
 8957466
 8913933
 8922003
 8926609
 8931103
 8931025
 8934778
 1330203
 8940961
 8947745
 8951085
 8953765
 8955678
 8955805
 8952866
 8951726
 8958086
 8957217
 8957472
 8957763
 8958337
 8957467
 8957660
 8958217
 8955912
 8958100
 8958180
 8958326
 8956715
 8956156
 8960252
 8961872
 8962780
 8959876
 8960828
 8960846
 8962817
 8962865
 8963161
 8960788
 8961084
 8961134
 8961157
 8961561
 8961849
 8962537
 8962597
 8963057
 1386187
 8959581
 8958811
 8961323
 8963025
 8959308
 8959992
 8961138
 8962872
 8959061
 8958852
 8961160
 8962809
 8962410
 8961466
 8960081
 8962438
 8960097
 8958902
 8960173
 8960411
 8959953
 8959958
 8960099
 8960105
 8960601
 8961076
 8962160
 8960431
 8941490
 8945273
 8952905
 8957781
 8957176
 8936154
 8935310
 1284685
 8953228
 8956928
 8956961
 8957066
 8958268
 8957716
 8948308
 8945944
 8956799
 1202979
 8958794
 8954546
 8959849
 8960131
 8960954
 8924100
 1393714
 8944864
 1327224
 1305407
 8942039
 8948566
 1312034
 8950609
 8953290
 8954815
 8955649
 8955726
 8952487
 1359013
 8952488
 8955266
 8953399
 1305703
 1361631
 8963152
 1393886
 8961499
 8962741
 1291582
 8961906
 8961920
 8960523
 8959237
 8960306
 8960608
 8958732
 8959499
 1305723
 8960200
 8953814
 8949067
 8952812
 8962881
 1327405
 8949802
 8952892
 8952369
 8954099
 8951858
 8953206
 1341126
 8957942
 8956127
 8958713
 8962250
 8961484
 1386182
 8962025
 8959292
 8959487
 8962942
 8962567
 8960532
 8961908
 8962288
 8959973
 8960339
 8959484
 8961707
 8962236
 8933396
 8938866
 8942900
 8942974
 8948368
 8946399
 8955484
 8955567
 8951750
 8958199
 8956825
 8957146
 8958428
 8960661
 8962321
 8935563
 8948183
 8933506
 8934208
 8949531
 8954967
 8952129
 8952267
 8954575
 8952067
 8952707
 8955341
 1198487
 8957934
 8957370
 8958149
 8957211
 8962341
 8963140
 8963026
 8961668
 8959008
 8959534
 8960730
 8962359
 8960876
 8961738
 8962871
 8963153
 8961267
 8961313
 8960305
 8960756
 8959544
 8960023
 8960031
 8958404
 8959345
 8932983
 8934622
 1305782
 8934942
 8947166
 8951446
 8958120
 8956852
 8957187
 8960470
 8959936
 8960735
 8959160
 1175660
 8960668
 1305715
 8955851
 1393869
 8959224
 8959242
 8958595
 8959007
 8959326
 8961857
 8959748
 8960374
 8962019
 8958766
 8961429
 8959452
 1305725
 1305730
 8959868
 8955252
 8955342
 8956133
 8957831
 8963091
 8962808
 8922080
 8943222
 1330338
 1188934
 1354127
 8951758
 8954563
 8952283
 8952659
 8953902
 8953613
 8953320
 8954034
 8952062
 8956314
 8958058
 8958119
 8956970
 8957927
 8956734
 8957139
 8956668
 8957913
 1234737
 1175654
 1202963
 8956122
 8958691
 8962454
 8963103
 8958966
 1175683
 8960446
 8913823
 8926433
 8938616
 8955562
 8956890
 8959194
 8961491
 8961035
 8961058
 8959937
 8959968
 1175668
 8961921
 1382403
 8959862
 8958520
 8960695
 8960830
 8961800
 8959297
 8961680
 8959113
 8960235
 1354004
 8919223
 8917076
 8918987
 8919856
 8921492
 1163167
 8923375
 1243861
 8926718
 8932645
 8937053
 8948172
 8948408
 8945400
 8945725
 8953944
 8951709
 8952514
 8952714
 8956959
 8957293
 1393870
 8956173
 1202546
 8960482
 8958589
 8960218
 8961340
 8960375
 8962001
 8961634
 8961262
 8958869
 8959001
 8961968
 8961555
 8962637
 8961699
 8962434
 8962860
 8933276
 8939708
 8937679
 8937329
 8942262
 1352129
 1126582
 8949595
 1126586
 8954950
 8951984
 8953079
 8952540
 1393823
 1393834
 8952779
 8955101
 1352564
 8957932
 8958068
 8956384
 8956786
 1354087
 8957538
 8957238
 8958000
 8956503
 1249219
 8958159
 8956207
 8956461
 1352769
 8956611
 8956811
 8961793
 8958874
 8959287
 8959553
 8958793
 1393892
 8963149
 8962520
 1291182
 8960575
 8960586
 8961611
 8959935
 8962515
 8958898
 8961304
 8961833
 8962304
 8959772
 8959446
 8959465
 8959535
 8960395
 8961603
 8958762
 1239294
 8950332
 8952999
 8957279
 8958104
 8958151
 8956304
 8959030
 8962426
 8960256
 8958576
 8962465
 8962590
 8962748
 8963158
 8961282
 8963097
 8925885
 8925937
 1361719
 1234872
 8953260
 8953635
 8953363
 8954930
 8955194
 8958041
 8956317
 8958030
 8958035
 8959469
 8961825
 8960780
 1393896
 8959731
 8959522
 8959067
 8959750
 8961432
 8954298
 8953411
 8941040
 8943056
 8948957
 1393873
 8952089
 8952094
 8952439
 8956367
 8960840
 8962435
 8958531
 8960279
 8958445
 8962276
 8961629
 8961606
 8941205
 8959120
 8922630
 8943779
 8941650
 8941536
 8941782
 8946942
 8948228
 8947803
 1243882
 8950086
 8951250
 8949984
 8950501
 8953458
 8953670
 8952628
 8951767
 8954635
 8953194
 8953852
 8951781
 8955355
 8953251
 8956488
 8962929
 8958573
 8958578
 8961870
 8961919
 8960174
 1175659
 8961143
 8959367
 8959375
 1304100
 8960043
 8958490
 8958568
 8958572
 8958746
 8959787
 8960829
 8958905
 8960648
 8962297
 1196398
 8962301
 8948371
 8949751
 8957468
 8958643
 8960288
 1386185
 8961141
 8960594
 8960893
 8918696
 8938332
 8945741
 8954910
 8952076
 8952379
 8953962
 8954215
 8953928
 8955642
 8951934
 8953762
 1324032
 8956326
 8957748
 8956051
 8957522
 8956114
 8956738
 1359130
 8956917
 8957678
 8956356
 8956361
 8956589
 1196420
 8960215
 8961942
 8958571
 8958575
 8961862
 8961879
 8961970
 8960477
 8960612
 8960734
 8960925
 8961792
 8962768
 8962921
 8962928
 8962975
 8963063
 8961120
 8959665
 8958555
 8961392
 8958677
 1243536
 1243539
 8962190
 1196394
 1371255
 8927513
 8934731
 8932862
 8937960
 8939103
 8944030
 8941202
 8941288
 8945872
 8950962
 1339147
 8952678
 8957523
 1266778
 8956677
 8956274
 8959902
 8961319
 8960817
 8961649
 8962901
 8962611
 8960459
 8959135
 8958587
 8959092
 8958446
 8959321
 8961715
 8962827
 8961205
 8962197
 8958562
 8961231
 8959080
 8958742
 8960555
 1196504
 8959470
 1254105
 8962547
 8929810
 8962502
 8949712
 8950736
 8957689
 8957848
 8960818
 8962920
 8961201
 8961217
 8962061
 8962698
 8959125
 8959021
 8961078
 8963075
 8962232
 8961996
 8961673
 1328115
 8920203
 8928956
 1330431
 8954071
 8955708
 8953283
 8952888
 8954103
 8955098
 8952676
 8953687
 8954898
 8952423
 8955172
 8952929
 1330449
 1330450
 8954771
 8958307
 8957030
 8957663
 8956698
 8963285
 8960884
 8962506
 8959047
 8958468
 8960367
 8963125
 8962745
 8960945
 8962545
 8963051
 8963080
 8959625
 8960240
 8961575
 8958986
 8961820
 1386177
 1386184
 8959531
 8960156
 8960467
 8961099
 8962060
 8961410
 8962487
 8962491
 8962495
 8960426
 8958439
 8961650
 8962473
 1393885
 1393888
 1393889
 8960947
 8961509
 8962300
 8962751
 8961621
 8962844
 8962864
 1304053
 8961781
 8962792
 8948434
 1354116
 8958509
 8958799
 8961065
 1328117
 8909721
 1339626
 1352086
 8952065
 8952986
 8955978
 8956646
 8957241
 8957212
 1234735
 8958293
 1175652
 8956898
 1202549
 8956187
 8956226
 8956819
 1352327
 8961886
 8959768
 8961510
 1252528
 8961498
 8962836
 1175655
 1175680
 8959766
 8959710
 1328008
 1352373
 8961714
 8913546
 8920115
 1312081
 8951800
 8963121
 8960268
 8958627
 8960006
 8959783
 8952165
 8953171
 8962370
 8959616
 8962634
 8958564
 1393877
 8962294
 8960529
 8960276
 8961635
 8958556
 8958810
 8959832
 8960902
 8961729
 8961750
 8962408
 8959724
 1386311
 8873628
 8874243
 8887850
 8894803
 1239054
 8907622
 8914901
 8915722
 8921768
 8921532
 8928994
 8927074
 8929364
 1330212
 1393739
 8951573
 1361722
 1322001
 1128154
 1128155
 8955123
 8953905
 8957701
 8958039
 8957142
 8958541
 1128133
 8938067
 1330301
 8945372
 8947903
 8952023
 8953672
 8952317
 8953961
 8953965
 8953977
 8953984
 8958332
 8958146
 8956090
 8956882
 8955987
 8957081
 8958129
 1202966
 8956676
 8956962
 8960923
 8961453
 8962307
 8960361
 8960936
 8961087
 8960881
 8962516
 8960181
 8960720
 8961033
 8961748
 8962302
 8962587
 8962630
 8962680
 8962692
 8962870
 8962903
 8958982
 8958996
 8961286
 8958800
 8959747
 8961489
 1239393
 8958586
 8959784
 8961468
 8962123
 8962129
 8962778
 8962845
 8962943
 8959441
 8961903
 8959689
 8962816
 8963150
 8958540
 8959316
 8959517
 8962712
 8960709
 8962853
 8963018
 8958633
 8959654
 8959815
 8961183
 1198449
 8958739
 8962963
 8961355
 8959451
 8959738
 8960151
 8961922
 8959002
 8961151
 8959924
 8960359
 8962092
 1328110
 8959249
 8961735
 8936041
 8938856
 8948177
 8950981
 8953368
 8952225
 8953208
 8956791
 8957725
 8956470
 8957271
 8960820
 8962163
 8963118
 8959681
 8958434
 8962378
 8960244
 8961512
 8957423
 8942318
 8953314
 1305705
 8953013
 8956011
 8959632
 8959614
 8960009
 8960024
 1011199
 1339562
 1330618
 1330122
 8890890
 8890908
 8898693
 8902238
 8905931
 1330066
 1330097
 1330091
 1330090
 8920414
 8921584
 1330173
 1330172
 1330171
 1327457
 8922809
 1339154
 8922180
 8926793
 8933392
 8935227
 8933953
 1330196
 1330197
 1327310
 8941364
 8941365
 8941373
 8941377
 8941395
 1327131
 8947105
 8947115
 8947146
 8946923
 1330391
 1330400
 1330396
 1330398
 8951422
 8950840
 8955543
 1324031
 8953257
 8960242
 8963282
 8962342
 8932444
 8935000
 8936039
 8938245
 8946958
 8948595
 8953750
 8957210
 8957862
 8957869
 8953508
 8952236
 8952254
 8952261
 8952272
 8953688
 1352761
 8956973
 8958287
 8957652
 8958059
 8958237
 1352767
 8879864
 1198533
 8931521
 8943710
 1196383
 8946945
 8946956
 8954221
 8955255
 8951743
 8955638
 8955643
 8954448
 8955610
 8951839
 8953752
 8957458
 8956595
 8957984
 8956166
 8956169
 8957469
 8957970
 8958229
 8958281
 8957623
 8957441
 1352326
 8958594
 8962053
 8962072
 8958980
 8960781
 8962795
 8962977
 8962972
 8913121
 8913302
 1126266
 8916039
 8917719
 8919523
 8921675
 8917701
 8920708
 8917320
 1336932
 1336933
 1336934
 1336935
 1336939
 8924009
 8922753
 8924911
 1336817
 1336818
 8931852
 8930660
 1170978
 8933766
 8933772
 8934178
 8934182
 8935771
 1284726
 1339630
 1339631
 1339632
 1339633
 1339634
 1336581
 1393791
 8948538
 8947457
 8950414
 8950594
 8953069
 8953265
 1341169
 8954807
 8953842
 1382297
 8958358
 1322008
 8957343
 8958353
 8956550
 8956905
 1202539
 1202956
 8957236
 8958819
 8962783
 8960463
 8963093
 8960861
 8961905
 1386164
 8962405
 8961185
 8962319
 8962327
 8958527
 8961823
 8962350
 8962028
 8919662
 8948838
 8948068
 8955269
 8953147
 8908716
 8929260
 8933112
 8942899
 8946808
 8950893
 8950256
 8953947
 8954618
 1324007
 8956699
 8957747
 1266775
 1266777
 8957216
 1243080
 8957408
 8959491
 8959515
 8960418
 8962448
 8958808
 8958738
 8962007
 8959353
 8962251
 8959693
 1393890
 8963229
 1175675
 8958499
 8963249
 8958625
 8958730
 8958877
 8960498
 8959406
 1352764
 1352765
 8959350
 8944275
 1126579
 8950899
 8950220
 8952579
 8955428
 8954254
 8956976
 8956213
 8958569
 8960901
 8961022
 8961039
 8934677
 8947126
 8947655
 8950634
 8953948
 8953675
 8954001
 8952847
 8954832
 1393872
 8957265
 8955885
 8960316
 8959755
 8961364
 8961604
 8958608
 8959378
 8959542
 8959032
 8961439
 8962292
 8959715
 8961527
 8962265
 8960769
 8959851
 8959933
 8960380
 8961224
 8961051
 8959630
 1217376
 1217407
 8923531
 1296599
 1296865
 8934720
 1191232
 1191736
 8943986
 8944672
 8943932
 8955574
 1393829
 8951999
 8955090
 8954144
 8958006
 1352768
 8956505
 8960282
 8961646
 8962802
 8962987
 1341149
 8962793
 8960743
 8961946
 8961955
 8962513
 8961718
 8960878
 8962770
 8962993
 8960967
 8928733
 8931733
 8932683
 8953724
 8957165
 8940507
 8938050
 8940031
 8954446
 8956466
 8957385
 1175900
 8956843
 1243089
 8963169
 8963244
 8962966
 8959068
 8962117
 8963165
 8961390
 8961505
 8961257
 8961551
 8961807
 8958699
 8960537
 8960585
 8939531
 8953606
 8956566
 8956807
 8958500
 8962971
 8961566
 8961657
 8961383
 8960205
 8960589
 8960264
 8961803
 8962274
 1352686
 8950715
 1249215
 8956674
 8955874
 1163182
 8961843
 8963280
 8961158
 1254366
 8935956
 8935357
 8942103
 8942598
 8950896
 8949387
 8953731
 8955146
 8954227
 8953091
 8954783
 8952446
 8953736
 1296219
 8953134
 8953101
 8951794
 8956921
 8957548
 8957491
 8957914
 8957454
 8957457
 8957980
 8956281
 8957518
 8957719
 8958128
 8958292
 8956256
 8956449
 8958283
 1175651
 8957083
 1243522
 8957696
 8956483
 8960344
 8958719
 8958756
 8963164
 8958815
 8961104
 8962161
 8962179
 8961472
 1386170
 1239063
 8963055
 8958593
 8958920
 8958956
 8960243
 8960605
 8962511
 8962728
 1284637
 8960581
 8961103
 8961503
 8962155
 8962384
 8962397
 8962402
 8958482
 8961331
 8962725
 8963015
 1393847
 1252522
 8959453
 8960320
 8962528
 8959339
 8961708
 8962101
 8959460
 8962733
 1304052
 8959986
 8963094
 8963279
 8961321
 8961381
 8959458
 8962333
 8962344
 1243534
 8959566
 8960236
 8961582
 8961610
 8962136
 1305737
 8941847
 8947101
 8946604
 8948335
 8951096
 8949274
 8952709
 8954513
 8954949
 8957791
 8958140
 8957958
 8960420
 8961030
 8960326
 8963070
 0745279
 8879368
 8941213
 8955644
 8952591
 8954721
 8956547
 8961193
 8962054
 8960045
 8960202
 8953632
 1393864
 8956018
 8956021
 8956496
 8959659
 1328120
 1366489
 8958882
 1336537
 8955849
 8948567
 8955455
 8958260
 8957899
 1266785
 1266786
 8960531
 8961569
 8959412
 8963788
 8966134
 8964536
 8965258
 8966245
 8963453
 8963650
 8965386
 8935835
 8951950
 8958441
 8963159
 8958884
 8965032
 8965262
 1240978
 8963462
 8919076
 8923764
 8924117
 8935447
 8937460
 8944805
 8941346
 8949054
 8947596
 8954204
 8960796
 8960805
 8963052
 8958700
 8958516
 1126539
 8959388
 8961156
 8961034
 8961826
 8960868
 0807091
 8962829
 8958491
 8958508
 8961755
 8960875
 8959879
 8960028
 8965984
 8966295
 8966386
 8964338
 8965478
 8963644
 8964315
 8964320
 8964542
 8964768
 8965680
 8966165
 8966178
 8964363
 8966262
 8965734
 8963418
 8965722
 1175695
 8965641
 8963560
 8964394
 8964996
 1161799
 8964776
 8965742
 8949961
 8954452
 8956267
 8964568
 8963546
 1393542
 1393540
 8953673
 8958065
 8948961
 8952299
 8955876
 8963487
 8963491
 8966053
 8964497
 1243090
 8964865
 8912886
 8922365
 8922367
 8930369
 8930372
 8929101
 8929662
 8937026
 8953341
 8958537
 8961757
 8962539
 8963184
 8960469
 8961112
 8958745
 8959361
 8961406
 8959947
 8959348
 8961380
 8962596
 8961109
 8959048
 8959554
 1361587
 8963970
 8963979
 8963984
 8963590
 8963808
 8965271
 8963684
 8965476
 1352402
 1254234
 8964451
 8961006
 8928491
 8936888
 8942765
 8951145
 8953713
 8956059
 8957037
 8920598
 8922798
 8935595
 8937260
 8938977
 8938013
 8942666
 8946943
 8950143
 8950904
 8949275
 8950010
 8953326
 8958196
 8956512
 1339346
 8959230
 8961572
 8960809
 8962912
 8964147
 8922976
 8923617
 8924308
 8927835
 8931016
 8933598
 8932893
 8947554
 8955806
 8954797
 1240079
 8956913
 8957397
 8958173
 8958214
 8963033
 8961263
 8961080
 8959790
 8963172
 8961969
 8962867
 8962798
 8959777
 8961095
 8963395
 8965547
 8965913
 8966037
 8966308
 8963681
 8966099
 8966240
 8963623
 8964022
 8964544
 8964271
 8964418
 8964551
 8964607
 8964928
 8965289
 8966028
 8966058
 8966154
 8966202
 8966203
 8966213
 8966229
 8965052
 8963740
 8965200
 8965623
 1249223
 8964643
 1304055
 8965691
 8965569
 8963799
 8963765
 8966030
 8964997
 8965877
 8964297
 8961295
 8939986
 8952286
 8953359
 8954393
 8957890
 8962103
 8963089
 8962737
 1354074
 8962576
 8958960
 8961815
 8962665
 8963104
 8962282
 8962430
 8958970
 8959389
 1305719
 8962628
 8964485
 1198664
 8965736
 8966356
 1164015
 1305738
 1393832
 8959883
 8961277
 8965393
 8921497
 8922776
 1327486
 8936672
 8939458
 8944204
 1366463
 1359014
 1305708
 8957778
 1322011
 1354059
 8959100
 8962013
 8962574
 8961593
 8961526
 8962437
 8961507
 8962215
 1305729
 8963525
 8964334
 8964054
 8965541
 1393370
 1393375
 8965758
 8965312
 1339737
 8964863
 1328065
 8964101
 8957170
 8948889
 8966330
 8964044
 8937854
 1291792
 8950674
 8953217
 8953152
 8954681
 8956944
 8961612
 8960304
 8959454
 8960051
 8961307
 8961399
 8962171
 1305432
 8965702
 8964457
 8965496
 8964574
 8964398
 8965593
 8964821
 1324160
 8948795
 8959023
 8959791
 8917757
 8943142
 8953820
 8960495
 1328114
 1305776
 1305781
 1305794
 8944061
 8945476
 8946093
 8946106
 8951646
 1305710
 8931078
 8939312
 8946199
 8949329
 8951397
 8952019
 8952374
 8953452
 8954785
 8957727
 8956480
 8956871
 8956578
 8957025
 8961330
 8963162
 8958514
 8958463
 8961119
 8965810
 8966385
 8964872
 8965639
 8965789
 8966072
 8966189
 8963894
 8964059
 8963659
 8963818
 8961452
 8962361
 8959573
 8927693
 8937995
 1393841
 8956553
 8957128
 8957595
 8961356
 8962005
 8962241
 8965878
 1393360
 8964109
 8964855
 8965240
 8963435
 8963440
 8963441
 8950708
 8954218
 8952658
 8959376
 8959241
 8960547
 8961438
 1305734
 8961480
 8965030
 8963797
 8965915
 8966110
 8963983
 1368562
 8963853
 8960413
 8948771
 8959371
 8959497
 8965958
 8964955
 8964711
 1393376
 8953572
 8953753
 8954781
 8958125
 1393874
 8957028
 8958024
 8957239
 8963090
 8963106
 8961837
 8961416
 8958548
 8960041
 8960366
 8962472
 8962838
 8962883
 8962383
 1393895
 8960307
 8961974
 8960212
 8960571
 8960535
 8960869
 8959906
 8964864
 8964243
 8965242
 8964756
 8965610
 8965801
 8965807
 8966335
 8965970
 8963339
 8965350
 8912114
 8923739
 8923757
 8925051
 8933616
 8933671
 8933681
 8939299
 1336596
 8946988
 8946728
 8947732
 1354106
 8950980
 8949859
 8952166
 8953331
 8953080
 1336284
 8957541
 8956542
 8962833
 1354080
 8960653
 8961115
 8961130
 8959949
 8959666
 8961081
 8962244
 8962328
 1175664
 1175665
 1175667
 8961930
 8960402
 8960811
 8962111
 8962132
 1336536
 8960429
 8960437
 8959984
 8962185
 8965223
 8963638
 8965326
 1252576
 8966279
 8966284
 8964528
 8964529
 8966199
 8964712
 8963587
 8961072
 8960300
 1175696
 8914115
 1327788
 8916085
 8921235
 1327727
 8919406
 8922266
 8929475
 8935973
 8937067
 8934896
 8937413
 8942769
 8947092
 1393794
 8946723
 1336638
 8955674
 1393860
 8956846
 1243526
 8962459
 8959193
 8959780
 8959705
 8961324
 8959606
 1393894
 8961294
 1249220
 8960267
 8961209
 8962934
 1175671
 1175672
 8959066
 8959529
 8958913
 8959265
 8959796
 8961631
 8962659
 8964477
 8965249
 1393356
 1393362
 1393368
 8965452
 8964604
 8965092
 8965272
 8964518
 8965136
 8965280
 1327214
 8948103
 8947431
 8948404
 1327129
 8948447
 8951158
 8954799
 1366464
 8953369
 8953189
 1352566
 8953805
 8958063
 1202544
 8958839
 8961465
 8960034
 8963212
 8960782
 8961639
 8959598
 8958787
 8964893
 8965846
 8964620
 8965430
 8964156
 1393353
 1393357
 8963701
 8965518
 8964442
 8965979
 8965674
 8965683
 8964878
 8964852
 8963949
 8964295
 8964343
 8964943
 8966173
 1161800
 1352396
 8964475
 1254232
 8964281
 8965790
 8919666
 8924640
 8939329
 8944459
 1341180
 1239408
 1234871
 8957742
 8958316
 8956812
 8958313
 8961991
 8961297
 8962436
 8962946
 8958646
 8960615
 8959864
 8959798
 8960353
 8961250
 8963078
 8964947
 8964268
 8963503
 8963476
 8965306
 8965693
 1393380
 8965992
 8963798
 8964286
 8942164
 8951748
 8958765
 8958779
 8961018
 1393897
 1291184
 8959700
 1393359
 1249222
 8965931
 8963702
 8958083
 8929322
 1330344
 8946023
 8951256
 8963668
 8949253
 1234867
 1234738
 1234739
 8961899
 8960406
 8960354
 8960398
 8963156
 8961570
 1198426
 8966127
 8965010
 8965084
 8965564
 8963693
 8963852
 8929673
 8934776
 1327623
 8943899
 8943580
 1390447
 8952537
 8954335
 8957243
 8959302
 8961172
 1386195
 1284635
 1284636
 8962452
 8963039
 1202981
 8958876
 8962121
 8966043
 8964963
 8964032
 8964037
 8964047
 8963454
 1284932
 8963512
 8965257
 8964137
 8949396
 8956160
 8961407
 8963612
 8966221
 8964938
 8948381
 1312040
 8954634
 8951979
 8957414
 8956424
 8958954
 8960943
 8962149
 8962786
 8961290
 8962509
 8963061
 8962916
 8959427
 8961362
 8961414
 8962787
 8958949
 1305726
 8965559
 8964425
 8964441
 8964911
 1284937
 8965925
 8966250
 8965342
 8963893
 8963522
 8963592
 8947559
 8945532
 8950219
 8955035
 8955670
 8958254
 8957495
 8962570
 8961617
 1386175
 8961985
 8961576
 8959704
 8960445
 8960763
 8961333
 8958406
 8962087
 8963330
 8964094
 8964802
 8964274
 8964291
 8964458
 8964169
 8966138
 8963926
 8966160
 8963679
 8963698
 8964325
 8965321
 1305434
 8964709
 8861795
 8917756
 8921077
 8930650
 8935488
 8941678
 8946672
 8948354
 8950653
 8953117
 8955609
 8953999
 8952685
 8956078
 1202547
 8959701
 8958758
 8961145
 8963126
 8959017
 8960672
 8959183
 8966215
 8965041
 8963880
 8964353
 8960628
 1291583
 8965345
 8965552
 8964859
 8964593
 8964049
 8958618
 8958813
 8958937
 8959340
 8922130
 8926335
 8938159
 8944924
 8942341
 8946898
 8947818
 8954054
 8953982
 8953967
 8952459
 8951848
 8953240
 8957154
 8958034
 8958187
 8956416
 8956924
 8961075
 8959980
 1239395
 8958878
 8962550
 8959394
 8963145
 8960083
 8959343
 8962713
 8960199
 8960737
 8962401
 8960078
 8960565
 8960803
 8963666
 8965502
 8963848
 8963867
 8964344
 8964412
 8964066
 8964741
 8965160
 8965372
 8965629
 8965832
 8966061
 8966146
 8966233
 8964558
 8966277
 8963762
 8965212
 8965620
 8965630
 8965643
 1361515
 8966297
 8964192
 8963842
 8963851
 8963649
 8964316
 8965828
 8966182
 8965582
 8965761
 8964365
 8963732
 8964853
 8966303
 8966336
 1339732
 8956618
 1291181
 1328126
 8934993
 1393826
 8956031
 8963216
 8963261
 8959248
 8959601
 8959649
 1243535
 8965305
 8964824
 8966093
 8965033
 8963942
 8965815
 1240890
 8950748
 8952788
 8951876
 8958051
 8957013
 8956459
 8956493
 8959129
 8959513
 1249221
 8962373
 8959925
 8963385
 8965456
 8964202
 8964242
 1146457
 8958486
 8961448
 8953545
 8963082
 1393900
 8960657
 8958845
 8960335
 8963857
 8963643
 8965122
 8859273
 8963595
 8964039
 8954179
 8960526
 8962968
 8963211
 8963213
 8959122
 8962353
 8960766
 8960394
 8960475
 1126603
 8964006
 8944901
 8948240
 8950381
 8955391
 8954613
 8954012
 8954881
 8957005
 8956666
 8963058
 1010531
 8961947
 8961960
 8959419
 8960963
 8961133
 8958963
 8958989
 8959187
 8962980
 1393876
 8960132
 1252518
 8959157
 8961532
 8961907
 8962254
 8959369
 8961982
 8964424
 8964784
 8965105
 8963993
 8964282
 8964986
 8965427
 8965520
 8965538
 8965647
 8965455
 8965467
 8965486
 8964150
 1239416
 8963386
 8965178
 8963939
 8964110
 8963618
 8965250
 8965919
 8964146
 1361501
 8965771
 8966157
 8966172
 8963940
 1252483
 8963359
 8963567
 8964161
 8964290
 8965841
 8966130
 8964514
 8963534
 8963858
 8963978
 8965537
 8963943
 8963459
 1243094
 8964300
 8964796
 8965004
 8965555
 8963836
 8964861
 8966187
 8964289
 8965840
 8961310
 8947830
 8959814
 8962419
 8963204
 8961521
 8959463
 8962011
 8960338
 8961817
 1305728
 1305735
 8965387
 1126601
 8965787
 8963399
 8966108
 8965221
 8965911
 1350909
 8965213
 8966117
 8953349
 8958554
 8958693
 8961524
 8963316
 8964449
 1352299
 8952673
 8952681
 8953510
 1324034
 8960977
 8962443
 1393883
 1393898
 8960974
 8959919
 8963022
 8963207
 8961244
 8960751
 8959918
 8965307
 8966256
 8966260
 8966272
 8964752
 8964250
 8965144
 1393377
 1393381
 1252479
 8965205
 8965531
 8964019
 1010904
 8965750
 8964073
 8964134
 8965883
 1352328
 8934510
 8940963
 8958775
 8950589
 8953096
 8954055
 8954556
 8963134
 1175684
 8958475
 8959740
 8924887
 1198534
 8935052
 8934303
 8954983
 1361636
 8958170
 8961926
 8962991
 8961790
 8962982
 8959607
 8963785
 8966086
 8965737
 8917013
 8936541
 8935035
 8937358
 1327648
 8947128
 8950759
 1284698
 8950089
 8950742
 8954655
 8954323
 8956319
 8957767
 1266768
 8957751
 8958447
 8962617
 8958753
 1201217
 8962478
 8959988
 8962046
 8960563
 8962379
 8958939
 8960299
 8961168
 8962204
 8959443
 8960234
 8963007
 8962245
 8959420
 8962203
 8962645
 8963538
 8966264
 8964448
 8965825
 8964017
 8964311
 8963913
 8965374
 8966123
 8964466
 8963992
 8965066
 8963752
 8964358
 8964781
 8963628
 8964716
 8965224
 8952503
 8910038
 8914588
 1128769
 8946825
 1201203
 1312086
 8954094
 8954106
 8957956
 8955970
 8959352
 8963130
 8960072
 8959782
 8958669
 8961560
 8960328
 8958432
 8959411
 8959593
 8961917
 8958485
 8961440
 8959044
 8961565
 8962043
 1354317
 8966317
 1361588
 1393365
 1393366
 1393378
 8963860
 8963869
 8963989
 8966112
 8964445
 8965705
 1198665
 8964840
 8965026
 8964190
 8965533
 8965088
 8959706
 8962893
 8961474
 8965973
 8918647
 8930447
 8937079
 8935809
 8954796
 8957471
 8957504
 8957510
 8957519
 8955894
 8956579
 8958579
 8958885
 8962446
 8961427
 8961198
 8949721
 8950233
 8960625
 8961743
 1393893
 8959319
 1202983
 8959845
 8961522
 8964654
 8964340
 8964386
 8965899
 8964016
 8964917
 8965886
 8965981
 8963610
 8964123
 8965277
 8965434
 8966052
 8963674
 8964726
 8963622
 8922498
 8923012
 8928772
 8929564
 8933902
 8937751
 8944827
 8941970
 8941983
 8942010
 8942738
 8945495
 8949120
 8952198
 8952919
 8953617
 8960040
 8962551
 8962652
 8959435
 8960754
 1202992
 8961248
 8961824
 8962258
 8961797
 8966021
 8966148
 1352292
 8954625
 8962440
 8962243
 8940480
 8945412
 8956330
 8957073
 8960851
 8965150
 8966048
 8966207
 8963697
 8964681
 8965110
 1196392
 8939641
 8941407
 8953683
 8956000
 1266774
 8959592
 8963107
 8962674
 8962497
 8960606
 1327317
 1327318
 8961724
 1198435
 8958703
 8963490
 1354253
 1198661
 1198663
 1330340
 8948236
 8946805
 8962530
 8933524
 8928346
 8926907
 8939236
 8940777
 1312005
 8946107
 1312031
 1312035
 1312046
 8949841
 8951552
 8955039
 1341170
 8951639
 8955274
 8955055
 8953274
 8951733
 1196412
 8957286
 8958109
 8958154
 8957018
 8960327
 8963127
 8962469
 8961981
 8962981
 8960253
 8960646
 8960996
 8961261
 8962432
 8960076
 8962052
 1393846
 1252521
 8959745
 8958751
 8959995
 8961819
 8962490
 8959577
 1382401
 8963081
 8962356
 8964420
 8965783
 8965916
 8966384
 1354254
 8964537
 8965962
 8963636
 8964040
 8964625
 8963911
 8963729
 8964775
 8964972
 8965489
 8963376
 8963477
 8964939
 8965585
 8965703
 8965709
 8965943
 8966201
 8966125
 8966253
 8966299
 8963692
 8963994
 8965344
 8965395
 8965546
 8964829
 1243095
 8964597
 8963977
 8964103
 8964116
 8965239
 8965255
 1336547
 8966196
 8937763
 1313243
 8953233
 8953244
 8957573
 8956422
 8957114
 8958821
 8962822
 8961040
 8963100
 8959064
 8961049
 8961485
 8962267
 8962150
 8961100
 8961814
 8961529
 8966219
 8965626
 8962508
 8963892
 1341003
 8948489
 8949639
 1341144
 8957309










