16-06-06
 8885917
 8914253
 8915172
 8917107
 8925775
 8923793
 8930024
 8933983
 8935570
 8936906
 8936913
 8933228
 8939250
 8939372
 8938020
 8937793
 8938346
 1393746
 1393749
 8937217
 8937757
 1186965
 1186967
 1327162
 1284794
 1284797
 8935525
 8935129
 8933245
 8940298
 8940779
 8939809
 8940781
 8938924
 8872784
 8883489
 8895849
 8897562
 8897888
 8899435
 8903548
 8909122
 8908265
 8915481
 8917722
 1126479
 8924616
 8924827
 1296927
 8931129
 8932635
 8931941
 8933905
 1126554
 8936879
 8932988
 8934968
 8933308
 8933311
 8934374
 8933754
 8936205
 8933364
 8939114
 8939653
 8937760
 8940348
 1223061
 8938689
 8939889
 8940629
 8937615
 8937812
 8940797
 8940859
 8940181
 8937403
 8939787
 8939799
 8939096
 8940292
 1327281
 8940273
 1040484
 8937314
 8937483
 1330275
 8937707
 8939134
 8937440
 8937805
 8932248
 8932259
 8938474
 8931314
 8907058
 1336274
 8932374
 8934729
 8937170
 8934184
 8935873
 1126562
 8939348
 8940453
 8939560
 8937479
 8939912
 8881643
 8881646
 1368088
 1382175
 1368119
 8901260
 8906406
 8903437
 8908307
 8914555
 8932825
 8931899
 8931557
 8931594
 1336833
 8933051
 8935577
 8935914
 8936701
 8936993
 8937120
 8937131
 8934666
 8935294
 8935324
 8935335
 8894557
 8883797
 8886616
 8897563
 1240837
 8912340
 8922083
 1327837
 8935979
 8934940
 1201260
 1201274
 8940393
 1386296
 8940361
 1175727
 1175732
 1175737
 8937326
 8937327
 8937531
 1194182
 8906400
 1352673
 1352509
 8925724
 8895721
 1254990
 8899833
 8899521
 8899559
 8903125
 1201385
 8907658
 8907382
 8917321
 8930128
 8936927
 8937098
 8934202
 8936153
 8936600
 8934249
 8935043
 8935429
 8935282
 8936107
 8936276
 8934382
 8935025
 8937721
 8938672
 8937764
 8938653
 8940352
 8940817
 8940898
 1223085
 8938033
 8940223
 8940810
 8940854
 8937633
 8938466
 8939433
 8940710
 8938731
 8939840
 8940698
 8940791
 8940838
 8940850
 8940861
 8938300
 8938085
 8939689
 8937550
 8938955
 8938846
 8938308
 8938729
 8939079
 1175736
 8940484
 8937762
 8938045
 8938483
 8939273
 8939509
 8939890
 1330310
 8937523
 8939984
 8938034
 8922178
 8930239
 8932772
 8931298
 8896737
 8936987
 8936998
 1393681
 8935587
 8936171
 8933512
 8935234
 8938744
 8938098
 8917605
 8937988
 8938855
 8882281
 8886858
 8890465
 8896600
 8897138
 8894595
 8899534
 8900122
 8905150
 8905628
 8902892
 8909093
 8907610
 8913847
 8913191
 8914342
 8921113
 8921126
 1327690
 8921833
 8921841
 8920271
 8918374
 8921456
 8923337
 8922109
 8922110
 8922112
 8922113
 8922119
 8924601
 8923863
 8922558
 8923488
 8928849
 8926693
 8926846
 1305400
 8934231
 8935363
 8936695
 8935223
 8934209
 8939871
 8937579
 8939481
 8937304
 8938198
 8940427
 8938273
 8939893
 1390444
 8939583
 8937459
 8916799
 8919262
 8924469
 8930049
 1327467
 8928074
 8930877
 8931000
 8890213
 8930487
 8935902
 0978468
 8934048
 8933724
 8933781
 8940995
 1327280
 1175734
 1175747
 8940310
 8869763
 8883755
 8883759
 1368094
 1368095
 8887608
 8892848
 8892851
 8892860
 8897730
 8897736
 8897741
 8897746
 1305078
 8908285
 8909586
 8925658
 8924298
 8925879
 8927841
 8927805
 8932147
 8935970
 1330195
 1330208
 1330205
 8933442
 8934183
 8934614
 8936590
 1201348
 8937756
 8939978
 8937450
 8940536
 8937897
 8937458
 1291796
 8938542
 8940349
 1330280
 8940826
 8940256
 8881747
 8910418
 8916371
 8922956
 8926898
 8929922
 8931106
 8930883
 8932563
 8932423
 8930923
 8897423
 8908912
 1305365
 8923314
 8929850
 8928285
 8927539
 8892053
 8899417
 8903839
 8910297
 8929499
 8930887
 8932559
 8932700
 8934036
 8936409
 8935374
 8936357
 8936898
 8937124
 1327366
 8933995
 8933529
 8935317
 8938074
 8940077
 8937968
 8939630
 8939658
 8939943
 8940855
 8940877
 1234854
 8938190
 8937473
 8940527
 8938833
 8938379
 8937822
 8937991
 8881395
 8894107
 8894522
 8894545
 8926972
 8931219
 8932074
 1393717
 8935711
 8938485
 8937465
 8938943
 8937926
 8940702
 8937586
 8920736
 8923036
 8923478
 8935336
 8934185
 1393719
 8936200
 8934755
 8937228
 8937232
 8938350
 8940483
 8938898
 1223060
 8939382
 8940306
 8938683
 8939269
 8938865
 8939119
 8938829
 1233397
 8940711
 8939579
 8937389
 8940102
 8938084
 8889658
 8915736
 8934365
 8936412
 8933759
 8940004
 8940009
 8940318
 8938448
 8938849
 8940780
 8940883
 8901318
 8905616
 8905633
 8903249
 8904009
 8925224
 8922396
 8932515
 8930621
 8932064
 8931403
 8930969
 8930821
 8931819
 8935458
 8936890
 8935437
 8936489
 8934163
 8936382
 8939660
 8938395
 8939122
 1170316
 8937390
 8938612
 8938854
 8940664
 8940675
 8937942
 8939646
 8937964
 8940422
 1393730
 1393734
 8938185
 8939717
 8938902
 8940369
 8881647
 1339585
 8894461
 8894814
 1170790
 1284854
 8903855
 8907544
 8907362
 1336380
 1336382
 1336383
 8911312
 8914576
 8916322
 8916619
 8919800
 8920958
 1382067
 8918032
 8919035
 8925664
 1339156
 1126490
 8927737
 8928924
 8929597
 8928321
 8930089
 8927287
 8927886
 1223126
 8931614
 8934604
 8936244
 8934769
 8937118
 1194183
 8935295
 8933805
 8934947
 1330187
 8933322
 8935412
 8939184
 8939724
 1223066
 8938695
 8939664
 8939238
 8939877
 8937569
 8938257
 1327399
 8939995
 8939437
 8940080
 8940109
 8938628
 8938983
 8904765
 8933266
 1327444
 8936776
 8934680
 8936373
 8937246
 1201271
 8939092
 8938901
 8937554
 8940217
 8939189
 8937792
 8880647
 8889289
 8891577
 8892559
 8897845
 8896666
 8896281
 8894498
 8900048
 8900320
 8904102
 8904158
 1217471
 8905329
 8904559
 8906882
 8909427
 8907056
 8908917
 8910524
 8908813
 8918534
 1244794
 8919378
 8924814
 8922932
 8924429
 8922402
 8923034
 8925417
 8925790
 8925779
 8928272
 8929988
 8926720
 8927766
 8926345
 8927385
 8926749
 8931907
 8935215
 8934067
 1393708
 1393712
 1393713
 8933422
 1233396
 8937058
 1330216
 8934819
 1305790
 8936175
 1202711
 8940450
 8938353
 8938892
 8938762
 8937952
 8938182
 8938293
 1243842
 8939368
 8940934
 1284765
 8916456
 8924968
 8929539
 8934124
 1220870
 8936486
 8935660
 8938027
 1223084
 8940731
 8938388
 1393733
 1393737
 1393738
 8939270
 1327279
 8937927
 8938539
 8940085
 8940605
 8937636
 8938005
 8938032
 8940400
 8938508
 8914087
 8900312
 1266753
 8908229
 8914824
 8916911
 8925849
 8927736
 8926426
 8929914
 8926938
 8929058
 8927359
 8928984
 1296935
 8930707
 8931902
 1246175
 8930603
 8931867
 8931192
 8937119
 8934312
 8934338
 8936554
 8937021
 8935371
 8935323
 8937061
 8934321
 8936718
 8934905
 1201266
 8940183
 1341052
 8937276
 8937385
 8937828
 8937965
 8939452
 8940441
 8940863
 8940816
 0994340
 8940811
 1361767
 8940155
 8940333
 1393741
 8938207
 8939727
 8939736
 8939242
 8940222
 8858612
 8863978
 8862906
 8867426
 8868445
 1186700
 8872503
 8870022
 8868946
 8876785
 8875547
 8872978
 8874691
 8875019
 8877808
 8884196
 8881554
 8884250
 1276042
 8889137
 1276044
 8896830
 0977289
 8901382
 8901289
 8906307
 8908276
 8918451
 8920006
 8931810
 8881848
 1327160
 8892144
 8931544
 8940076
 8939183
 1239342
 8890455
 1305578
 8888378
 8910325
 8912159
 8916847
 8920783
 8921959
 1382076
 8922947
 8923064
 8927045
 8928575
 8932917
 8895624
 8898914
 8898918
 8898924
 8914566
 8915523
 8919784
 8917820
 0775761
 8925891
 8927959
 8937036
 8937095
 8933580
 8939277
 8940401
 8940827
 8937290
 8940949
 8937191
 8939325
 1175743
 8884604
 8889887
 8888651
 8891893
 8892425
 8901125
 8908744
 8908470
 8909544
 8934974
 8894639
 8896278
 8897033
 8905784
 8909914
 8907824
 8908933
 8911599
 8918347
 8921297
 1327567
 8917487
 8920379
 8921637
 1342433
 1327456
 8925995
 1359004
 8925439
 1163169
 8929247
 8930230
 8927403
 8929221
 8932644
 8931474
 1220886
 8934236
 8935402
 8936645
 8934245
 8934566
 8935199
 1126560
 8938908
 8939258
 1223090
 8938552
 8938593
 1386258
 1386265
 8938381
 1240885
 8939891
 1327398
 8940260
 8938680
 8940314
 8939391
 8937193
 8937301
 8937982
 8938049
 8939456
 8927863
 8931193
 8934361
 8936491
 8940520
 8938471
 8939545
 8940218
 8939124
 8937356
 8937701
 1330281
 8937799
 8895295
 8894723
 8906929
 8913291
 8919567
 8930010
 8929007
 8927277
 8930591
 8932406
 8932567
 8932779
 8931026
 8935797
 8933974
 1327619
 8932928
 8933011
 8934611
 8934671
 8936156
 8935808
 1352971
 8937463
 8938452
 8938233
 8938826
 8938547
 8938587
 8939602
 8938791
 8938968
 8938634
 8940436
 8940717
 8940847
 8940951
 8940288
 1175741
 8937248
 8937480
 8937504
 8938107
 8938538
 8939564
 8939590
 8938588
 8937811
 8913265
 8912332
 8918227
 8922176
 8925067
 8928893
 1386412
 8936965
 8936301
 8933773
 8935258
 1330246
 8933988
 8940931
 8939756
 8937826
 8938375
 8938738
 8939029
 8940775
 8938077
 8938648
 8939257
 8940111
 8938099
 1330306
 8938327
 8940380
 8937820
 8904799
 8907969
 8908396
 8912890
 8914974
 8920908
 8922690
 8926641
 8926579
 8926794
 8928756
 8930002
 8928415
 8931585
 1202440
 8935783
 1313188
 8933732
 8935501
 8935765
 8935999
 8939195
 8937434
 8940297
 8937896
 8940187
 8937210
 1240068
 8921510
 8925198
 8935026
 8935292
 0893774
 8933426
 8936312
 8934484
 8935728
 8935243
 8937683
 8937405
 8940197
 8938777
 8940133
 8940639
 8938355
 8940590
 8938176
 8940813
 8939426
 1175738
 8937661
 8939709
 8940718
 8938476
 8897095
 8919686
 8925531
 8926095
 8923576
 8929682
 8927118
 8928812
 8927800
 8932483
 8932766
 8935736
 8936342
 8936733
 1165581
 8933125
 8934943
 8935218
 8933696
 8936978
 8935020
 1330204
 1330230
 8933400
 8939001
 8940195
 8938850
 8938897
 8940088
 8940824
 8940828
 8940646
 8940721
 1386300
 8937883
 8937941
 8938126
 8938156
 1284674
 8938554
 8939240
 8939666
 8940330
 8940415
 8940829
 8938065
 8940125
 8940224
 8940613
 8937192
 8938041
 8938610
 8938956
 8940769
 1249204
 8938561
 8938853
 8939050
 8940495
 8940747
 8940857
 8940888
 1327262
 8939296
 8939988
 8939797
 8940343
 8940476
 8940687
 8937229
 8939528
 8937334
 8937745
 8937888
 8937929
 8939985
 8938357
 8937568
 8939100
 8905704
 8929937
 1393696
 1291768
 8937135
 8934971
 8935983
 1327635
 8940746
 1327287
 1223202
 8902634
 8911822
 8914582
 8921453
 8931632
 1165573
 1393704
 8935426
 8935061
 1339628
 8933338
 8936463
 1126558
 8939927
 1191231
 8938342
 8939454
 8940928
 1188759
 8940130
 8937419
 8939524
 8939690
 1175731
 8938506
 8937520
 8937697
 8939864
 8882299
 1352996
 1254473
 8923219
 8928482
 8926857
 8930898
 8934358
 8935464
 8934607
 8933446
 8934638
 1191230
 8938461
 1393731
 8938529
 8934480
 8929956
 8931649
 8936311
 8936678
 8934855
 8934871
 8934348
 8939648
 8938585
 8938258
 8938888
 8937556
 8938937
 8940046
 8937769
 1330304
 8937809
 8937787
 8939612
 8939622
 8937254
 8938584
 8938795
 8854015
 1342351
 8857049
 1208900
 1208974
 1386374
 8874735
 8885827
 8890217
 8893503
 8895785
 8896692
 8895566
 8899522
 8907685
 8924954
 8924679
 8928441
 1296596
 8931276
 8930564
 8934116
 8934718
 8934739
 8936976
 8933189
 8938751
 8919250
 8925157
 8928596
 1393654
 8929675
 8932775
 1393677
 8933055
 8934473
 8936363
 8936502
 1165584
 1239286
 8935586
 8935366
 8936124
 1393706
 8934955
 8934972
 8935009
 8935860
 8936681
 8935375
 8934885
 8936447
 8940459
 8939416
 8938660
 8939282
 8938869
 8939480
 8939504
 8940610
 1386259
 8937877
 8939935
 8937552
 8939387
 8938318
 8939016
 8940935
 8940357
 8940581
 1393728
 8937671
 8937233
 8937265
 8937312
 8938268
 8938226
 8937482
 8939832
 8940564
 8939288
 8940186
 1178728
 8938409
 8937332
 8937632
 8938832
 8937726
 8939482
 8940048
 8939810
 8938941
 8937894
 8938771
 8938813
 8939383
 8939547
 1390441
 8939950
 8907766
 8911528
 8918544
 8918582
 8919972
 8920058
 1305403
 8928460
 8932796
 8932397
 8936265
 8934793
 1305775
 8937653
 1223082
 8938455
 8938477
 8938785
 8937814
 8937957
 8938052
 8939700
 8937400
 1330313
 8937532
 8928434
 8936650
 8886406
 8925729
 8927677
 8927694
 8930782
 8935477
 8936461
 8936794
 8933831
 8934763
 8936668
 8936575
 8934253
 8934074
 8934306
 8934330
 8940679
 8940872
 8938030
 8939278
 8939500
 8938347
 1393751
 8939237
 8939746
 8939850
 1175744
 8939193
 8939586
 8938365
 8939386
 8938525
 1164003
 8907805
 8939710
 8884822
 8884440
 8901207
 1217414
 8899282
 8907900
 8911591
 8915220
 8920605
 8916993
 8916999
 8919299
 8918437
 8920982
 8920973
 8918313
 8916874
 8925974
 8925424
 1336811
 1352529
 8929544
 8927583
 8928221
 8928562
 8928646
 8929337
 8928750
 8926870
 8927603
 1128622
 8926959
 1296573
 1296585
 1296589
 8927248
 8926619
 8926539
 8926316
 8930984
 8932646
 8932668
 8932608
 8935328
 8936995
 8934432
 8934794
 8936105
 8935144
 8934627
 1202712
 8937966
 1014402
 1352012
 1126227
 1236500
 1352484
 8908414
 8920259
 8921704
 8919001
 8921129
 8920281
 8922169
 8923482
 8923526
 8929287
 8931633
 8932676
 8932261
 8936023
 8934973
 8935674
 8935706
 8936252
 8934736
 8936924
 8936997
 8936999
 8933227
 8934582
 1339165
 8933499
 8936945
 8936429
 1201797
 8838683
 8838695
 8869530
 8882848
 8888231
 8892276
 8892281
 8897536
 8896317
 8896346
 8894387
 8895596
 8902186
 8898721
 8898762
 8901022
 8898573
 8898833
 1284755
 1014834
 1336905
 1336906
 8899934
 8903553
 8905983
 1240832
 8902193
 8902194
 8902234
 1352446
 8905286
 8907896
 8908706
 8910310
 8909829
 8907866
 1336395
 1336396
 1336397
 1336398
 1336399
 8907224
 8914512
 8912557
 8911256
 1296298
 8911823
 8915313
 8915990
 1352556
 1126386
 8917698
 8920315
 1128254
 8920289
 8917546
 1336605
 1336607
 1336608
 8920243
 8917477
 8924971
 1393549
 8922117
 8922126
 8922184
 8923062
 8929222
 8930188
 8928070
 8928078
 8928086
 8928800
 8929525
 8928139
 8927832
 8927598
 8931996
 8931268
 8932508
 8932784
 8930929
 0893784
 8934573
 8934463
 1386256
 8935420
 8934102
 8935726
 8936910
 8934132
 8934117
 8935419
 8935718
 8933235
 8934687
 8935108
 1330225
 8934953
 1352571
 8934839
 8935891
 8938370
 8938562
 8939585
 1386293
 8938046
 8937361
 8938194
 8940525
 8940774
 8939292
 1291708
 8939987
 8938620
 1040495
 8938014
 8938420
 8938652
 8891970
 1353000
 8924393
 1254329
 8896489
 8896055
 8902647
 8910066
 1327822
 8918726
 8923830
 8922695
 8923268
 8928149
 8926801
 8927452
 1393679
 8930699
 8931320
 8933151
 8935131
 8934438
 8934789
 8933413
 8935806
 8935865
 8936416
 8936170
 8936100
 8933743
 8935890
 8936045
 8933978
 8934704
 8937209
 8937604
 8937872
 8939078
 1386270
 1386282
 1386283
 8938463
 8938903
 8939853
 8939371
 8940411
 8940416
 8939062
 8939611
 8940680
 8937221
 1291795
 8940907
 8937667
 1040483
 1040490
 8939503
 8939801
 8937590
 8938383
 8935617
 8881968
 8889891
 8905372
 8906980
 8906982
 8909897
 8922990
 8927578
 8927661
 8928967
 8928193
 1188912
 1240862
 1296594
 8928916
 8928464
 8928958
 8927691
 8926729
 8930942
 8932127
 8932730
 8935855
 8933702
 8935096
 8935385
 1194185
 8935438
 8935175
 8935183
 8933196
 8940657
 8938857
 8940340
 8938447
 8937695
 8937961
 8940770
 8940788
 8940818
 8937730
 8940626
 8939781
 1327275
 8939932
 8939963
 8940067
 8938540
 8938541
 8898944
 8905199
 8921332
 8920701
 8918391
 8923642
 8923217
 8923252
 8928077
 8929450
 1296851
 8932041
 8931020
 8931269
 1126552
 8936052
 8933076
 8936198
 1393711
 1393722
 8933516
 8935407
 8936010
 8934777
 8935137
 8935432
 8933943
 8935185
 8935975
 8935503
 8935723
 8940227
 1126571
 8939028
 8938348
 8939490
 1386274
 8937920
 8937925
 8939755
 8938702
 8939719
 8940403
 1393732
 8938861
 8940648
 8940050
 8939919
 8940550
 8938963
 8939359
 8940319
 8940366
 8940745
 8937744
 8938036
 8938082
 8938803
 8938010
 8939533
 8807043
 8888300
 8901271
 8900175
 8903676
 8905236
 8909358
 8908031
 8919888
 8918520
 8928954
 8927686
 8926677
 8931605
 8932380
 8935690
 8936084
 1296942
 8933571
 8933900
 8934932
 8935712
 1352962
 8938800
 8939449
 8939765
 8940275
 1223080
 8938931
 8940086
 8940404
 8938671
 8939834
 8940323
 8940756
 8940910
 8937543
 8938681
 8939337
 8939561
 8940434
 8938501
 8938638
 8939601
 8939925
 1352198
 8924119
 8932722
 8934314
 1239233
 8922149
 8922429
 8927365
 8926497
 8929220
 8933134
 8903874
 8907356
 1361258
 8915214
 8920003
 8922826
 8922921
 8927662
 8931513
 8934381
 8933963
 1279941
 8937006
 1330219
 8912089
 8919272
 8923113
 8923750
 8930032
 8930983
 1202108
 8934304
 8936448
 1249203
 8934281
 8933931
 8939790
 1175735
 8937663
 8921748
 1291762
 8924675
 8922434
 8925679
 8926047
 8926523
 8929169
 8929731
 8929006
 8929895
 8930920
 8932414
 8930911
 8930849
 8935484
 8935377
 1284713
 8935031
 8933964
 8934809
 8936996
 8936758
 8936112
 8936852
 8936935
 8936417
 8935080
 8935634
 8936617
 8934606
 8933027
 8936231
 8934746
 8937979
 8938726
 8937646
 8940206
 8939550
 8938847
 8937847
 8937891
 1386284
 1386290
 8938163
 8938666
 8939638
 8937340
 8937824
 8939816
 8939820
 8940413
 8940763
 8939088
 8940081
 8940526
 8940760
 8940894
 8938727
 8937827
 8938056
 8939141
 1234853
 8939753
 8940875
 1175745
 8937953
 8938586
 8938752
 8938763
 8938870
 8939956
 8937392
 8939153
 8937815
 8937880
 8938780
 8940338
 8939980
 8939362
 1254354
 8937387
 8938435
 8940042
 8924850
 8928293
 1371247
 8931190
 8934715
 8936552
 8935442
 8934383
 8936400
 1223092
 8937761
 8937752
 8826962
 1217132
 8876975
 8887402
 1217395
 8897349
 8903060
 8922703
 1327477
 8927772
 8934122
 8935022
 8938437
 8940278
 8937681
 8938250
 8909056
 8914761
 8920438
 8925152
 1194187
 1240881
 1327436
 8935854
 8934914
 8933737
 8938599
 1249205
 1330686
 8938990





