16-06-23
 8980214
 8991646
 8994822
 8995900
 8994402
 8996282
 8997948
 8999911
 9003729
 9000732
 9003289
 9003372
 9003630
 9002099
 9003028
 9003657
 9003660
 9001225
 9001645
 9002542
 9002851
 9004110
 9007041
 9004165
 9004169
 9006322
 9006683
 9007205
 9006184
 9007055
 9004229
 9005187
 9005628
 9004215
 9002602
 9003183
 9002427
 9001700
 9005444
 9004855
 9005175
 9005701
 9006020
 9005429
 8985928
 1364232
 8984822
 8990494
 8989779
 1239707
 8994193
 8995065
 8992617
 8997567
 8997801
 8997778
 8999696
 8996801
 9001129
 9001388
 9002783
 1366429
 9003298
 9000035
 9000467
 9001757
 9002807
 9001214
 9005144
 9004016
 9004804
 9004931
 9005953
 9003892
 9006212
 9007435
 9005973
 9007139
 9007152
 9007279
 1376075
 1341849
 9006369
 9004435
 9005195
 9006563
 9004172
 9006756
 9006907
 9004075
 9004257
 9006718
 9007024
 9005804
 9006435
 1175554
 1175557
 1217714
 9006842
 1198722
 9006602
 9006248
 9004054
 9004880
 9005107
 9005339
 9005869
 9006921
 9004396
 9005613
 9004663
 9004429
 9004849
 9005394
 1266794
 8988336
 8985207
 8998785
 8997526
 8969297
 8993828
 8999736
 8995073
 8994086
 8999435
 9001670
 9000161
 9001181
 9002316
 9000491
 9000535
 1368664
 9003733
 9002575
 9000329
 9006795
 9007207
 9005133
 9006903
 9006574
 1175844
 9004810
 9004955
 8964345
 8984701
 8984573
 8988260
 8988446
 8989274
 8991987
 8989217
 8992451
 8994429
 9004436
 8973897
 8979583
 1382601
 8984647
 8988577
 8991308
 8997547
 8999999
 9000243
 1240515
 9003443
 8985313
 8987723
 8990202
 8990984
 8993092
 8993392
 8993802
 8993461
 8994418
 8997589
 8998912
 8997700
 8998280
 0978699
 9002771
 1254383
 1254384
 9002336
 9006541
 9003858
 9004936
 9005901
 9006560
 9006582
 9004260
 9004202
 9004219
 9005370
 1324205
 8990648
 8995441
 8998382
 9002053
 9000626
 8975003
 8974106
 8982569
 8987239
 1010989
 8984839
 8984840
 8988556
 8989026
 8990776
 8988996
 8989806
 8990605
 8990708
 8992518
 8995046
 8993304
 8992630
 1387100
 9000777
 8999002
 8998019
 1362014
 9002383
 9003290
 1365071
 1381002
 8966709
 8966936
 8976266
 8974238
 1201119
 8978105
 1364238
 8990736
 8994355
 8992902
 8994139
 8996155
 8997798
 8998472
 9002676
 9003790
 9003171
 9003333
 9001902
 9003314
 9003401
 9003048
 9001169
 9002166
 9001321
 9004509
 9005223
 9005023
 9006055
 9006099
 9006645
 9006967
 9005124
 9005286
 9005432
 9007127
 9007221
 9003995
 1323936
 9006174
 9004587
 9004895
 9005252
 9006648
 9006657
 9006945
 9006977
 9003817
 9003902
 9004377
 9006774
 9004898
 9005525
 9007283
 9005776
 1366442
 9004638
 9005923
 9005803
 1217715
 9005103
 9007268
 9004891
 9003953
 8972574
 8992099
 8991089
 8995622
 8999121
 9002670
 9002051
 9001191
 8987313
 8995509
 8993736
 8998092
 9002400
 9002173
 9001842
 1198718
 9006017
 8974036
 8975944
 8975758
 1254112
 8979315
 1368456
 8985850
 8991449
 8989548
 8988988
 1332144
 1332241
 8993873
 8994861
 1387062
 8995497
 8995426
 8993107
 1341831
 8997345
 8998377
 8999078
 8998302
 8998045
 8998054
 8997626
 8997057
 8997266
 8999256
 9002550
 1284580
 1284581
 9000597
 9002953
 9003121
 9002438
 9002029
 9001378
 9001103
 9001634
 9002145
 9006914
 1354415
 9004390
 9004164
 1272598
 9006337
 9007113
 9006349
 9006951
 9006177
 9004606
 9005239
 1324170
 9005388
 9006543
 9004238
 9005244
 8994333
 8997655
 8967562
 8988097
 9000304
 1175382
 8967543
 8967643
 8967723
 8968146
 8968170
 8968579
 8968706
 8966838
 8970490
 8970622
 8970923
 8990347
 8997594
 1359073
 9001475
 9000159
 9001683
 1376062
 1341845
 9006598
 9007108
 9004759
 8983548
 1239714
 9000143
 9002496
 9002297
 9004403
 9007065
 1175397
 9004402
 8982872
 8987138
 8991814
 8990688
 8996245
 8980539
 8984643
 8986063
 8991199
 8988920
 8995360
 8999924
 8999926
 9002426
 9000850
 9000411
 9003647
 9001669
 9001101
 1365098
 9003097
 0979064
 9005483
 9005273
 9005728
 9004798
 9007249
 1323958
 1323917
 9007123
 9006815
 9006876
 9007028
 9007187
 9007285
 9007291
 9007311
 9007334
 9004559
 9004496
 9006115
 9007292
 9004532
 9004120
 9004177
 9005760
 9006766
 8970445
 8996188
 9002931
 1387188
 9003593
 9000642
 9002359
 9007416
 9004167
 9005998
 9004042
 1387229
 1387237
 9003871
 9006606
 8979192
 8989709
 8993586
 8998049
 8999009
 1362024
 9001435
 9002399
 9001858
 9005166
 9003845
 9004957
 9005714
 9005976
 9006385
 9005274
 9006499
 9005287
 9004412
 9005663
 9005830
 9005942
 9004071
 9004768
 9005076
 8995487
 9002352
 9002707
 9005194
 9005458
 9007242
 9007340
 1387228
 1284551
 8990147
 8993839
 8993234
 8994489
 8992613
 8996838
 8998823
 8999042
 8998351
 8997779
 8999500
 8997136
 8997198
 8997346
 8996795
 9000426
 9002210
 9001567
 9002213
 9002223
 9002838
 9000367
 9007432
 9004393
 9005850
 9006640
 9004900
 9006052
 9005019
 9006081
 9005495
 1175843
 1175849
 9003946
 9005012
 9006130
 9004081
 9004101
 1305429
 8980558
 1336231
 8983050
 1336015
 8997187
 1175375
 1362013
 0978693
 1165671
 9004978
 9006564
 1387209
 1387213
 1387235
 9005754
 1291877
 1366283
 1175837
 9006370
 9005145
 8987336
 1175642
 8992225
 1304040
 9003038
 9004204
 9004097
 8967073
 8975389
 1368521
 1305467
 8985950
 8987897
 8988099
 8989022
 8989259
 8988836
 8994350
 8993014
 1387093
 8996919
 8998605
 8996566
 8999695
 9001049
 9002449
 1361335
 9002635
 9003462
 9002218
 9003397
 9002757
 9000991
 9000997
 9000484
 9001329
 9001556
 9002768
 9002881
 9000671
 9003102
 9006012
 9007223
 9007076
 9007254
 9004672
 9005487
 9003980
 9004247
 9005440
 9005298
 9005685
 9006179
 9006605
 1382538
 1382539
 8990236
 8997069
 8999415
 8998133
 9000284
 9003049
 9003129
 1304048
 9001050
 9001252
 9001682
 9002884
 9003073
 9003109
 9003199
 9000619
 9001972
 9002712
 9000462
 9003375
 9005497
 9006311
 1376080
 9004211
 9004534
 9005281
 1387211
 1387215
 9005480
 9006639
 9007335
 1365583
 9005278
 9005527
 9006323
 9006458
 9005271
 1324207
 9004593
 9004979
 9004859
 1381460
 9004623
 9005112
 9006338
 8973848
 8981260
 8994347
 8995944
 1361382
 8999366
 8998030
 8996276
 8998479
 8999358
 8997489
 8996559
 8998393
 8997427
 9000906
 1387187
 9001042
 9002369
 9000289
 9000341
 9002396
 9002665
 9004175
 9003891
 9005877
 9005270
 9005903
 1175841
 9005733
 9006258
 9006480
 8942803
 8941813
 8941986
 8944500
 8943689
 8945118
 1128111
 8945459
 8945405
 8945974
 8958200
 8960019
 8966614
 8973886
 8987083
 8994917
 8987520
 8990607
 8995072
 1175532
 8996221
 8997338
 1387193
 9003625
 9001544
 9003083
 9000493
 1328033
 9000420
 9006022
 9004586
 9006166
 9005851
 9003367
 9001651
 9003490
 8986792
 8994421
 9002568
 9003711
 9001878
 9001925
 9007366
 9006971
 9007238
 9007247
 9007325
 9003857
 9005948
 8968035
 8970986
 8974343
 8980387
 8987467
 8987750
 8989195
 8991821
 1341707
 1341723
 8996226
 8996675
 8998445
 8997618
 8997373
 8997930
 9002832
 9003311
 9002397
 9001289
 9003663
 9000305
 1196610
 9004928
 9005697
 9005715
 1323915
 1323918
 1323938
 1323939
 9006152
 9006579
 9004000
 9005237
 9005504
 9006187
 9004614
 9004420
 9005210
 8990587
 8995969
 9002557
 9003320
 9004362
 9005147
 9005215
 9005258
 9006663
 9004162
 9003861
 9004289
 9006901
 8986517
 8986604
 8995667
 1291828
 8995227
 8993935
 8994437
 8996727
 8998196
 8998126
 8997733
 8997619
 9001705
 9001982
 9000485
 9003160
 9003244
 9000366
 9001721
 9002846
 9003078
 9003400
 9003601
 9002910
 9003122
 9001328
 9001761
 9001248
 9000235
 9000701
 1196601
 9005657
 9005291
 9004489
 1323922
 9004725
 9005453
 9005590
 9004988
 9004065
 9004601
 9007112
 9004186
 9006887
 9003896
 9004128
 9006062
 8991929
 8993987
 8994744
 8994984
 8993289
 8993526
 8993188
 8992564
 8997763
 8999491
 8997088
 8998880
 8999582
 8996318
 9002526
 9001843
 9000142
 9002827
 9001780
 9001335
 9003362
 9003369
 9006437
 9005678
 1376079
 9004282
 9004275
 9004994
 9005629
 9004608
 9005766
 9005635
 9005792
 9007017
 9004492
 9006897
 9005040
 9004053
 9006673
 9004550
 9006783
 9006813
 8941397
 8983604
 8990319
 1366256
 8999269
 8998353
 1234884
 8997876
 8996806
 0978695
 1354274
 9003568
 9001099
 9005661
 8969426
 8970930
 8983144
 1361364
 1296243
 9000908
 9001527
 9004753
 9004944
 9006103
 9006157
 1376084
 1376090
 9003977
 9004322
 9005535
 9006294
 9006735
 9006755
 9005118
 1164035
 9005299
 9006923
 9004813
 9006879
 8986208
 8987716
 8993062
 8994420
 1332245
 1354237
 8996751
 8999344
 8997954
 9003761
 9003806
 9002619
 9003631
 9002517
 9002170
 9002564
 9001434
 9002305
 9003217
 9003465
 1366387
 9002037
 9002558
 9000853
 9001085
 9002781
 9001383
 9001809
 9002311
 9007378
 9006497
 9007248
 9007130
 9004421
 9004494
 9004841
 9005203
 9005949
 9006118
 9006172
 9006310
 9006988
 1323905
 1323927
 1323933
 9004277
 9004708
 1239733
 1239734
 9005912
 9004568
 9005871
 9005434
 9007009
 9007015
 9007016
 9007020
 9007342
 9005369
 9004956
 9005358
 9006194
 9006237
 9007167
 1387214
 9003893
 9005566
 9005320
 9006697
 9003876
 9005055
 9005363
 9005882
 1324150
 1324169
 1243606
 9005459
 0647177
 1332226
 8999461
 9000029
 9005354
 1323940
 1366285
 9006380
 9001157
 1359072
 1339413
 9004023
 9004024
 9005154
 9005615
 9004973
 9003937
 9005341
 9004398
 9006434
 9004504
 9005069
 9005077
 1291874
 1291876
 1291875
 9005533
 9006682
 9006978
 1366437
 1175847
 1175848
 9004019
 9005384
 1254241
 8999156
 8998470
 9001995
 9000406
 9003187
 9001408
 9002624
 9000314
 9000038
 9005538
 9005826
 9006944
 9005084
 9005352
 9007038
 9004687
 9000907
 9005472
 9005297
 1324179
 9005249
 9006847
 8994855
 9002700
 9005372
 8975168
 9001332
 9002979
 8973933
 8983581
 1387168
 8990150
 8994445
 8996167
 8996118
 8996121
 9003274
 9001442
 9003148
 9001238
 9002788
 0977070
 9000883
 9002774
 8995723
 8999557
 8998559
 8999061
 8999485
 8996185
 1390652
 8996966
 8997298
 8998794
 9001324
 9003092
 9002015
 9003732
 9001294
 9000977
 9002381
 9002209
 1145931
 1145935
 9007380
 9005238
 9004783
 9004185
 9004821
 1354454
 9006545
 9007046
 9005722
 1323925
 1323931
 1323932
 9006191
 9006608
 9004108
 9004246
 9006175
 9004134
 9004370
 9005656
 9005958
 1387220
 9006030
 9007012
 9004008
 9006826
 9006764
 9007078
 9004441
 9004302
 9005473
 9003853
 9006014
 1324178
 1324201
 9004036
 9004114
 9005331
 9005819
 9006154
 9006173
 9006335
 9005982
 9007241
 1366403
 8992274
 1175511
 8990511
 8995138
 1390748
 8998024
 9002233
 9001376
 9002388
 9001657
 9006267
 9004953
 9006069
 9005624
 9004100
 9005173
 9006678
 9006905
 9006940
 1387221
 1387223
 9004369
 9005956
 9006211
 9007079
 9005485
 9007411
 9004659
 9005993
 1381462
 8998658
 1387195
 1390660
 1339417
 9000736
 9007198
 9007293
 9007301
 9005181
 1272617
 1272618
 9005560
 1387234
 1387236
 9006549
 9004452
 9006757
 9004214
 1324221
 9004447
 9005267
 8963281
 8964401
 8969606
 8973804
 8977206
 8975076
 8975125
 1305108
 1305111
 1305112
 8977817
 1339175
 1324129
 1393600
 8998544
 8999389
 9003037
 9001054
 9001312
 9001663
 9003158
 9001971
 9006721
 8993747
 9003249
 8993604
 8970802
 8989479
 8990804
 8995108
 8999401
 8999230
 9003177
 9001492
 9001621
 9001980
 9003294
 9000984
 9001795
 9002949
 9002377
 9002935
 9003514
 1376078
 9005476
 9006691
 9007137
 9007197
 9004232
 1381463
 1381464
 9004104
 1327624
 8990005
 8989864
 8992810
 8993110
 8997330
 9001547
 9002636
 1126662
 9000607
 9000996
 9002085
 9001480
 9001064
 9001759
 9000382
 9003592
 9001440
 9000023
 9000048
 9000533
 9003959
 9004904
 9006694
 9005638
 9006265
 9004747
 9005940
 9006983
 9007138
 9004734
 9005398
 9006792
 1366281
 9004410
 9005464
 1164033
 9003884
 1336035
 8977958
 1364042
 8984878
 8998729
 8997352
 8996938
 8996927
 8999800
 8997286
 9000211
 9001849
 9000226
 9002684
 9002848
 1361164
 9001268
 9000054
 9002769
 9000264
 9001552
 9000145
 9001893
 1381003
 9001871
 0979066
 9003886
 9004353
 1323921
 9007119
 9005887
 1272612
 9006973
 9007328
 9004222
 9004161
 9007308
 9005574
 9006510
 9006538
 9004599
 9006442
 9004359
 9004561
 9006035
 8998829
 8997024
 1381167
 1381467
 1381470
 1381473
 8989025
 8993442
 8995037
 8995963
 8992844
 8994635
 8992579
 8995134
 8995585
 8994671
 1198553
 8999307
 8997540
 8998424
 8984506
 8990600
 8989348
 8993384
 8998074
 8999296
 8999192
 8997132
 9001323
 9002653
 9003202
 9003024
 9000649
 9002658
 1376066
 1376074
 9005575
 9006297
 9005707
 9004739
 9005049
 9004721
 9006262
 1365575
 9006448
 9007189
 9004240
 9006355
 1364091
 8992459
 9003330
 9001650
 9001441
 1361349
 9003869
 9004226
 9006634
 9006993
 1376063
 9004552
 9004570
 9006024
 9004545
 9004580
 9005679
 9006999
 9005115
 9006243
 9007272
 1324206
 8999393
 8997546
 9001012
 9002152
 8980428
 8984174
 8986707
 1332070
 8989689
 8995638
 8992392
 8997597
 8998154
 9001350
 9000439
 9003013
 9003058
 9002146
 1254128
 1365581
 9000685
 8980450
 1198622
 8995728
 8996682
 9001498
 9000617
 1239730
 9000999
 9002440
 1366266
 9001983
 9005469
 9006998
 9005477
 1198710
 1198711
 9004210
 8974460
 8978538
 8982075
 0994486
 1368468
 1010990
 8992193
 8994525
 8994638
 8994061
 8996120
 9001720
 9004001
 9004005
 8998956
 9000525
 1266791
 8973003
 8981211
 8978482
 8981451
 8988022
 8991751
 8989781
 8991261
 8989659
 8993797
 8995263
 8995800
 8993240
 8992814
 8998946
 1239420
 8999843
 8999916
 8999759
 8996637
 8997564
 8999607
 9002368
 9000937
 9003043
 9000434
 9001151
 9000534
 9002817
 9003107
 9003261
 9003277
 9003586
 9003611
 9000586
 9003196
 9001058
 9002016
 9003507
 9000051
 9000100
 9000323
 9002260
 9002565
 9000291
 9001889
 9002701
 9000293
 9000765
 9001709
 9002184
 9002448
 9004201
 9006653
 9006839
 9005999
 1354405
 1354465
 9004107
 9004290
 9004413
 9005446
 9005524
 9006495
 9007075
 9007263
 9005863
 1376088
 9004020
 9005846
 9005929
 9003975
 9004250
 9005665
 9006786
 9006806
 9006949
 9007178
 9007363
 9006246
 9007230
 1387217
 9004391
 9007027
 9005808
 1175845
 1175553
 9007059
 9004793
 9006749
 9004716
 9003899
 9004678
 9004811
 9004428
 9006090
 9006185
 9006853
 9006863
 1324146
 9004463
 9004368
 9006878
 9005512
 9006230
 8982660
 8998693
 8996215
 9002300
 9003254
 9003411
 9003656
 9002128
 9001240
 1010868
 9001270
 9001718
 9005890
 9007190
 8978009
 8990406
 8999135
 9001518
 9003017
 9004310
 9005544
 9005611
 8877574
 8921892
 1336561
 8923567
 1339666
 1339673
 1339674
 1339681
 1339684
 1339685
 1339736
 8967781
 1011117
 1011118
 1011119
 1010952
 1010957
 1011000
 1010999





