16-06-27
 8967783
 8970326
 8992141
 8999155
 9001355
 9010414
 9008732
 9008954
 1379377
 9008594
 9013525
 9014641
 9014858
 9014903
 9013739
 9012202
 9013583
 9014568
 9014658
 9014832
 1387317
 9012255
 9011075
 9013087
 9014310
 9015703
 9015873
 9016974
 9016729
 9015346
 9015947
 9015954
 9016713
 9016786
 9015314
 9015871
 9016443
 1387345
 9015155
 9015550
 1366311
 9015071
 9012341
 9013672
 9014112
 9014704
 9015000
 9011666
 1366194
 9014960
 9010948
 9016914
 9015769
 9016234
 9016612
 9016848
 9015549
 9016024
 1284926
 8967136
 8974226
 8976791
 8974435
 8978446
 8978665
 8983004
 1361446
 8985568
 1365474
 8993408
 8995726
 8993598
 8998123
 8999120
 9000913
 9004558
 9005502
 9010501
 9014989
 9015039
 9015059
 9012578
 9013979
 9012426
 9012435
 9013350
 9013620
 9014850
 9012646
 9013895
 9014619
 9012000
 9012172
 1379454
 9012868
 9013736
 9011123
 9013559
 9012190
 9013041
 9011613
 9012301
 9013663
 9010880
 9016334
 9015817
 9016031
 9015935
 9016420
 9015527
 9015638
 9015801
 9015806
 9016430
 9016594
 9016023
 1014308
 9015482
 9015896
 9015390
 9014324
 9009156
 1188781
 9012555
 9013858
 9011603
 9016065
 9015885
 1243634
 1243619
 9015883
 8964408
 8965035
 8968093
 8966401
 8966735
 8977513
 8981586
 8982211
 8986920
 8986928
 8984518
 8986461
 9001538
 8964723
 8966665
 8970296
 8956585
 8958978
 8966866
 8976331
 8945498
 8945586
 1390449
 8963219
 8958438
 8958464
 8964462
 8966230
 8966744
 8968598
 8969723
 8967161
 8967166
 8969849
 8971800
 1382442
 8975565
 8973995
 1382465
 8998283
 9011062
 9013795
 9011552
 9012692
 1339436
 9011213
 9016946
 1223047
 9015339
 9016368
 1243626
 9015820
 1381916
 1254393
 8994293
 9007037
 9010669
 9010640
 9008519
 9009160
 9010804
 9010528
 8980895
 8966766
 8981378
 9000495
 9006076
 9004588
 9009113
 1160151
 9007642
 9013691
 9016090
 8961487
 8969570
 8967676
 8973607
 8976084
 8987342
 8985396
 8991654
 8995291
 1366201
 8999660
 8999201
 8999754
 9002553
 9000759
 9003005
 1254387
 9004357
 9007305
 9004764
 9007110
 9004092
 9006225
 9004876
 1324199
 9009233
 9007929
 9008714
 9009571
 9008909
 9010609
 9010620
 9009585
 9009308
 9009770
 9010543
 9008145
 9012938
 9015073
 9011107
 9013032
 9013670
 9012469
 9010885
 9013502
 9011390
 9013599
 9013613
 9014124
 9014614
 9013597
 9013543
 9011129
 9011172
 9012459
 9014713
 9014738
 9014998
 9015032
 9015035
 9010943
 9013918
 9013430
 9013829
 9014339
 9014667
 9014893
 1240575
 9013481
 9011872
 9013452
 9013601
 9011050
 9011327
 9012076
 9011660
 9013390
 9014501
 9011219
 9014094
 9012284
 9013723
 9015157
 9015163
 9015164
 9015600
 9016886
 9016939
 9016978
 9015663
 9016841
 9016879
 9015596
 9015604
 9016488
 9016523
 9016699
 9016716
 9016829
 9016842
 9016892
 9016955
 9016960
 9016628
 9015464
 9015654
 9015669
 9016177
 9016181
 9016431
 9015432
 8975973
 9015515
 1366530
 8978261
 1379304
 8999202
 9005065
 1126678
 9007714
 9009620
 9010386
 8987617
 9008831
 9014862
 9012279
 1312259
 9014447
 8964194
 8979843
 8980838
 8981863
 8981581
 8985834
 8986688
 8984599
 8986359
 8986961
 8986999
 8987450
 8985194
 8988005
 8985735
 8986061
 1332005
 8989981
 8995782
 8994535
 8993905
 1359064
 8993457
 8994071
 1010856
 8996869
 8999632
 9000810
 1387227
 9004249
 1387313
 9008393
 9011161
 9014663
 1240533
 9012471
 9011262
 9011904
 9011934
 9011497
 1390902
 1390905
 9016479
 9015605
 9016113
 9015405
 8984388
 9010583
 8981854
 9004152
 9007891
 9013941
 9011200
 9016983
 8968761
 8968098
 8972507
 1291726
 8972245
 8972257
 8975445
 8975458
 8978606
 1201185
 1243014
 1243038
 8981493
 8981533
 8984653
 1332106
 9003250
 9000199
 9007318
 9009263
 9009897
 9008147
 9008203
 9011025
 9013204
 9014522
 9013028
 9013942
 9014646
 9011265
 9014201
 9013351
 9013036
 9015960
 9015412
 1243628
 9002908
 9006966
 9009539
 9009957
 9009329
 9015068
 9011998
 9012521
 8922227
 8956673
 1366352
 8988390
 8996060
 9006920
 9006039
 8998156
 8996912
 9003139
 9004927
 9006133
 9009455
 1366155
 9009062
 9010241
 9014995
 9011605
 9013055
 9014047
 9014055
 9013747
 9014847
 9013557
 9011888
 9012049
 9014186
 9016984
 9015167
 9015268
 9015676
 9016618
 9016703
 9015828
 9016952
 9016961
 9015370
 9015691
 8982869
 8984076
 8981838
 8985038
 8984796
 8985990
 8988629
 8988468
 8989458
 8991586
 1390740
 8989794
 8992602
 8993732
 8992611
 8965598
 1382419
 8981329
 8981335
 8981366
 8987743
 9008507
 9007907
 9012086
 9011274
 9012618
 9012730
 9013412
 9000343
 9005180
 9008883
 9013917
 9011654
 9012876
 9013893
 1249117
 9016411
 9015767
 9015678
 1387337
 9015951
 9016499
 9015475
 9015704
 9015580
 9016680
 9015825
 1381935
 8979060
 9012696
 9016439
 9016901
 9016908
 8981801
 8985599
 8997277
 8996391
 1354408
 9006269
 9004664
 9008969
 9008563
 9008253
 9010413
 9007496
 9009820
 9009093
 9009196
 9009909
 9008648
 9010397
 9012873
 9013959
 9011472
 9013719
 9014110
 9014118
 9014366
 9015021
 9013379
 1379456
 9010966
 9011698
 9013292
 9011825
 9012132
 9014016
 9015766
 9016341
 9016941
 9016436
 9015675
 9016315
 9015562
 9016124
 9016798
 9016863
 9015203
 9016053
 9015380
 9015958
 9015206
 9015387
 8960358
 8969233
 8978329
 8984434
 8982852
 8982799
 8984777
 8985926
 8989058
 8992645
 8992713
 8993097
 8996066
 8996070
 8995173
 8997408
 8998708
 9001825
 9002923
 9002334
 1128091
 9004336
 9004294
 9005326
 9005401
 1175836
 1145944
 9008004
 9009266
 9009475
 9009706
 9010552
 9010120
 1202137
 9012297
 9013303
 9011308
 9014408
 9011765
 9012505
 9013983
 9014079
 9014340
 9011394
 9014375
 9016739
 9016489
 9016183
 9016147
 9016432
 9016526
 1304221
 9015694
 9015698
 9016091
 9016513
 8954425
 9012312
 9012403
 9015564
 1393489
 8968708
 1393925
 1305447
 8975732
 1393952
 1387024
 1368466
 8983736
 8983911
 8986385
 8986756
 8985468
 8986761
 8987753
 8984943
 8991342
 8993511
 8994666
 8992913
 1381114
 8995956
 8998010
 8999634
 8998744
 8997351
 1381168
 1379367
 1379368
 9001202
 1387216
 9005676
 9006524
 1362048
 9009151
 9008503
 1387242
 9010547
 9010179
 1160153
 9008646
 9009099
 9008655
 1354412
 9011686
 9013812
 9012204
 9011557
 9012769
 1387330
 1188784
 9014098
 9011576
 9011935
 9011347
 9011877
 9013994
 1368685
 1366192
 9012688
 9013655
 9011858
 9012569
 9012989
 9013193
 9011996
 1249113
 9014018
 9016109
 9016202
 9016457
 1387342
 9016533
 9015716
 9015749
 8985263
 8993352
 8993708
 8994492
 1361398
 9010170
 9007869
 1379440
 9010749
 9013465
 9014095
 9011443
 9011841
 9011723
 9011240
 9012104
 9012753
 9012957
 1188785
 9014859
 9013575
 9013300
 9013802
 9014224
 1291884
 9014944
 9012689
 9011835
 9012258
 9011391
 9012968
 1202444
 9016127
 1387347
 1188310
 9015637
 9015502
 8971152
 8979263
 8979287
 8979299
 1196436
 8985898
 8988637
 8989854
 8998396
 9000589
 1239735
 9004654
 9004245
 9006633
 1205201
 9010805
 1361175
 9010088
 9015022
 9013970
 9012167
 9014431
 9014867
 9013395
 9011280
 9012123
 9012319
 9015274
 9016064
 9016347
 9016365
 9016827
 9016500
 9015295
 9015441
 9016701
 9016754
 9016911
 9016945
 9016733
 9015841
 1339087
 8956531
 8958025
 8956516
 8956524
 8956561
 8956576
 8956582
 8956772
 8962657
 8960724
 8960800
 8971160
 8977275
 8978172
 1305491
 9003482
 9010531
 1387308
 9013083
 9013370
 9012669
 9014153
 9011741
 9012630
 9011214
 8981590
 8987492
 8989615
 9009424
 8961013
 8985354
 8993902
 9006457
 8965566
 8966786
 8970909
 8973877
 8978127
 8977750
 8977753
 8977775
 8978203
 8978768
 0994485
 8982784
 8985486
 8985573
 8985773
 8996320
 8996237
 9001207
 9006178
 9007330
 9010542
 9010013
 9010025
 9008323
 9014751
 9014702
 9015004
 9015052
 9010950
 9012977
 9013934
 9011227
 9014036
 9015323
 9016332
 9016767
 9016904
 9015271
 9015509
 9015514
 9015543
 9016484
 9016584
 9016762
 9016963
 9015319
 9016380
 9015496
 8964348
 8973896
 8980467
 8982945
 8981752
 8987114
 8978565
 8986857
 1257745
 8988801
 8989357
 8994269
 1332166
 8996643
 8996163
 8996241
 8999348
 9001775
 1175390
 9003648
 9000040
 9000392
 9001271
 9005102
 9005911
 1341841
 1323907
 1323909
 9006763
 9007089
 9004142
 9004730
 1324217
 9010569
 9007652
 1323853
 9008502
 9008532
 1272645
 9010422
 9008415
 9007918
 9008468
 9008151
 9014429
 9014219
 9013694
 1239424
 1239426
 9013305
 1188783
 9014245
 9010971
 9011292
 9016287
 9016042
 9016055
 9016859
 1323816
 9015901
 9016460
 9015560
 9015565
 9015802
 9016253
 9016374
 8982656
 8996409
 9005409
 1366441
 1379438
 1366289
 9014905
 9011464
 9013919
 1387331
 9011413
 9013730
 9014400
 9013991
 8966573
 1291188
 8972216
 8979692
 0994843
 8986230
 1324116
 8998509
 8999281
 9000690
 9004103
 9010195
 9009531
 9009604
 9012593
 9012368
 9012444
 9012154
 9014383
 9011942
 9012314
 9014723
 9014733
 9014824
 9012666
 9013497
 9013294
 9011436
 9011819
 9014193
 9013035
 1339437
 1243612
 9011880
 9012371
 9010882
 9015570
 9016019
 9016021
 9015216
 9015814
 1223048
 9015510
 9016038
 9016047
 9015481
 9015827
 9016470
 9016730
 9016858
 9015381
 8968809
 1296816
 8997019
 9000819
 9002361
 9003302
 9001479
 9001111
 9004002
 9007376
 9008915
 1126684
 9013047
 9014021
 9012537
 1339442
 9012731
 9016954
 9015625
 9016264
 9016057
 9015844
 1323834
 9016832
 1387334
 9016208
 8992569
 9000416
 9008962
 9013838
 9011616
 9011665
 9013131
 8996389
 9014237
 1126694
 9012235
 9013196
 8947372
 8975871
 8998043
 9003707
 9004571
 9005343
 9004478
 9006195
 9007528
 9009077
 9009862
 9010390
 1284507
 9007492
 9010368
 9010410
 9013584
 9014374
 9014142
 9014755
 9014800
 9011234
 9016917
 9015906
 9015322
 9016509
 9016930
 9015399
 9016417
 9016797
 9016857
 9015498
 9016313
 9015531
 9016405
 9016466
 9016755
 9015201
 9015788
 9016814
 9016852
 9015195
 9015521
 9015497
 9016297
 9016413
 9015924
 8991876
 8991255
 8995218
 9002419
 9004814
 9005694
 9009071
 9010682
 9010442
 1202136
 8974273
 1359067
 9003383
 1359075
 1359071
 9005094
 9008761
 9009992
 9010116
 9008721
 1379390
 9008192
 9011019
 9011021
 9013286
 9014174
 9011705
 9012497
 9011715
 9012818
 9013380
 9013779
 9014108
 9012366
 9013579
 1359076
 1339445
 9011834
 9012513
 9010960
 9012694
 9012945
 1336130
 9014626
 9015839
 9015904
 9016350
 1381906
 8985742
 8997849
 1240510
 9007797
 9009970
 9015024
 9014322
 9012407
 9013985
 9012850
 9014040
 9011384
 9014559
 9012914
 9012303
 9011651
 9011759
 9012293
 1202441
 9011228
 9015923
 8983227
 8997864
 9001277
 9006097
 9010408
 9011758
 9014805
 9011675
 9013488
 9015047
 9012921
 9016459
 9016126
 9008031
 9013819
 8944681
 8947354
 8970829
 1196435
 8988902
 8998496
 1198716
 0979071
 9012292
 9010903
 9012262
 8993658
 9005523
 9005963
 9007058
 9007541
 9007913
 9009894
 9011101
 9014363
 9014518
 9014578
 9014684
 9011349
 9012148
 9012926
 9013604
 1239428
 1239747
 9013827
 9014428
 9013607
 9012563
 9012263
 9013510
 9013523
 9012821
 9013508
 9013850
 9011467
 9012098
 9015909
 9015946
 9016130
 9016975
 9016242
 1323830
 9015371
 9015830
 9016700
 9016519
 9016554
 9016903
 9015862
 9016271
 9016351
 9016412
 9016847
 1387344
 9016774
 9016865
 9016077
 9016296
 9015187
 1243636
 9015308
 9016093
 8987130
 1365472
 8994208
 8998299
 1175368
 8997131
 8999313
 1284501
 9001452
 9000288
 9003004
 9005800
 9010032
 9007998
 9008345
 9012458
 9011925
 9012726
 9012647
 9016728
 9015184
 9015320
 9016302
 9016496
 9015791
 9016915
 9015635
 1381022
 1387303
 1379402
 9010478
 9009116
 9008402
 9009100
 9014504
 1387329
 9014211
 9010987
 9011679
 9014831
 1339851
 9013061
 9013429
 9014787
 9015233
 9016722
 1163196
 1324151
 1339176
 8984128
 8984137
 8986204
 8985823
 1305484
 8984869
 1324163
 1324162
 1324130
 8992556
 8992558
 8997361
 9001513
 9000424
 9000433
 9000436
 1324242
 8987864
 8985417
 8987026
 8999116
 8997159
 9003085
 9001689
 9006537
 9009126
 1304203
 9012230
 9014761
 9013556
 9012119
 9010931
 8969961
 1352227
 8973276
 8977183
 8980793
 8980179
 8980918
 8978039
 1243022
 8982634
 8984058
 8994741
 8999785
 1354450
 9006595
 9008781
 9008045
 1202133
 9011483
 9014770
 9013923
 9014887
 9013742
 9014283
 1243613
 8963485
 8964216
 8964899
 8965130
 8967991
 8967725
 8970304
 8970333
 8970335
 8971892
 8975826
 8975876
 1366404
 8974906
 8978917
 8978011
 1342383
 8978289
 8978360
 8979554
 8980165
 1382521
 8983774
 8983274
 8984080
 1291814
 1010976
 8985637
 8985647
 8985962
 8987194
 8987633
 8985653
 1010935
 1010936
 1010937
 1010938
 1010939
 1010940
 8984656
 1362091
 1362093
 1362098
 1362099
 8987420
 8988571
 8989098
 8992231
 8995031
 8992643
 8995796
 1366205
 8995732
 1175537
 8998253
 1387078
 1175351
 9001604
 9001553
 9000916
 9000665
 1010867
 0979057
 9004590
 9007147
 9007297
 9007345
 9007176
 9004541
 9006111
 9009976
 9010813
 9007730
 9010729
 9009343
 9010744
 9009033
 9009681
 9009633
 9010799
 9010341
 1361106
 9010136
 9008965
 9010340
 9009540
 9008596
 9007886
 9009430
 9014785
 9014886
 9012679
 9011079
 9013074
 9012431
 9011987
 9014434
 9011771
 1341899
 9014629
 9014317
 9012746
 9014284
 1240532
 9012740
 9012061
 9013199
 9011260
 9011352
 9013679
 9011334
 9012748
 9015907
 9016512
 9016676
 9016796
 9016907
 9016050
 1323840
 9015313
 9015849
 9016035
 9015259
 9016771
 9016132
 9015739
 9015984
 1243629
 9016784
 8975367
 0977064
 1387036
 8986885
 9005236
 8962264
 8970127
 1201618
 8988805
 8992126
 8996933
 9000095
 9007281
 9006207
 9006107
 9005122
 9008991
 9009166
 9010460
 9007579
 9012682
 1332185
 9014169
 9011761
 1341786
 9011572
 9012336
 9013951
 9014125
 9012717
 9013870
 1387319
 9011288
 9012158
 9011453
 1198746
 9011156
 9014743
 9010995
 9011322
 9011906
 9011072
 9015238
 9016916
 9016221
 1323826
 1323829
 9015546
 9015632
 9015783
 9016140
 9015855
 9016171
 9015713
 9016286
 1249121
 1381928
 1196443
 1381945
 8981228
 1381004
 1381946
 9008709
 9016463
 9016806
 8965000
 8965009
 8970744
 8976603
 8974381
 8974436
 8974854
 8975741
 8981254
 8982952
 8987281
 8988367
 0855145
 9003273
 9004366
 9007129
 1126306
 1354458
 1354459
 9006685
 9006096
 9010432
 9008744
 9015012
 9012551
 9013239
 9014529
 1202719
 1354494
 9015586
 9015589
 1387338
 9016308
 9016497
 9016270
 9016276
 8989249
 1376561
 8995335
 8996555
 8996366
 8996368
 9000026
 9003265
 9006410
 9004827
 9005212
 9004499
 9015069
 9013637
 9013905
 9014409
 9014545
 9014739
 9012511
 9013139
 9014173
 9014842
 9014936
 9014949
 9012664
 9012716
 9013920
 9014264
 9014841
 9014951
 9012724
 9013198
 9013473
 9014130
 9012743
 1202716
 8968739
 8997182
 8998519
 8998425
 9000204
 9004383
 9006729
 9009763
 9009781
 1365655
 9014000
 9014365
 9011555
 9013356
 9014064
 9012950
 9013037
 9014059
 9013097
 9015033
 9014451
 9013337
 9011218
 9012616
 9016869
 9015793
 9016058
 9015792
 9016965
 1379259
 8989948
 8995756
 8994196
 8998157
 8996476
 8996414
 9001007
 9007415
 9007098
 9005532
 9006016
 1366277
 9006494
 9009858
 9009599
 9010093
 9009616
 9010450
 9009322
 9008048
 1379437
 1366290
 1175573
 9007479
 9013096
 9013844
 9012836
 9013748
 1239745
 1379459
 9014041
 8996965
 9004190
 9013744
 9011191
 9015936
 9016279
 1291737
 8986899
 8995009
 8997739
 8998317
 8999223
 8996522
 8996526
 8999114
 9003287
 1291861
 9001597
 9003689
 9007117
 9005947
 9003882
 9006578
 1323866
 9007691
 9007844
 9008562
 9009998
 9010634
 1387315
 9008711
 9009995
 9007947
 9008622
 9009234
 9010681
 1336117
 9012188
 1332182
 9011984
 9014604
 9011946
 9013800
 9014229
 9014247
 1323884
 1323887
 9011460
 9012585
 9013522
 9014015
 9013609
 9011348
 9014327
 9015030
 9012814
 9013176
 9013499
 9011529
 9011581
 9011619
 9012112
 9015240
 9015506
 9015722
 9016345
 9016473
 9016871
 9015278
 9015318
 9015763
 9016230
 1354413
 9016372
 9016761
 9016790
 1323802
 1323842
 9015530
 9015665
 9015705
 9015957
 9016252
 9016589
 9016826
 9016874
 9016966
 9016967
 9015189
 9015186
 9015603
 9016839
 1393204
 9016146
 9015626
 9015205
 9016178
 9015813
 9016531
 8995334
 8998004
 9010151
 9007493
 9009230
 9009577
 9010402
 9013656
 9011456
 9013402
 9013677
 9016751
 9016909
 9015469
 1243866
 8987088
 1175618
 8997808
 9000721
 9002066
 9008365
 9010239
 1198727
 9013588
 9014243
 9011948
 9011951
 9011043
 9012065
 9011693
 9011298
 9013393
 8942126
 1266792
 8977405
 1361009





