16-06-22
 1379255
 8982388
 8988981
 8995282
 8999162
 1234892
 8999508
 8999554
 8999350
 9000273
 9000503
 8985692
 8996091
 8995074
 8998552
 8996471
 8999487
 9000986
 9002009
 9000070
 9001647
 9003168
 1175387
 9002625
 9002408
 8913698
 8915919
 1243934
 8933136
 8936126
 8939739
 8974945
 8987090
 8987334
 8995958
 8993792
 8993833
 8993198
 8998851
 8997796
 8998825
 8997967
 9003747
 9003805
 0978687
 9002118
 9000444
 9003339
 1386388
 9000039
 9001422
 9003597
 9003629
 9003639
 9002826
 9000062
 9000844
 9001318
 1379358
 9002681
 9003559
 9002582
 9003734
 1175388
 9003526
 9003460
 9000067
 9000198
 9001314
 9001745
 9000036
 9000730
 9000325
 9001267
 9002130
 8992743
 8975024
 8991059
 8989080
 8992419
 8995195
 8997674
 8996852
 9000465
 9002743
 9002926
 9000042
 9002981
 8988893
 8986349
 1332228
 8993582
 8995820
 8995895
 1296826
 8993410
 8994296
 8994304
 8994574
 8995400
 8996625
 8999863
 8997723
 8998095
 1362025
 1362026
 1305706
 8958565
 1328116
 8969396
 1296230
 8974300
 8974573
 8980646
 8979838
 1379257
 8985261
 8987568
 1368491
 1243555
 8989650
 8991379
 8990789
 8994545
 8993433
 8992996
 8992835
 8996743
 1240505
 8997636
 1359161
 8997393
 8997070
 8998682
 8996867
 9002784
 9001512
 1379364
 1240514
 1175389
 9002608
 9000137
 9001631
 1381007
 9001109
 8981584
 1254380
 1254382
 9001026
 9000160
 9000396
 9002576
 9001251
 9000356
 9000315
 8980102
 8987908
 8991706
 8993509
 8995626
 8993211
 8995566
 8997292
 8999709
 8999728
 8970389
 8972214
 8989262
 8993305
 8981307
 8993562
 1175536
 8993189
 8995718
 8998454
 8955267
 8979852
 8983049
 8985472
 8991422
 8988985
 8995581
 8995795
 8993528
 8997710
 8999904
 8999917
 8996339
 8998364
 8998838
 8997279
 8998029
 8998341
 8999725
 8996646
 8999486
 8998810
 8996987
 8999875
 9001608
 9002405
 9000316
 9000605
 9001236
 9001782
 9002806
 9003051
 9003209
 9003547
 9000427
 9003451
 9000459
 9001102
 9001793
 1284585
 9001276
 9003649
 9003650
 9003653
 9002257
 9003385
 9003645
 9001681
 9002471
 9003567
 9000923
 9001696
 9003286
 9000120
 9000855
 9001067
 9002249
 9001433
 8973745
 8989264
 8991768
 1387075
 8994756
 8994199
 8996736
 8999208
 8999442
 8998163
 8998087
 8998564
 0647188
 8998067
 9003322
 9003296
 1387203
 1379362
 1198703
 8991891
 1239621
 8998875
 8976814
 9001942
 1359023
 8976148
 8979694
 1379321
 1387154
 8988877
 8989313
 8992011
 8992146
 8994069
 8995412
 8992975
 8994950
 1359065
 8992848
 8994551
 8997743
 8998252
 8997356
 1010854
 8999620
 9001360
 1284591
 9000197
 1387197
 9000453
 9001521
 9002203
 9002325
 9002628
 9000320
 9001199
 9001291
 9000386
 9000546
 1328092
 9002967
 8992071
 8994476
 1175619
 8994000
 9003746
 8963903
 8967021
 8968642
 8968981
 8970361
 8974428
 8988010
 1026890
 8993266
 8992895
 8995235
 8997202
 8999311
 8996629
 8996755
 8997728
 8997790
 8998976
 8999095
 8998315
 9001473
 9000087
 9000778
 9000423
 1381006
 8995100
 1198551
 8996441
 8999040
 8999507
 8998582
 8996058
 1239565
 8974875
 8981293
 8984471
 1364218
 8991763
 8975921
 8986086
 8988063
 8993271
 8999448
 8997539
 8999816
 8999914
 8999522
 8996813
 8998931
 8999028
 8999723
 8997533
 9001784
 9002946
 9003022
 9000295
 9002749
 9001468
 9002111
 9002645
 9003614
 9003674
 9003679
 9003138
 9001908
 9002232
 9003131
 9000363
 9001260
 9000753
 9002713
 9000409
 8973836
 8970973
 8971010
 8971855
 8970195
 1390703
 8976064
 8974124
 8974566
 8974043
 1393946
 8988987
 8995131
 1296815
 8997109
 8996981
 1387097
 8997799
 8998557
 9002586
 9003284
 9001829
 9000584
 8963322
 8968125
 1379355
 8994375
 8998040
 8997197
 8997512
 1359164
 9000000
 8999792
 8998326
 0978696
 0978698
 9001397
 9002317
 9000664
 9000105
 1387200
 1387207
 9000779
 9002190
 9003767
 9001661
 8991660
 8994527
 8996899
 9003528
 9001447
 8973926
 8979703
 8981369
 8985646
 8986568
 8985620
 8988708
 8988715
 8992004
 8994871
 8992940
 8995755
 8995603
 8995968
 8992390
 8999412
 8999824
 8999212
 8997705
 8999031
 8999374
 8999477
 8999633
 1387084
 8999990
 8998485
 8999428
 8999420
 9003317
 9002455
 9000668
 9000740
 9002327
 9003155
 9003156
 1365552
 9001880
 9000336
 9002060
 9000334
 9000371
 1234740
 8962137
 8963801
 8975756
 1354394
 8985666
 8986301
 8986870
 8985547
 8991990
 8989250
 8990325
 8994036
 8995790
 8995268
 8998194
 1359160
 8998493
 9001051
 1387198
 9002395
 1379359
 9003332
 1175395
 9001978
 9000359
 9000286
 1362031
 1381008
 9001033
 8998405
 9000300
 9000139
 9000187
 9003516
 9000655
 9000852
 9003162
 9000306
 8881838
 8969331
 8974622
 8974433
 8985170
 1368508
 8991976
 8990496
 8995499
 8994721
 1240569
 1175525
 8996937
 8998777
 8998755
 8999363
 1354243
 8997270
 8998084
 8996583
 1328024
 8996745
 8999285
 9003029
 9003731
 9000747
 9001994
 9002477
 1240508
 9001774
 9003299
 9002668
 9003003
 9003682
 9001950
 9002343
 1327583
 8969732
 8979603
 1366358
 8997365
 8998848
 1341830
 8998388
 8998526
 8999165
 8997335
 9000049
 9000932
 9001883
 9003708
 9002902
 9000801
 9001807
 1387190
 1387206
 9000644
 9001205
 1252515
 8969852
 8972540
 8971856
 8971259
 8977463
 8975549
 8984399
 8987006
 8985062
 8992360
 8988517
 8991647
 1332045
 8992916
 8993045
 8995872
 1296814
 8993863
 8992718
 8992623
 8999346
 8999681
 8998767
 8998398
 8998576
 8998724
 8999203
 8999011
 8998129
 9002197
 9000209
 9003712
 9001535
 9001741
 9000150
 9001141
 9002312
 9002320
 9003258
 9003583
 9001804
 9000328
 8965968
 8981608
 1239712
 8994187
 1341829
 9000547
 1381015
 1198554
 8987508
 8985448
 8990947
 8990965
 8969922
 8974602
 8980890
 8978470
 8991287
 8991015
 8993166
 0978673
 8997534
 9001224
 9002206
 9003687
 0775780
 9003075
 8987360
 1364028
 8988272
 8988195
 8988663
 8988773
 8995003
 8994865
 8994587
 8995201
 8999606
 8997569
 8999272
 8997949
 8998570
 8998701
 8999550
 8996946
 8998600
 8997011
 9001311
 9001363
 9002387
 9003252
 9001391
 9001061
 9000394
 9001594
 9001924
 9000302
 8998153
 8998369
 1254127
 9002983
 9003414
 9002072
 9002590
 9003214
 9003283
 9001568
 9001997
 9001274
 9002637
 1198597
 9002083
 8985454
 1223022
 8991733
 8990739
 8995931
 1240568
 8993196
 8996075
 8993559
 8999804
 1332161
 1354242
 8997208
 8997280
 8996369
 8998230
 8997207
 8999506
 8999847
 8997667
 8998894
 1359156
 1359155
 8997678
 8998609
 8998646
 8998950
 8997645
 1381181
 9000122
 9001892
 9001304
 9001359
 9000573
 9000836
 9000942
 9002672
 9003379
 9002038
 9000027
 9000475
 9001082
 9001097
 9002695
 9000578
 9001639
 8970778
 8970249
 8971803
 8983690
 8986984
 8990380
 8993432
 8992986
 1324115
 8994634
 8999541
 8996338
 8998173
 1234880
 8996224
 8998886
 8996286
 8997703
 8996767
 9002791
 9001482
 1386389
 9000092
 9002474
 9002939
 9002445
 1272581
 9003381
 9003677
 9003441
 1387189
 9002896
 9001630
 9001998
 9001381
 9001124
 9001106
 9002432
 9000298
 8996455
 8985840
 8985851
 8988851
 8998873
 8997160
 8996903
 9001197
 1284582
 9000151
 9000455
 1368662
 1366395
 9002095
 1381011
 1381014
 9001719
 8977158
 8999335
 1240503
 8999297
 8996911
 8996920
 8999431
 0978688
 9002043
 9002948
 9002982
 9000950
 9001570
 9003040
 9000549
 8971043
 8984162
 8988279
 8986722
 1332055
 8989199
 8994446
 8995646
 8995651
 1387070
 8995767
 8995996
 8995322
 8999644
 8999689
 1311697
 8999602
 8999643
 8999940
 8996170
 8999023
 8998641
 8999182
 1198579
 8999301
 8999483
 8998554
 9003762
 9001869
 9000682
 9001234
 9000904
 9000903
 9000797
 9002283
 9000973
 9000979
 9000982
 9001560
 9000083
 9001356
 9003212
 9003219
 9003227
 9003231
 9003453
 9001347
 9001643
 9002866
 9003595
 1387186
 9001503
 9001619
 9001352
 9002518
 9002730
 9003759
 9002237
 9002736
 9000739
 9002794
 9001305
 8967407
 8992076
 8994512
 8995385
 8993755
 8994618
 1291860
 1366275
 9002563
 9000301
 9002959
 8958979
 8992457
 8995017
 0978678
 1126794
 8996660
 8996961
 8999070
 8997972
 8998834
 8999073
 1304043
 8998053
 8997188
 8997702
 8996399
 8997234
 8996831
 8997089
 8999328
 8997809
 9002411
 9003025
 9001624
 9000173
 9003110
 9003476
 9001909
 9001921
 9000571
 8987598
 8991436
 8995411
 8993635
 8995137
 8995041
 9002516
 9003253
 1126659
 9001152
 9001186
 9001194
 9001135
 1379373
 9003268
 9000368
 9002991
 9001021
 8990014
 8992752
 1361305
 8994664
 8999877
 9003642
 9000133
 9000277
 9000769
 9002182
 8965594
 8966773
 8977951
 1376517
 1341752
 8991417
 1116196
 1128082
 8996812
 8999086
 8999005
 8999879
 8999915
 8997231
 8997333
 8998621
 8996865
 8990441
 8990921
 1332242
 8992776
 8994408
 8995371
 8995507
 8992991
 8995993
 8993912
 0978672
 8998961
 8999188
 8996757
 8998442
 8999540
 8996243
 8996248
 8996324
 8998331
 8998497
 9000933
 9001261
 9001891
 1126657
 9003724
 9003798
 9000857
 9002340
 9002849
 9003340
 9003432
 9003438
 9003486
 9000783
 9001164
 9001550
 9000052
 9000267
 9000949
 9003305
 1387179
 1387182
 9000767
 9000948
 1379357
 9001923
 9003276
 9003545
 9003060
 9000858
 1365561
 9001150
 9001110
 9002688
 9000282
 9001914
 9000715
 9001596
 9002198
 9001497
 9001900
 9002220
 8976204
 8984118
 8987891
 8995893
 8995787
 8992434
 8996659
 8999205
 8996537
 8996589
 8996595
 8997663
 9003304
 9003590
 9001501
 9002019
 1379361
 1365558
 9000539
 0978697
 8994331
 8998884
 9003748
 9003553
 9003571
 9003576
 1272563
 9002219
 9002975
 1387177
 1387180
 1387183
 1387184
 9003146
 1365074
 9000856
 9003671
 1339419
 9000748
 9000147
 9001213
 9000180
 8895180
 8911662
 1254413
 8919715
 8922133
 8924663
 8931280
 8938080
 8939489
 8938913
 8937657
 1339388
 8941385
 8953548
 8953276
 8968795
 0978694
 1305465
 1126767
 8993146
 8994785
 8994074
 8993176
 8993391
 8997903
 1291831
 8999504
 8985584
 8987858
 8991031
 8989170
 8995549
 8995747
 8997223
 8999371
 8999612
 8999713
 8996779
 8997920
 8999149
 8997098
 8998947
 8999874
 9003229
 9003247
 9000867
 9003012
 9000275
 9003420
 9003491
 9003529
 9001868
 8986711
 8992260
 8989411
 1126800
 8996038
 8994247
 8995857
 8993082
 8994212
 8995909
 8994629
 8992469
 0978683
 8998407
 8999216
 8999482
 8999700
 8996288
 8998469
 8998212
 8997253
 8996384
 1232104
 8997186
 8997349
 8997679
 0979055
 9002726
 9003081
 9001336
 9003617
 9000826
 9001253
 1272593
 9003306
 1387181
 1387191
 1393017
 1393016
 9002615
 9001969
 0977074
 1175386
 9001992
 9002457
 9001183
 9001231
 9001022
 9001514
 9002574
 9002942
 9000138
 8963237
 8968351
 8967750
 8972129
 8973361
 8974956
 1312305
 8993847
 8998301
 8999985
 8998637
 8999015
 8998824
 9000104
 9000435
 9002616
 9002819
 9002944
 9001626
 9003189
 9000489
 9001714
 9001113
 9001478
 9002952
 1361160
 9002492
 1387185
 9002759
 9002208
 9003667
 9002447
 9002605
 9002999
 9001520
 9002160
 9001974
 9000055
 9001906
 9002337
 1145934
 1381164
 8994215
 8994238
 8994834
 8995835
 1116193
 8993066
 8992863
 8999668
 8998534
 8998011
 8998473
 8999388
 8999128
 8996653
 8997126
 8982502
 1126771
 8997224
 1387077
 8999283
 9003279
 1126664
 9000925
 9000574
 9001537
 9002985
 9002551
 9002761
 9003510
 9002651
 9003087
 9003318
 9000935
 9001023
 9001298
 9001827
 9002631
 8965597
 8970649
 8978412
 8984106
 8989534
 8990505
 8995709
 8995044
 8992884
 1332244
 1332164
 8996249
 8999279
 8999340
 1387092
 8999787
 1381182
 9000207
 9003513
 9002951
 9003544
 9001685
 9002818
 9000140
 9001940
 9003315
 1387205
 9003716
 9001830
 9000752
 9001083
 9001897
 9001803
 9002180
 9001132
 9000784
 8976826
 8984285
 8982131
 8987881
 8986949
 8991639
 8992600
 8994316
 8998132
 8997955
 8970242
 8970244
 8987890
 8986765
 1365473
 8996092
 8994014
 1116197
 8992956
 8992949
 8996052
 8995392
 8993920
 1332168
 8996753
 8996388
 8999319
 8997742
 8997941
 1234881
 1240509
 8999692
 8996558
 9001499
 9002754
 9001952
 9001071
 9002048
 9003604
 9003010
 1361331
 9000505
 1365560
 9002157
 9000634
 8982725
 8988733
 8999290
 1175378
 8996834
 9003511
 9002124
 1361332
 1366267
 9001794
 9001831
 9000941
 9000134
 1368524
 1381162
 8999817
 1240502
 1381179
 8959956
 8975421
 8978911
 8977818
 8983831
 8986658
 8984983
 8984654
 8989315
 8991616
 8989440
 8990860
 8988535
 8989094
 8995775
 8993047
 1116195
 8995485
 8992486
 8993560
 1175526
 8993060
 8999950
 8999957
 8999837
 8996169
 8999654
 8996746
 8997898
 8996310
 8996274
 8998783
 8999362
 8999414
 8999429
 8999624
 8999628
 8999423
 8997495
 8996797
 8998039
 8999693
 8997023
 1254256
 9003218
 9003167
 9003210
 9003221
 0855146
 9000440
 9002091
 9002876
 1165516
 9002720
 9000888
 9000283
 9002187
 9002378
 9002812
 9000081
 9000529
 9000944
 9000971
 9001189
 9002913
 9003208
 9003548
 9001601
 9002552
 9002594
 9002650
 9000806
 9003201
 9003321
 9000559
 9003456
 9003556
 1366396
 9001001
 9001220
 9002279
 9000175
 9000375
 9000750
 9001310
 9001895
 9000919
 9001766
 9002539
 9000842
 9001652
 9000319
 9001461
 9002921
 9003053
 9003368
 8985148
 8985152
 8984892
 8992144
 8994480
 1296813
 1239727
 8999462
 8999353
 1382561
 8999047
 9001320
 9002133
 1393859
 1305436
 8969309
 8966849
 8971414
 8972162
 8976399
 8974229
 8974029
 1393962
 0994478
 1387019
 8983414
 1243032
 1376051
 8992988
 8992775
 8998672
 8996254
 8997501
 1175366
 1175367
 8997510
 8999057
 9003225
 9002003
 9002229
 1175385
 9000163
 9000360
 9002251
 8974900
 1239573
 8993123
 8997561
 8997625
 8999413
 8996542
 8996138
 8999981
 8999673
 0647187
 9001555
 9001156
 9000988
 9002606
 1249008
 9000623
 1362030
 1362035





