16-06-25
 1352167
 8991131
 8988490
 8999457
 9003402
 9003074
 9006744
 9005005
 9009852
 9009491
 9009927
 9012264
 9013106
 9014939
 9013776
 9014932
 9013172
 9014707
 9014891
 1387321
 9006892
 1379444
 9008137
 9014532
 9014970
 9011478
 9014822
 9013011
 9013017
 8912885
 1163183
 8972078
 8992941
 9001416
 9003885
 9005066
 9005095
 9005875
 9007858
 9007643
 9008980
 9009668
 9013768
 1323891
 1341790
 9011196
 9014328
 9014664
 9011454
 9011873
 9014965
 9015006
 9015028
 9014972
 9013331
 9014815
 9014030
 9012579
 9011187
 9014372
 9012922
 9005662
 9007564
 9006529
 1252771
 9000592
 9004781
 9003875
 9004382
 9013321
 9011381
 9012573
 9013357
 9013745
 8986454
 8988951
 8991470
 8991486
 8991496
 8988803
 8992887
 1188303
 8991900
 9008492
 9007890
 9010674
 9008941
 9009419
 9009515
 9008963
 1336121
 8983608
 1390907
 8809451
 8910697
 8945837
 8955813
 8955930
 8956107
 8955967
 8997316
 9006037
 9004411
 9007513
 9010323
 9008355
 9008667
 9009028
 1240527
 9011845
 9011302
 9011445
 9012532
 9011389
 1201611
 8987066
 1332073
 1332235
 8998757
 9005920
 9014157
 9012698
 8968729
 8967355
 8970182
 8973208
 1160097
 8978391
 8977762
 8977926
 8980015
 8977591
 0994831
 1249175
 8982613
 8983411
 8986801
 8984530
 8984977
 1175833
 8984921
 1243556
 8992036
 8990372
 1243561
 8991100
 8994835
 8993074
 8993478
 8997590
 8976378
 8986916
 8995159
 8997068
 8999282
 9003730
 9005789
 9008676
 9008476
 9011409
 9013203
 9014010
 9012452
 9014620
 9011165
 9012456
 9013062
 9013544
 9013673
 9011988
 9013914
 9014165
 9015031
 9013154
 9014107
 9014871
 9013293
 9014595
 9014326
 9014573
 9013095
 9012826
 9013705
 9014930
 9006831
 9010730
 9014662
 9014937
 8976575
 1240561
 8998944
 9007214
 9006492
 9010350
 9006852
 9006918
 9010591
 8985453
 1362095
 8993316
 9001093
 9005193
 1354455
 9006129
 1145938
 9008541
 1379443
 9007796
 9010219
 9014218
 9014286
 9014694
 9003654
 1272567
 9002033
 9006934
 9007277
 9006374
 9005983
 8993645
 8993653
 8995319
 9002840
 1175384
 9007413
 9010203
 9014683
 9012894
 9013531
 8986817
 8998841
 9005682
 1381474
 9008258
 9009130
 9010161
 9008767
 9012475
 9014115
 9012886
 9011313
 8998890
 9000461
 9006623
 9005456
 9006491
 9007171
 9008657
 9008143
 9007695
 9013738
 9003292
 9003641
 9005567
 8964732
 8973396
 8970660
 8985221
 8986198
 9009449
 9009743
 9009432
 9008294
 1387311
 9014899
 9014649
 9012121
 9011169
 9010955
 9014220
 9013315
 9015029
 9015034
 9015036
 9015038
 9015042
 9015044
 9013600
 9011796
 9013306
 1198754
 9012307
 1324254
 9011160
 9012920
 9012389
 9014351
 8956313
 8977711
 8996290
 8996611
 0775781
 0775784
 9005597
 9009783
 1387240
 9007637
 9011870
 9012027
 8988797
 1382552
 1379360
 1354449
 9004595
 1387219
 9009433
 9014024
 1387320
 9012141
 9012207
 9013070
 9014584
 9013111
 9014450
 8994922
 8998628
 9006513
 9009265
 9010555
 9014483
 9011316
 8975960
 8975994
 8987240
 8993760
 8998565
 9006659
 9004554
 9005134
 9004540
 9007542
 9009516
 9008973
 9010627
 9008005
 9008891
 9009859
 9011311
 9012849
 9012176
 9013786
 9013796
 9014353
 9014814
 9012951
 1198747
 9014420
 9011343
 9012940
 9013644
 9011591
 1202825
 9010879
 9011222
 8937692
 8954024
 8964788
 8980708
 8979307
 8980673
 8979398
 1390722
 1354215
 8987110
 8987537
 8990637
 8989450
 8992890
 8998082
 8997169
 9001496
 9000892
 9000365
 9005823
 9004908
 9010228
 9010220
 1361117
 9009289
 9008754
 9010900
 9011102
 9013927
 9014138
 9011914
 9012523
 9013326
 9011473
 9012847
 9013443
 9013082
 9011966
 8966153
 8979743
 8988505
 8990546
 8990740
 8991139
 1243565
 8989922
 8995928
 8998110
 8997072
 8997084
 8997527
 8999190
 8997287
 8997830
 8996146
 8997836
 9002995
 9003500
 9006636
 9006093
 9008582
 9010186
 9008275
 9009654
 9010049
 9010048
 9010123
 9010438
 9009964
 1160152
 9010317
 9007894
 9008584
 9009639
 1202134
 9008065
 8963615
 8932921
 8977535
 8979752
 8988359
 8985781
 8997278
 1322251
 9003584
 9000967
 9007326
 9005025
 9010721
 9010781
 9010794
 9010286
 9007781
 9009485
 9012480
 9010886
 9014132
 9011545
 9012193
 8948225
 8945293
 8945305
 8945538
 8950442
 8951217
 8954780
 8955533
 1393838
 8956098
 8960337
 8962954
 1361086
 1249178
 8984229
 1126301
 8986588
 8996932
 8998310
 9013003
 9000123
 9003222
 8982176
 9005404
 9013298
 1322260
 9014212
 1236701
 9012613
 8959182
 8981600
 8976374
 1341712
 1341721
 9001693
 9001640
 1196609
 9000833
 9000987
 9005944
 1323910
 9006649
 9007093
 9004235
 9005403
 9004671
 9005704
 9009154
 9009285
 9009605
 1323863
 9007610
 1272630
 9010456
 9008581
 9009916
 9010868
 9009395
 9007786
 9007529
 9014781
 9012397
 9012450
 1341890
 9011306
 9014827
 9014979
 9013348
 9011549
 8991523
 1324218
 8989403
 1381143
 1366268
 9000395
 9005691
 9005706
 9003999
 9003897
 9004823
 1381480
 9007822
 9008671
 9009140
 9009171
 9009298
 9009379
 9010554
 9010564
 9008763
 9009451
 9010553
 9010711
 9010748
 9008477
 1160156
 9007509
 9008052
 9009573
 9010632
 9011830
 1354424
 1354479
 1341789
 9011226
 9013325
 9011469
 9013148
 9014551
 9014818
 9014940
 9015003
 9012634
 9013626
 9013901
 9012094
 9013504
 9011330
 9011656
 9013808
 1163192
 8983532
 8999315
 8997471
 8996730
 9000734
 1387226
 9007874
 9009737
 1175560
 1324239
 9012570
 9012166
 9011930
 9012177
 9012574
 9013477
 9013484
 9014503
 9014967
 9010875
 9011950
 9013725
 9011664
 9011818
 9012744
 9011220
 9011387
 9012361
 9010496
 8922481
 8964038
 8982460
 8996063
 8992568
 8998028
 9003064
 9006504
 9007092
 9004446
 9004451
 9004459
 9005091
 9010561
 8985943
 1126690
 9008810
 9009598
 9010629
 9009530
 9012705
 9014449
 9011960
 9013685
 9014419
 9013093
 9014933
 9011002
 9013283
 9012706
 9013678
 9013849
 9013952
 8978309
 8980171
 8992257
 8995103
 8994397
 8996692
 8999794
 8999806
 8997857
 8996309
 9001664
 9003349
 9006320
 9004329
 9007233
 1387222
 9005896
 1324139
 9005402
 9007837
 9008135
 9009372
 9009984
 9010000
 9010420
 9007673
 9010514
 9010169
 9008712
 9009899
 9012785
 9010983
 9014009
 9014992
 9012721
 9013336
 9014029
 9014299
 9014727
 9014774
 9014777
 9014462
 9011145
 1341891
 1341894
 9012149
 9011180
 9012134
 9012203
 9013729
 9011461
 9014135
 9014537
 9014728
 9014828
 9014872
 9015008
 9012496
 9013094
 9014161
 9014293
 9014794
 9012412
 9012518
 9013884
 9011523
 9014418
 9014821
 9014421
 9014439
 9011388
 9013007
 9013784
 9014396
 9012703
 9013101
 9013886
 9014441
 9013548
 9013050
 9013520
 9014708
 9012271
 9012784
 9013669
 9013686
 8985545
 8994180
 8998590
 9002068
 9002000
 9004032
 9007146
 9000046
 1128093
 9000171
 9008508
 1328038
 9014291
 1379423
 9009842
 9008426
 9013018
 9013568
 9011963
 9012388
 9014586
 9014740
 9012050
 9012381
 9012710
 9014014
 1236677
 8933003
 8947907
 8946127
 8952287
 8955368
 8952607
 8957774
 8959178
 8962709
 1198448
 8959502
 8969933
 8970811
 8975848
 1328076
 1336245
 8983510
 8999884
 9000063
 9003598
 9001598
 9002364
 9001833
 9004653
 9008165
 9008175
 9008731
 9008041
 9009147
 9014437
 9012184
 8997442
 9007056
 9005930
 9006418
 9006707
 9004320
 9004330
 9005768
 9010430
 9008870
 9008410
 9009463
 9010741
 9010160
 1387243
 9007588
 9008190
 9009686
 9012254
 9013021
 9013665
 9012091
 9013495
 9013762
 9014278
 9014433
 9014710
 9012911
 1323893
 1341892
 9012075
 9012161
 9011144
 9011229
 9013066
 9013598
 9014306
 9014958
 9013015
 9013124
 9014208
 9014233
 9011625
 9012527
 9014445
 1379474
 9014558
 9014002
 9011269
 9011119
 9012042
 9011644
 9012550
 9012638
 9011658
 9012092
 9012231
 9012897
 9014416
 1202717
 8990191
 8994323
 8996174
 9003117
 9006108
 9006312
 9007255
 9004959
 9010773
 9008441
 9010021
 9009439
 9009504
 9012440
 9014778
 9012562
 9014043
 9013384
 9014696
 9014993
 9011477
 9012969
 9013787
 9012568
 9014655
 8996953
 9010915
 9011299
 1386165
 8963760
 1341972
 1365058
 9006698
 9005396
 9014964
 9014968
 9014569
 9012282
 9013049
 9011578
 9014809
 8999342
 8982400
 1381001
 9005492
 9006064
 9006075
 9010446
 9009406
 9010006
 8972495
 8981325
 8990425
 8999017
 8996858
 0979056
 9002917
 9000727
 0979070
 1376057
 9004961
 9006700
 9007245
 9009707
 9009400
 9010153
 9009307
 9008303
 9009607
 9010361
 9007978
 9009472
 9010907
 9014406
 9014521
 9012846
 9014011
 9012382
 1323889
 1323894
 9013999
 9013843
 9011767
 9014281
 9013081
 9011037
 9013448
 9014321
 9014384
 8994710
 8994720
 8994730
 8999214
 9001094
 9000960
 1382567
 1382568
 1382569
 1382570
 9000212
 8990514
 8994318
 9005917
 9008483
 9010207
 9007870
 1387250
 9009290
 9007952
 9009875
 9010984
 9011690
 9012251
 9013561
 1341896
 1341898
 1379466
 9012441
 9012685
 9012103
 9012288
 9012909
 9013790
 1249108
 9011271
 9010409
 9014500
 8988991
 9001509
 1198594
 1365565
 9002331
 9001758
 9007088
 9010585
 9008311
 1272644
 9009865
 9007926
 9011544
 9013664
 8987957
 8989252
 1284583
 9005916
 9006231
 9005865
 9006798
 9008577
 9008750
 1272653
 9014282
 9013947
 9013683
 1240531
 9011579
 9013339
 9012346
 9012671
 9011189
 9012365
 9014076
 9007900
 9008464
 8996754
 9003137
 1387231
 9004047
 0977077
 1324198
 9010297
 9012465
 9011278
 1323890
 9013866
 9014517
 9013856
 9013302
 9014114
 9012883
 9014736
 1196441
 9013825
 9009772
 9009074
 9013210
 9014196
 9013957
 9013529
 1368514
 9001326
 9006264
 9006974
 9005360
 9008552
 8960254
 8969830
 8979137
 1390727
 8994684
 1341710
 8995060
 8997185
 8997447
 0647189
 9000108
 9001219
 9003695
 9001120
 1323945
 9006500
 9006832
 1145940
 9010184
 9010015
 9010142
 9008484
 9009563
 9010454
 9010524
 1379417
 9010196
 9010108
 9009458
 9009724
 9014158
 9013582
 1322263
 9013894
 9013444
 9013528
 9011471
 9011321
 9012453
 9013612
 9014323
 9014334
 9015002
 9011452
 9011837
 9012906
 9014136
 9014685
 9014975
 9012984
 9013778
 9014557
 9011671
 9011283
 9011290
 9013000
 9013793
 9014004
 9011034
 9012851
 1332174
 9001030
 9006960
 9003830
 9004267
 9009474
 9008713
 1359047
 1354426
 9013674
 1393645
 1249009
 9005227
 1252735
 9011104
 8949405
 8982148
 8989282
 1198616
 8993982
 8993836
 9002062
 9003752
 1284597
 9007031
 9007282
 9004367
 9004373
 9006575
 9004567
 1365574
 1324197
 1324202
 9006704
 9004701
 9007225
 9007490
 9007737





