16-06-16
 8945448
 8949219
 8957206
 8971130
 8973773
 8972575
 8973704
 8973481
 8976604
 8977251
 8975372
 8974112
 8975914
 8979840
 8980879
 8981083
 8977646
 8977662
 8978000
 8978008
 8981189
 8981227
 8981041
 8981047
 1393941
 8978709
 8978964
 8978328
 8977873
 8978443
 8980255
 8945959
 8959379
 8964994
 8970251
 8972297
 8976947
 8979420
 8980177
 8978620
 8980797
 8981235
 8979238
 8979252
 8978559
 8923497
 1243057
 8961578
 8976729
 8975981
 8976941
 8976152
 8974744
 8977095
 8976180
 8976864
 8974068
 8975801
 8975881
 8975220
 8978266
 8978478
 8978179
 8978451
 8980983
 8980178
 8979796
 8981155
 8978490
 8980679
 8980685
 8978281
 8980919
 8979702
 8978012
 8978062
 8980240
 8981186
 8981230
 8978367
 8980238
 8980843
 8980055
 8979279
 8980208
 8980889
 8981117
 8978153
 8979483
 8979288
 8980069
 1376531
 8978723
 8978980
 8979671
 8978018
 8978366
 8978872
 8979131
 8980586
 8980621
 1336243
 8977602
 8976222
 8977200
 8977727
 8980446
 8931177
 1393393
 1393488
 8974754
 8976502
 8975250
 8978363
 8979410
 1170796
 8978655
 8979951
 8947336
 8954127
 1161791
 8955958
 8964154
 8969587
 1188728
 8972141
 8978936
 1223350
 8967154
 8975291
 8975689
 8975866
 8977434
 8948995
 8960602
 8946996
 1327744
 8935010
 8941459
 1284684
 8959578
 8963433
 8963434
 8963436
 1328127
 1305748
 8972787
 8976319
 1296228
 8974638
 1364015
 8959239
 8975821
 8977989
 1201113
 1223241
 8979118
 8979126
 1160095
 1359027
 8979086
 1243006
 8980186
 1254118
 8971124
 8975181
 8980352
 1341246
 8975608
 8961625
 8966270
 8963687
 8965328
 8965830
 8972726
 8975005
 1126622
 8976761
 8974736
 8975479
 8977435
 8975285
 8976550
 8977322
 8973927
 8974674
 8975439
 8981250
 8978043
 8978047
 8978239
 8979225
 8979255
 8980674
 8979456
 8980666
 8980112
 8980693
 8980871
 8981203
 1341242
 1342387
 8979551
 8980019
 8980591
 8978592
 8980663
 8981087
 8981107
 8981156
 8981088
 8980719
 8978684
 8977758
 8979488
 8980950
 8980063
 8978163
 1243008
 8978370
 8980635
 8981207
 8979174
 8954840
 8952106
 8961064
 1305739
 8969292
 8973769
 8973496
 8973132
 8972116
 8971867
 8975847
 8976592
 8974953
 8977294
 1393428
 8973930
 8977697
 8979201
 8977668
 8965606
 8968832
 1393391
 8971082
 8973108
 8964908
 8976591
 8977139
 8979433
 8927901
 8937840
 8941980
 1339728
 8961349
 8965681
 8967954
 8967109
 8971894
 8975718
 8977301
 8974614
 8976802
 8975212
 8974673
 8974146
 8978355
 8980394
 1393944
 1393955
 8978188
 8979280
 8980410
 8980164
 8978959
 8980365
 8979029
 8966424
 8973189
 8981270
 8922951
 8926797
 8941853
 1330395
 8951382
 8960075
 8968847
 8967551
 8970186
 8970235
 8973914
 8975510
 8974344
 8977432
 1341225
 1341229
 8977839
 8979452
 1304098
 8980587
 1364017
 8978116
 8968505
 8969912
 8971939
 8972393
 8971978
 8977285
 8977442
 8973887
 1305104
 1362003
 8964965
 8966144
 8968496
 1382087
 8948063
 8956013
 8959662
 8963889
 8964696
 8964909
 8971320
 8973195
 8973314
 8973730
 8971766
 8972522
 1364010
 8976117
 1354389
 8976961
 8975700
 8974553
 8981174
 8980439
 8977669
 1341243
 8980071
 8978331
 8980421
 8980648
 1160298
 8980233
 8980290
 8979141
 8980187
 1393808
 8949791
 8952443
 8953546
 8951623
 8955511
 1366452
 8953521
 8952541
 1305701
 8952262
 8941786
 1361540
 8972643
 8971995
 8973723
 8974048
 8976713
 8974128
 8975381
 8980792
 8977763
 8978977
 8977979
 8980020
 8979361
 8949774
 1305707
 8972682
 8973256
 8975754
 8976857
 8974816
 8974558
 8980224
 1201711
 8979959
 8978290
 8979121
 8978213
 8978799
 8980775
 8979110
 8979123
 1393940
 1393968
 8978138
 8978159
 8979908
 8980066
 1390710
 1352152
 8964932
 8976908
 8980645
 1393935
 8980613
 8950612
 8951912
 8956266
 8960859
 8958847
 8967855
 8969473
 8966705
 8972254
 8973757
 8971058
 8977411
 8977175
 8977391
 8977431
 8976683
 8974852
 8976087
 1201139
 8980264
 8978303
 8980228
 8980502
 8979611
 8979216
 8981240
 8978499
 8980951
 8977604
 1364014
 8977920
 8980296
 8977882
 8922469
 8935121
 8947923
 8955264
 8961514
 8962641
 8963814
 8965029
 8964805
 8965334
 8969918
 8969868
 8968852
 8970842
 8973479
 8973689
 1393904
 1393921
 1188773
 8977048
 1393441
 8975666
 8974055
 8981068
 8980456
 8980196
 8978263
 1393945
 8980132
 1368581
 8980016
 1336228
 8977939
 8978634
 8946700
 8951915
 8968984
 1201110
 8974421
 1354258
 8977666
 8949804
 8953720
 8953596
 1163173
 1163174
 8955878
 8957041
 1175657
 8959679
 8961354
 8963584
 8968197
 1266797
 8967184
 1249234
 8969785
 8968586
 8971657
 8971153
 8971261
 8972437
 8972853
 8974365
 8975321
 8977310
 8977125
 8976292
 1393412
 1393432
 8977122
 8977211
 8977327
 8975783
 8977017
 8974125
 8976820
 8976835
 8974303
 8976252
 8974178
 8974773
 8980090
 8978086
 1368583
 8980119
 8979600
 8955602
 8962170
 1361552
 8960650
 8959818
 8961864
 1362066
 1362068
 8970889
 8973351
 8971976
 8970439
 1328072
 1393426
 8977491
 8979464
 8978830
 8979340
 8980690
 8981028
 1354392
 8980700
 8977852
 8978837
 8980116
 8979040
 1393966
 8980073
 8980084
 8980266
 8979697
 8979808
 1376530
 1382542
 8980379
 8979956
 8978435
 8978578
 8979388
 8981014
 1336244
 1352205
 8980774
 8978122
 8980445
 8942216
 8943270
 8947225
 8949530
 8954232
 8955916
 8962293
 8962396
 1284928
 8965243
 8963378
 8965474
 8965673
 1361642
 8969561
 8972589
 8971554
 8971033
 8976800
 8973910
 8975812
 8976054
 8978155
 8981257
 8979693
 8980314
 8980101
 8980615
 8978605
 8978862
 8981245
 8981246
 8978271
 8979617
 8981264
 8979895
 8945816
 8947537
 8949132
 8967024
 8976240
 1393953
 1393958
 8981092
 1382523
 8978733
 1328022
 8961326
 8963380
 8949285
 8963747
 8972348
 8972727
 8975747
 8976121
 8975794
 8978300
 8981104
 8978129
 8956302
 8960546
 8958656
 8963800
 8964299
 8969177
 8967353
 8969805
 1341953
 1341963
 1341985
 8967408
 1249240
 8967010
 8968874
 8972620
 1341934
 8970674
 8970555
 8972402
 8970699
 8970924
 8972528
 1196433
 8975348
 8977236
 8975228
 8975265
 1393434
 1393440
 8977344
 8974318
 8976727
 8974887
 8976823
 8976682
 8974337
 8975065
 8974059
 8976435
 8974001
 8976105
 8978736
 8979330
 8979803
 8978735
 8978750
 1341228
 8978373
 8978743
 8980928
 8980172
 8981195
 8980543
 8980634
 8980359
 8971471
 8976397
 8980869
 8939712
 1386174
 1284936
 8965422
 8968711
 8968829
 8971635
 8972864
 8973705
 8970911
 8970423
 1286973
 8973898
 8977196
 8977314
 1382460
 8975859
 8976171
 8976370
 1201706
 8979311
 8980683
 8978867
 8979615
 8980077
 8977995
 8978286
 8980438
 8980478
 8980939
 8981233
 8979057
 8978821
 8979942
 8979968
 8980025
 8978346
 1324027
 8952864
 8960993
 8963358
 8968305
 8967191
 1188691
 1322021
 8970742
 8974081
 8975869
 8976349
 8976546
 8976956
 8974864
 8976259
 8975200
 8975267
 8975051
 8975970
 8974611
 8976459
 8974680
 1201709
 8979531
 8981013
 8981089
 8979267
 8980961
 8978741
 8977767
 8981197
 8978378
 8981141
 1393947
 1160807
 8978694
 8933511
 8943797
 8946551
 8953102
 1366508
 8953161
 8955468
 8969605
 8969727
 8970452
 1393920
 1188775
 8971079
 1165594
 1393933
 1393957
 8978546
 8980489
 8980244
 8980254
 8978671
 8944578
 8949208
 8976469
 8977319
 8974013
 1296227
 8974291
 8976860
 8975999
 8980006
 8980747
 8980382
 8980022
 8980681
 8977681
 1249249
 8980642
 8978574
 8954279
 8954828
 8956609
 8963206
 8966291
 8967567
 8969986
 8968602
 8972329
 1239562
 8971265
 8970367
 1198680
 8972867
 8971584
 8971869
 8972594
 8976154
 8975206
 8976874
 8975032
 8976641
 8977385
 8977260
 8976100
 8974960
 8976313
 8974464
 8975448
 8981204
 8981213
 8979461
 1222556
 8979397
 1201120
 8979080
 8980814
 8978230
 8979608
 8980124
 8980166
 8980915
 8980981
 8981000
 8981032
 8981059
 8981153
 8978368
 8980784
 8981200
 1341211
 1341224
 1341250
 8980474
 8978463
 8979069
 8979728
 8979932
 8980409
 8980444
 8981162
 8981243
 8978318
 8978969
 8980030
 8980722
 8979670
 8977679
 8978223
 8979003
 8979472
 8980529
 8981138
 8981142
 8980940
 8979127
 8979139
 8979037
 8977663
 1198153
 8980426
 1235584
 8978753
 8980051
 8978588
 8978892
 8978457
 8980768
 8967613
 8967856
 8970369
 8978813
 8981135
 1368575
 1368455
 1368590
 8980111
 8978407
 8979787
 8979929
 8978949
 8979366
 8979549
 8978654
 8979221
 8980353
 8973631
 8981309
 1393934
 8980148
 8981018
 8978023
 8978494
 8980532
 8980151
 8962296
 8967139
 8968980
 8972688
 8971469
 8974889
 8976759
 8976669
 8979198
 1322038
 8978721
 8978775
 1160293
 8978061
 8979610
 8977970
 8979075
 8979434
 8888584
 1279913
 8894261
 8895159
 1236442
 8908219
 8906889
 8912752
 8919002
 8947937
 8949334
 8950156
 8950163
 8950169
 8951624
 8957534
 8956522
 1386162
 1202980
 8959757
 1128056
 8966425
 8966426
 8959085
 8961278
 8969072
 8969064
 8973441
 8970311
 8971433
 8973425
 8971991
 8972197
 8974548
 8976703
 1284569
 1284570
 8977303
 8976021
 8976873
 8975538
 8977409
 8975938
 8979585
 8980783
 1201150
 1201115
 1201707
 8979320
 1354391
 1354399
 8978543
 8980411
 8980818
 8981076
 8981148
 8979540
 8979594
 8978313
 1341241
 1342000
 1342376
 8977782
 8977785
 8978275
 8978386
 8978885
 8980325
 8979317
 8978598
 8979031
 8979107
 8980800
 8980962
 8978317
 8979517
 8980223
 8980554
 1393937
 1393943
 8979711
 8981021
 8977993
 8979275
 8980303
 8980044
 8980878
 8981167
 8978390
 8978718
 8979477
 8979953
 8980035
 8980056
 8977639
 8980271
 8979215
 8980419
 8981266
 1376501
 8977720
 8977764
 8978832
 8980436
 8978024
 8979012
 8977706
 8979437
 1328077
 8964114
 8970299
 8974746
 8977176
 8977137
 8976340
 8977117
 8979375
 8978823
 8981094
 8980781
 8978524
 8980794
 8979723
 8977946
 8978156
 8977683
 8978421
 8980576
 8977872
 8979665
 8977096
 8979758
 8974459
 8977157
 8977163
 8977496
 8981140
 8981199
 8980891
 1393956
 8980242
 8978742
 8978761
 8977991
 8978921
 8956209
 8962423
 8962248
 8972780
 8976863
 1393421
 8974230
 8976364
 8974369
 8919253
 8946412
 1393803
 8949406
 8953684
 8955791
 8955671
 8959464
 8963817
 8964128
 8967807
 8967910
 8970158
 8968901
 8968324
 8967516
 8968695
 8971041
 1341930
 8973695
 8972360
 8972642
 8972750
 8970308
 8971881
 8977508
 8975550
 8977308
 8975144
 8977044
 8977250
 8975899
 1393427
 8975301
 8974652
 8976878
 8974235
 8975194
 8975366
 8976029
 8974710
 8975004
 8975542
 8978245
 8978406
 8979679
 8979756
 8981114
 8981224
 1341227
 1341244
 8978455
 8980161
 1304097
 1235585
 8979197
 8979114
 8979402
 8977985
 8979962
 8975860
 8926346
 8933765
 1240892
 8946665
 8958665
 1352401
 8969189
 8968497
 8971395
 8970651
 8971849
 8975614
 8976886
 1128140
 8976708
 8975708
 8976333
 1222554
 8977707
 1201130
 8978814
 8979545
 8981023
 8980256
 1341212
 8980207
 8979283
 8980619
 8979832
 8980900
 8981069
 8980757
 8981017
 8980738
 8978818
 8981220
 8980390
 1366537
 8980802
 8977849
 8978020
 8978483
 8980107
 8978389
 8979502
 8978301
 8980669
 8977910
 8979648
 1376540
 8944097
 8944820
 8948540
 8957777
 8972511
 8972408
 8973388
 8971973
 8971236
 8975017
 8975049
 8974788
 1304093
 8975902
 8975552
 8981099
 8980643
 8981241
 8979867
 8979765
 1202726
 8973352
 8972043
 8974255
 8976059
 1393439
 8975823
 8976068
 8979562
 8979205
 8979568
 8979561
 8979738
 8978759
 8979716
 8980609
 8978881
 8979165
 8980481
 8980638
 8977844
 8980507
 8978786
 8979663
 1376511
 8978398
 8979525
 8978505
 8978528
 8979072
 1339629
 8968665
 8972213
 8972342
 8971670
 8972383
 8973584
 8975923
 8975599
 8975505
 8977245
 8974657
 8976935
 8975744
 8975910
 8979760
 8981009
 8980533
 8979977
 8980874
 8981080
 1393960
 8979521
 8978896
 8979294
 8980398
 1352204
 8951317
 8954418
 8960094
 1393352
 8965436
 8972286
 1393431
 8953922
 8965040
 8968331
 8970200
 8977522
 8976207
 8975485
 1379253
 8977416
 1382461
 8976666
 8979795
 8981310
 8978531
 8977747
 8978148
 8981239
 8978763
 8980537
 1393948
 0977063
 8977725
 8978430
 8979115
 8945378
 8954391
 8954643
 1198415
 8960673
 8965501
 8969503
 8971700
 8972723
 1198684
 8970914
 8973589
 8970323
 8972675
 8974745
 8977637
 8978260
 8978229
 1239604
 8980305
 1361433
 8973623
 8944308
 8948418
 8975682
 8975849
 8976361
 8977349
 8974261
 8962035
 8964231
 8964333
 8970942
 8971706
 8972977
 8972343
 8970502
 8972273
 8974183
 8976856
 8974655
 8975074
 8976938
 8974570
 8976614
 8977038
 8975436
 8976788
 8977164
 8977421
 8976474
 1393415
 8975322
 8976062
 8977511
 8975925
 8980694
 8980697
 8978491
 8978847
 8980431
 8978474
 8978510
 1341233
 1341234
 8980062
 8980734
 8978418
 8979487
 8979621
 8979729
 8977667
 8977906
 8978151
 8978838
 8980368
 8981244
 8979149
 8979298
 8979966
 8979768
 8979193
 8980872
 8979547
 8979155
 0977065
 8980280
 8978940
 8979566
 8980054
 1160824
 8981262
 8981263
 8977721
 8977855
 8979188
 8978160
 8979387
 8979081
 8979173
 8980376
 8980758
 8980477
 8978715
 8966620
 8973359
 8976742
 8977394
 8977417
 8974494
 8975328
 1382470
 8976003
 8977990
 8980388
 8978070
 8964614
 8964622
 8964645
 8973620
 8977271
 8977566
 8979064
 8980698
 8979587
 8980641





