16-06-21
 8969059
 8978726
 8981318
 8981865
 8982552
 8986954
 8987282
 8987331
 8985166
 8989608
 8991881
 8990196
 8991067
 8991666
 8991713
 8991938
 8991531
 8992147
 1387156
 1387173
 1387174
 8991111
 8991147
 8994986
 8994633
 8993275
 8994675
 8995437
 8995577
 8992560
 8993393
 1387064
 8993553
 8980282
 8982884
 8982902
 8991602
 8990593
 8993089
 8995109
 8994517
 8995099
 1175534
 8994326
 8992925
 8966281
 8968451
 8984112
 8982145
 8986671
 8985374
 8985029
 8984778
 1332076
 8991087
 8991358
 1341856
 8991688
 8991576
 8990539
 8990561
 8990580
 8988452
 8990162
 8989487
 8992800
 8993293
 8994344
 1332042
 8994931
 8993252
 8995135
 1116192
 1341726
 8994803
 8995713
 8995627
 8993162
 8993707
 8995722
 8995762
 8994768
 8995976
 8993390
 8994126
 8995090
 8995350
 1198563
 8993669
 8995696
 8995701
 8993673
 8994092
 1243568
 8992642
 8992819
 8992877
 8992615
 8993078
 8994945
 8993738
 1175510
 8979846
 8984385
 0994472
 8992219
 8991180
 8994451
 8993710
 8993883
 8993545
 8994548
 8995480
 8994763
 1175545
 1175546
 8993995
 8992822
 8994203
 8992749
 8968805
 8966848
 8972623
 8975351
 1010993
 1188422
 8988346
 8987211
 8988068
 8985200
 1175634
 8959763
 8958317
 8977210
 8977728
 0994830
 8986829
 8987975
 1175639
 1364119
 1364236
 8985683
 0647176
 8989441
 1257749
 8988942
 8991504
 1296244
 1296248
 1296245
 1296246
 8991299
 8988494
 8989843
 8977833
 1201750
 8991140
 8991188
 8993699
 1175524
 1217712
 1217713
 8992846
 8992851
 8993133
 8993284
 8993757
 1254124
 8994107
 8987052
 8972499
 8971260
 8972011
 8972175
 8972639
 8976367
 8976512
 8976473
 8977144
 8977150
 8973894
 8974161
 8975650
 8975664
 8974098
 8978068
 8978074
 8982267
 8970520
 8985054
 1341871
 8991918
 8988635
 8973612
 8974698
 8976131
 8980385
 8978349
 8980842
 8982026
 8982759
 8981894
 8984308
 8983644
 8982686
 8982773
 1364177
 1257720
 8990094
 8990266
 8991702
 8992090
 8988972
 8991295
 8992507
 8994262
 8994784
 8995700
 8996014
 8996034
 8996036
 8994690
 8993825
 8994017
 8995380
 8995688
 8995807
 8995888
 8993296
 8993467
 8994450
 8994570
 8995111
 8992563
 8994695
 8993776
 8995972
 8992376
 8994258
 8994306
 1240564
 8993294
 8994508
 8995479
 8993641
 8992700
 8993546
 8994141
 8994274
 1249001
 8992619
 8981258
 8981963
 8983063
 8981738
 8984166
 8985885
 8985042
 8985982
 1305098
 1364120
 8991390
 8992273
 8989388
 8989778
 8989951
 8989964
 8990184
 8990752
 8991200
 8991554
 8992172
 8988788
 8988484
 8990166
 8996068
 8996093
 8993654
 8995018
 1201103
 8977696
 1201630
 8981666
 8984523
 0978664
 1332010
 8990056
 1365139
 8981477
 8989237
 8992346
 1324018
 8959480
 8964384
 1161796
 8976079
 8974936
 8980326
 1368573
 8980441
 8978419
 8983330
 1387007
 1387017
 8981767
 8983668
 8987015
 8987987
 8987428
 8985227
 1368502
 8984870
 8984994
 8985000
 8985007
 8985596
 8986775
 1257737
 8991172
 8990655
 8992066
 1387163
 8990563
 8990762
 8991241
 8989269
 8988648
 8990899
 8991822
 8991829
 8991835
 8990254
 8990016
 8991400
 8996077
 8993518
 8994988
 8993842
 8993563
 8994972
 8995048
 8994023
 8993668
 8994051
 8994561
 8993462
 8994692
 8995374
 1145930
 8994598
 8978572
 8981248
 8983451
 1365484
 8991617
 8992481
 8993065
 8993178
 8994563
 8995819
 8967826
 8967878
 1291719
 8971034
 8972422
 8975254
 8981226
 1305483
 8991191
 8989730
 8988794
 8993120
 1341734
 8995554
 8995794
 8994612
 8993647
 8993787
 8994867
 8993674
 8993459
 8995378
 8982556
 8987613
 8985662
 8988418
 8988950
 8989562
 8989821
 8990420
 8991130
 8988846
 8960514
 1328118
 8993195
 8994613
 1175529
 8958781
 8964342
 8973870
 8982123
 8981570
 1390723
 1201672
 1330312
 8985582
 8989930
 1332035
 8995560
 8996012
 8995267
 8994191
 8993615
 8994384
 8993479
 8994591
 8995285
 8995443
 8995953
 8995198
 8996085
 8994267
 1240567
 8995406
 1175528
 8994070
 8992831
 8995272
 8995537
 8992552
 8993986
 8991851
 8995035
 8978792
 8983229
 8981418
 8981557
 8981810
 8981996
 8983225
 8987543
 8984496
 8985761
 8988928
 8990071
 1387161
 8990276
 8991105
 8991301
 8988940
 8995957
 8967101
 8973984
 8975628
 8982341
 8987524
 8986293
 8991378
 8990498
 8990997
 8992381
 8993507
 8992781
 8995080
 1188419
 8994982
 8993835
 8994836
 1381136
 1381133
 8980887
 8990355
 8995462
 8995946
 8995573
 8963663
 8982768
 8981457
 8986068
 8985380
 1364208
 8989973
 8990979
 8989000
 8989765
 8990595
 8961074
 8964203
 8975233
 8978553
 1126756
 8982266
 8986855
 8985529
 8987562
 8986935
 1381111
 8991410
 1312304
 8991552
 8992078
 8996033
 8996037
 8992669
 8994908
 8994963
 8993382
 8995706
 8992905
 8994419
 8993142
 8995498
 8992672
 8995359
 8992850
 8994715
 8993675
 8968615
 1201657
 1364225
 8991369
 1332028
 8994971
 8995076
 8995328
 8992410
 8992803
 8963301
 8966797
 8967078
 8967087
 8969363
 8968332
 8976322
 8979544
 8979144
 8983542
 8983906
 8982159
 8984481
 8987063
 1393632
 1175608
 8986364
 8985566
 8990684
 8992032
 8990509
 8991079
 1387164
 8990281
 8991781
 8989960
 8990564
 8991810
 8989936
 8990021
 8990520
 8989047
 8990703
 8990712
 8988994
 8992173
 8994436
 8993054
 1188418
 8992791
 8993910
 8993037
 8993207
 8993434
 8994693
 8993849
 1336018
 8994016
 8995038
 8995367
 8974575
 8980998
 8988121
 8985905
 8986317
 8992249
 8988896
 1361353
 8991489
 1188779
 8989216
 8991001
 8991588
 8992108
 8989979
 8990064
 8990885
 8993824
 1126779
 8993388
 8994173
 1387074
 8992928
 8993208
 8994697
 8994702
 1240559
 8994729
 8993700
 8992812
 8993746
 8995226
 8995347
 8992830
 8992842
 8994568
 1381140
 8995156
 8964557
 8972541
 8978545
 1284945
 8979316
 8983095
 8981860
 8983535
 1387020
 8982349
 8982559
 8981828
 1201739
 1239593
 1393628
 8987663
 8987567
 8989760
 8990944
 8991648
 8989617
 8991227
 8990941
 8993427
 8992567
 8995824
 8995529
 8994169
 8994434
 8995776
 8995788
 8995793
 8995123
 8995363
 8994291
 8995063
 1296819
 8992755
 8992425
 8994610
 8960785
 1126602
 1339734
 8964576
 8978324
 8980154
 8983509
 8986826
 8990421
 8990501
 8989600
 1332116
 8995110
 8995229
 8993578
 8963951
 1201157
 8966820
 8974416
 1201646
 8984252
 8981944
 8995851
 8920294
 8934760
 1390729
 8963705
 8970309
 8971601
 8975896
 8977744
 8978637
 8978744
 8978884
 8983717
 8985759
 8987631
 8985141
 8992115
 8990643
 8990650
 8993793
 8992652
 8993896
 8995045
 8995842
 1361309
 8992473
 8995222
 8995237
 8992985
 8994155
 8971677
 8974529
 8975853
 8980074
 1126719
 8983647
 8981891
 8984681
 8986433
 8985614
 8984807
 8990898
 8990932
 1252774
 8990905
 8989332
 8991598
 8988618
 8988978
 8989429
 8990986
 8990858
 8994760
 8993754
 8993804
 8994884
 8993605
 8992502
 8994161
 8992874
 8994319
 8993411
 8992682
 1364134
 8991251
 8989759
 8992185
 8994493
 8993397
 8994351
 8971048
 8974390
 8980935
 8983687
 8982842
 8983091
 8985846
 8986662
 8986911
 8988100
 1364248
 1324168
 8985305
 1249181
 8990284
 8990892
 8990916
 8992256
 8991503
 8991684
 8991724
 8990929
 1361358
 8989505
 1189026
 8989731
 8991114
 8990123
 8992255
 8989319
 1243560
 1332105
 1332026
 1332034
 8993579
 8994329
 8993790
 8995792
 8992428
 8992620
 8974916
 8980938
 8979788
 8987248
 8989024
 8991871
 8992118
 8988783
 8988990
 8990993
 8989363
 8989286
 8993821
 8994456
 8995223
 1341709
 1341732
 8993465
 8994024
 8995128
 1291826
 1296812
 8993184
 8993187
 8993665
 8993436
 8994046
 8993265
 8938063
 8942502
 8953401
 8953247
 8960528
 8978825
 8984133
 8985554
 8990129
 8990506
 8991039
 8992678
 8993281
 8992450
 8992373
 8994937
 1336016
 8993307
 1339348
 8982492
 8991080
 8992021
 8988680
 8990475
 8995451
 1126783
 8994301
 8993831
 8995766
 1188420
 8995752
 8992651
 8994147
 8993532
 8994805
 8996055
 8995514
 8971173
 8977745
 1239589
 8981466
 8981777
 8983434
 8984027
 8981744
 8986660
 1201675
 8986900
 8986611
 8985502
 8986787
 8984929
 8988050
 1304022
 1364205
 8985710
 8988190
 8990863
 8990294
 8992175
 8989845
 8989579
 8990664
 8989664
 8991448
 8991738
 8991761
 8992268
 8990120
 8989988
 8988664
 8990090
 8990671
 8989112
 8993676
 8994363
 8993056
 8994864
 8996032
 8993317
 8994093
 8995320
 8995370
 8995389
 8995768
 8995840
 8993838
 8994622
 8993130
 8994567
 8994578
 8993043
 8995278
 8995797
 8992604
 8993080
 8993473
 1387076
 8993315
 8992879
 8994526
 8995962
 1240553
 8995373
 8993454
 1198638
 1198645
 8993729
 8995310
 8994846
 8979713
 8980578
 8981036
 8981525
 8982101
 8984089
 1390716
 1390724
 8987457
 8988576
 1291746
 8988772
 8992081
 8988684
 8990185
 8963486
 8975638
 1332006
 1361354
 8991556
 1332016
 1332133
 1332036
 8993733
 8994342
 1368653
 8993225
 8993548
 8995098
 8993617
 8994915
 8992883
 8993308
 8993999
 8994901
 1381134
 8982437
 1387066
 8995376
 8993782
 8992576
 8996072
 8995765
 8993269
 8981723
 1291806
 8986798
 8990724
 8991686
 8993817
 8993472
 8994353
 8993513
 8994376
 8963563
 8975066
 8976946
 8979415
 8981616
 8984682
 1341327
 8987749
 8984646
 8986398
 1332072
 8988459
 8991109
 8989467
 8990365
 8989594
 8992187
 8991455
 8976238
 8984120
 1365463
 1201694
 8984539
 8986782
 8987873
 8987931
 8986867
 8984608
 8985134
 1359044
 1364214
 8987127
 8985213
 1332086
 8990029
 8991809
 8988759
 8990732
 8990032
 8989345
 8988835
 8991006
 8993504
 1222481
 1332201
 1332202
 1332017
 8993318
 8993994
 8995978
 8995356
 8995621
 8995822
 8993915
 8995402
 8993416
 1341738
 8992520
 1239708
 8994810
 8994412
 8995428
 8992947
 8993440
 8994320
 8995053
 8995095
 8995954
 8993119
 8993135
 8993538
 8993786
 8995825
 8993070
 8994990
 8993968
 8995683
 8995715
 8992725
 8993695
 8994015
 8994839
 8994952
 8992833
 8993069
 8993581
 8993566
 8994395
 8995684
 8995234
 1328089
 8996000
 8994387
 1354376
 8978612
 8978030
 8981665
 1390720
 8987201
 8989373
 8991520
 8992154
 8991394
 8989076
 8996086
 8994337
 8995336
 1116194
 1341725
 1341729
 8992460
 8993061
 8993984
 8995639
 8995964
 8994298
 8995077
 8993606
 8994501
 8993810
 8994219
 8992730
 1366417
 8988507
 8995023
 8995711
 8995780
 1291829
 8993679
 8994938
 8993712
 8993721
 8993739
 8992575
 8994650
 8956099
 1324155
 1324157
 1011107
 8975781
 8977803
 8977810
 8977826
 8978664
 8983896
 1379322
 8981558
 8989258
 8968554
 8976368
 8979432
 1381101
 8990141
 1336010
 8952245
 8963129
 1126735
 8983702
 8983666
 8982416
 8983246
 8985560
 8985575
 1393641
 1252599
 8986365
 8992223
 8990424
 8989770
 8989407
 8991011
 8992250
 1387155
 1387162
 8988953
 8989744
 8980301
 8981054
 8979746
 8987402
 8990764
 8990582
 8991908
 1366255
 8988668
 1376556
 8988678
 8989105
 8991345
 8990915
 8964618
 1305433
 8969857
 8971788
 8970252
 8976088
 8973869
 8975778
 8979624
 8980279
 8981190
 1010920
 1010921
 1010922
 8978097
 1362005
 8982747
 1201175
 8982570
 8982683
 1010923
 1010924
 8982584
 1393650
 8984572
 1291816
 1364124
 1362087
 8987526
 1257728
 8988489
 8989333
 8989648
 8990432
 1341860
 1341869
 8989463
 8990822
 8991037
 8990750
 8988537
 8990240
 8990674
 8990073
 1243097
 8989924
 8991466
 8991866
 8992594
 1332214
 8994211
 8994718
 8995856
 8993798
 1341719
 8992693
 8995008
 8992872
 8994733
 8992470
 8993299
 8994310
 8993660
 8994252
 1381161
 8988791
 8980199
 1201631
 1364031
 1201699
 1291742
 1257725
 1332100
 8991284
 8988779
 8992196
 8991213
 8988993
 8990645
 8992282
 8995655
 1332215
 1332216
 1332129
 8995081
 8995468
 8993662
 8995005
 1341740
 8994470
 8995434
 8995927
 8993956
 8994158
 8994400
 8995883
 1387060
 8993328
 8992512
 8992933
 8992938
 8993055
 1217711
 8995760
 8992859
 8993696
 8996057
 8994714
 1381152
 8995493
 8963731
 8964151
 8980028
 8979181
 8982236
 8984018
 8983582
 8984430
 1366357
 8988356
 8988332
 8988342
 8985414
 8984662
 8984710
 8984861
 8990214
 8989392
 8991753
 8991767
 8992864
 8994958
 1240565
 8953609
 8976716
 8975793
 8983136
 8985727
 8986816
 8985548
 8986649
 8987136
 8989999
 8990552
 1387158
 8989499
 8988483
 8989958
 8991305
 8991893
 8989470
 1332219
 8995026
 8993001
 8995446
 8993677
 8994444
 1387058
 1387059
 8992593
 8994912
 8993685
 8994276
 8962886
 8965515
 8970988
 1126703
 8978354
 1254119
 1126762
 1010978
 8981678
 8985540
 1296238
 8986914
 8986347
 8987945
 8990460
 8990110
 8990765
 1332050
 8995838
 8994031
 8992961
 8992997
 8995252
 8995340
 8993705
 1381141
 8980306
 8984193
 8988316
 8985407
 8971628
 8985896
 8986905
 8988995
 8976510
 8983048
 8984933
 1175644
 8990574
 8992211
 8990656
 8990806
 8991051
 8991475
 8989757
 8990086
 8988508
 8994759
 8995516
 8994571
 8995519
 8993263
 8995669
 8993332
 8994944
 8971535
 8970822
 8982295
 8967607
 1368578
 8987157
 8987827
 8989460
 8917193
 8930728
 1305742
 1305442
 8974457
 8977257
 8975188
 8974948
 8975425
 8981306
 8978236
 8984323
 8983481
 8984329
 8984123
 8984203
 8981774
 8982520
 1390728
 8988120
 8987994
 8986136
 8986382
 8988315
 1364147
 8985462
 1257742
 8989591
 8992262
 8991894
 8992114
 8988713
 8991632
 8990812
 8988765
 8991744
 8991861
 8991984
 8990751
 8990840
 8988914
 8989334
 1243099
 8989331
 8989508
 8991569
 8990640
 1332212
 1332213
 1332118
 1332027
 1332046
 8994341
 8994991
 8995870
 8995933
 8992684
 8992847
 8996096
 8994484
 8995453
 8995572
 8993909
 8994233
 1116191
 8993153
 1239609
 8995025
 8993007
 8993989
 8995129
 8995806
 8995079
 1240566
 8994547
 8994711
 8993004
 8993205
 8995558
 8992703
 8994676
 8992801
 8993713
 8995343
 8995628
 8992912
 8993040
 8995172
 8995867
 8993638
 8984405
 8983336
 1376542
 8992302
 1239702
 8989128
 8991234
 8991705
 8991920
 8990115
 8990311
 8993952
 8993540
 8992429
 8993476
 8995114
 8995199
 8993812
 8925942
 8936022
 8964656
 8984637
 1304023
 8974982
 8974227
 8980341
 8981405
 8982664
 8988197
 1243557
 0647178
 8989099
 8991972
 1296249
 8990257
 8989318
 8995661
 1359066
 8992610
 8993364
 8993368
 8969160
 8980988
 8981898
 8985191
 8994623
 8999987
 8990614
 8979424
 8995592
 8995841
 8995276
 8995145
 8995458
 8993772
 8995764
 8995068
 8996393
 8999832
 8998861
 8998016
 8999868
 8999946
 8999359
 8997784
 8998287
 8997240
 1257738
 1387169
 8993480
 8998583
 8998750
 8998963
 8998136
 8997076
 8980702
 8980246
 8991611
 1332020
 8995194
 8994830
 8994415
 8998611
 8998659
 8997782
 8996171
 8998694
 8999337
 8999497
 8999609
 1341828
 8996264
 8998547
 8996657
 8997529
 8997860
 8997868
 8998881
 8999062
 8999158
 8999813
 8996651
 8997003
 8998953
 8997079
 8997993
 8998400
 8999656
 1175370
 8998490
 8997200
 8998784
 1359153
 8997094
 8998119
 8998688
 8997785
 8997080
 8997149
 8997482
 8999333
 8999403
 8994935
 8995921
 8996829
 8997086
 8997502
 1379337
 8988353
 8988514
 8992305
 8991095
 8976985
 8973997
 8991603
 8994546
 8992779
 8993488
 8993000
 8999958
 8997386
 8998514
 1175365
 8997264
 8996124
 8999416
 8972598
 8973871
 8973872
 8977479
 8974122
 8977599
 8981529
 8983946
 8984835
 8989265
 8989789
 8967681
 8969300
 1361541
 8967235
 8973421
 8971221
 8971557
 8971806
 8972786
 8970477
 8975995
 8979015
 8980026
 8980139
 8980603
 1361077
 1361006
 8981638
 8982009
 8991982
 8990938
 8993515
 8999969
 8997048
 8996214
 8997831
 8996247
 8998433
 1175353
 8997580
 8997751
 8998204
 1381170
 8998141
 8998748
 8997309
 8996791
 8968593
 8972181
 8980473
 8977830
 8979259
 8983273
 8983358
 8987773
 8988249
 8985120
 8985877
 8986440
 8991756
 8992092
 8988616
 1175509
 8971224
 8975406
 8975844
 8979535
 8978436
 8985980
 1387038
 8985205
 8985277
 8986335
 8991608
 8992379
 1332218
 1188423
 1217710
 8993283
 8963706
 8979041
 8982726
 1243026
 1257710
 8987533
 8986338
 8989851
 8989887
 8991631
 8990477
 8992939
 8994367
 8995398
 8995880
 8995720
 8995942
 8994868
 8995169
 8992447
 8994953
 8994422
 8992951
 8995390
 8993520
 8999173
 1332167
 8997787
 8999811
 8999822
 8999842
 8997294
 8998215
 8998333
 8998355
 8999438
 8999519
 8999553
 8999891
 8999907
 8997199
 8998978
 1341817
 8996728
 8998652
 8998895
 8996890
 8997161
 8997575
 8999139
 8999618
 8999918
 8999921
 8999929
 8999934
 8996144
 8999147
 8999851
 8997537
 8996551
 8997420
 8996655
 8996978
 8997170
 8997348
 8998014
 8996686
 8997297
 8993759
 8991798
 8992253
 8991755
 1390738
 8992657
 8993535
 8993180
 8992666
 8992813
 8955653
 8987724
 8992315
 8988423
 8986048
 8989756
 8977222
 8987409
 8986388
 8986361
 8990638
 8991628
 8994427
 8995656
 8994195
 8994137
 8994812
 1382553
 8994580
 8994898
 8996069
 8994039
 8997934
 8996850
 8997479
 8997909
 8999351
 8997031
 8996687
 8997334
 8998692
 8999347
 0647183
 8991723
 8970533
 8975034
 8978344
 8977891
 8983112
 8988277
 8991969
 8994929
 8993161
 8997456
 8997445
 8996948
 8997002
 8996823
 8997686
 8998387
 8997389
 8998518
 1381163
 8998849
 8990194
 8993650
 8981977
 8986653
 8988228
 1305494
 8986546
 1390737
 8979824
 8987880
 8985998
 8992042
 8991959
 8992501
 8992488
 8992550
 8998466
 8998919
 8999848
 8999357
 1311696
 8997192
 8997810
 8997899
 8998491
 8999004
 8998923
 8997422
 1339805
 8996322
 8996709
 8999665
 8998077
 8965481
 8987062
 8987625
 8987901
 1341704
 1341742
 8993030
 8993530
 8995582
 8994469
 8993944
 8992829
 8997697
 8997964
 8996588
 8997096
 8997771
 8999509
 8998608
 8997465
 8985023
 8991205
 8991864
 8992380
 1332108
 1332210
 8993483
 8993959
 1387069
 1175531
 8995523
 8996154
 8997669
 8997968
 8999396
 8997647
 8998711
 8999024
 8997180
 1387090
 1387091
 8996546
 8997542
 8997559
 1339400
 8996379
 8997320
 8997433
 0647181
 8974656
 8994774
 8995502
 8993870
 8994529
 8997322
 8998914
 8964739
 8981459
 8982399
 8986224
 1128064
 8986500
 1324167
 8984854
 8988193
 8992130
 8988586
 8990968
 8995966
 8996095
 8994197
 8995149
 8995799
 8992531
 8992638
 8995510
 8995878
 8993083
 8994312
 8995843
 8993686
 8994150
 8994893
 8992943
 8993541
 8998329
 8996448
 8996147
 8998752
 8974143
 8975368
 8984096
 8987391
 8988152
 1175623
 8992213
 8989071
 8988833
 8992994
 8993919
 8992675
 1291586
 8993126
 8992820
 8997353
 8998632
 8998828
 8996766
 8997059
 8997854
 8999302
 8998506
 1291587
 1175373
 8999714
 8998293
 8999465
 8996335
 8996974
 8998192
 1362012
 8998578
 8998233
 8999669
 8997233
 8997326
 8997939
 8972388
 8976359
 1010941
 8992695
 8995665
 1223025
 8994604
 8993270
 1387061
 1387065
 8995513
 1188421
 8995281
 1240570
 8994821
 8994025
 8994647
 1359059
 8995148
 8993928
 1328088
 8992740
 8996716
 8998146
 8998320
 8999180
 1240507
 8998664
 8998928
 8999160
 8997251
 8998613
 8997557
 8986326
 1364211
 8991058
 8994433
 8995616
 8992797
 8995454
 8995447
 8993298
 8994406
 8994875
 8998219
 1126654
 1126787
 8998256
 8997016
 8998839
 8996631
 8996628
 8999528
 8999531
 8997164
 8998217
 1381180
 8996607
 8979924
 8978476
 8983680
 8987108
 1364162
 8985768
 8985130
 8991224
 8991271
 8991592
 8993887
 8993034
 8993051
 8995749
 1387068
 8993811
 8995601
 8995423
 8995001
 8993204
 8998148
 8997720
 8998866
 8999012
 8999369
 8999698
 8996658
 1359163
 8996664
 8997673
 8998013
 8968425
 8967552
 8971407
 1010984
 8956285
 8975612
 8993221
 8996018
 8994225
 1387088
 8985367
 8999381
 8999872
 8964953
 1291584
 8975488
 8983181
 8994010
 8995754
 8993976
 8998147
 8999218
 8999833
 8997592
 8997853
 8998568
 8999803
 8999888
 8997344
 8971097
 8970193
 8979536
 1366343
 8981988
 1201728
 8986159
 8986195
 8986587
 8990503
 8989515
 8988676
 8990995
 1175517
 8991800
 8989247
 8991947
 1332238
 8995653
 1341718
 8992958
 8992964
 8995032
 8992906
 1366202
 8995308
 8994315
 8995287
 8992917
 8994818
 8992389
 8992787
 8997426
 1332250
 1332169
 8997083
 8997216
 1341814
 1341819
 8998970
 8997171
 8999196
 8999146
 8999631
 8997760
 8997237
 8997514
 1011125
 8997970
 0647182
 8997538
 8996863
 8989141
 8989360
 1198639
 8994678
 1364187
 8992898
 8993583
 8993800
 8997855
 8997452
 8998263
 1198583
 8996673
 8999721
 8967365
 8968257
 8985774
 8987433
 8987213
 1359045
 8985376
 8985797
 1257739
 8989367
 8989726
 8991743
 8991272
 8992169
 8989284
 8989279
 8988559
 1332025
 8995139
 8993743
 8995654
 8992768
 8992963
 8994109
 8994467
 8995269
 8995633
 8995866
 8995877
 8995934
 8995910
 8994044
 1198559
 8993508
 1332160
 1332170
 8997629
 8997039
 8997050
 8999566
 8997259
 8998507
 8998515
 8999016
 8998574
 8998636
 8999021
 8999191
 8999199
 8999590
 8999939
 8999418
 8997711
 8997994
 8964210
 8969425
 8976489
 8978334
 8979481
 8977613
 8978171
 8983061
 8981692
 8982290
 8981637
 8987495
 1304036
 8990726
 8993429
 8995000
 8994889
 8995887
 1175539
 8994089
 8993731
 1324177
 1324118
 8994531
 8993531
 8999972
 8997214
 8999898
 8999099
 8999244
 1341809
 1341816
 8997252
 8997362
 8996905
 8999501
 8999777
 8996217
 8996219
 8998188
 8997952
 8999615
 1390656
 8996950
 8996971
 8997633
 8998079
 8998674
 8998101
 8996520
 8996893
 8998644
 8997599
 8946542
 8959165
 8959177
 8962444
 8965236
 8973508
 8979453
 8978295
 8981319
 8981322
 8982680
 1368472
 8988457
 1188417
 8996062
 8993347
 8995107
 8998034
 8998062
 8997239
 8996186
 8996189
 8996191
 8996194
 8996196
 8999287
 8999667
 8997511
 1339744
 1339349
 1339742
 1324108
 8982004
 8986271
 1240560
 8995739
 8993009
 8997888
 8999085
 8997965
 8999548
 8999651
 8999853
 8998365
 1234894
 8999663
 8997172
 8997276
 8998134
 8997745
 8998975
 8998899
 8977482
 8979352
 8988006
 8984849
 8987038
 8988225
 8987070
 8984827
 8985718
 8988515
 8990831
 8991484
 8992189
 1304034
 8990081
 8988480
 8991141
 8991202
 8996090
 1332217
 1332220
 8995331
 8994975
 8995293
 8995604
 8995690
 8996049
 1128083
 1240572
 8995949
 8994413
 8993719
 8995375
 8999906
 8997394
 8998458
 1332247
 8998464
 8997890
 8998877
 8999397
 8999411
 8999724
 8999825
 8998171
 8999661
 8999760
 8997544
 8996256
 8998930
 1239724
 8996661
 8997158
 8997772
 8997910
 8996192
 8997822
 8998713
 8998731
 8999488
 8999752
 8999807
 8999768
 8999823
 1387082
 8996190
 8996207
 8996273
 8999151
 8998657
 8999176
 8997151
 8997963
 8999327
 8999427
 8998112
 8999217
 8997758
 8997507
 8998213
 8998870
 8979269
 8986770
 8988187
 8986323
 8991194
 8990019
 8990033
 8992227
 8988358
 8989056
 1332015
 8994081
 8994583
 8993571
 8995034
 1381132
 8999505
 1354239
 8998446
 8997973
 8996139
 8998769
 8998630
 1359152
 8993129
 8978377
 8978548
 8989827
 8993949
 8994804
 8994440
 8993348
 8999001
 8997521
 8996392
 8996884
 8996457
 8996683
 8972460
 1201623
 8981446
 8982681
 8991638
 8990694
 1332229
 8995798
 1341711
 1387054
 8993237
 8992983
 8992765
 8987807
 8987835
 8992082
 8995965
 8994060
 8993637
 8995892
 8992603
 8993168
 8992607
 8995174
 8994807
 8992659
 8995166
 8993813
 8998308
 8999169
 8997100
 8997140
 8998159
 8998778
 8999133
 8999886
 8999122
 8999741
 8997581
 1341818
 1341823
 8996733
 8997236
 1239725
 8998240
 8996885
 8997722
 8998847
 8999331
 8999430
 8999835
 1387094
 8999153
 8996447
 8996279
 8997776
 8998607
 8998224
 1175359
 8996575
 8996992
 8999252
 8999330
 8997325
 8997217
 8998546
 8999083
 8997893
 8996770
 8997211
 8999037
 8984992
 8990473
 8993965
 8994321
 8994282
 8995182
 8994581
 8999791
 8999571
 8996732
 8998001
 8999818
 8999119
 8997727
 8985040
 8979887
 8987243
 8989006
 8991566
 8995632
 8993983
 8992786
 8995057
 8993008
 8993734
 8998987
 1354240
 8998372
 8999026
 8999715
 1387079
 1387086
 8996385
 8999684
 8996846
 8997144
 8997504
 8996365
 1010852
 8997418
 1362028
 8992744
 8999080
 8977809
 8968935
 8970857
 8974534
 8976134
 1201112
 8980475
 8988175
 8988209
 8986639
 8987378
 8992013
 8991968
 8992058
 8990367
 8992438
 8994538
 8995270
 8995478
 8995811
 8995832
 8995917
 8995930
 8993763
 1240562
 8993809
 8994511
 8994842
 8995763
 1243569
 8993597
 8992869
 1126785
 8998651
 8998709
 8999159
 8999386
 8999542
 8999756
 8996652
 8999117
 8956768
 1341969
 8970609
 8981057
 8987204
 8985745
 1010998
 8989559
 8990398
 8990654
 8988681
 8991730
 8989725
 8991543
 8988932
 8991710
 8994182
 8995418
 8995960
 8992909
 1128086
 8993997
 8994297
 8993613
 8995332
 8999753
 8996116
 8996321
 8998510
 8999025
 8999226
 8999809
 8999820
 8996689
 8997493
 1341815
 8996815
 8999854
 8997977
 8997014
 8998295
 8999380
 8998906
 8999134
 8997761
 8996387
 8985708
 8956793
 1011102
 8976776
 8977568
 1257706
 8987736
 8984589
 8984590
 8984591
 8984593
 8984594
 1332085
 8989714
 1332102
 8994226
 8994460
 8995802
 8994943
 1128081
 1366204
 1175533
 8994452
 8995146
 8995262
 8994228
 8995591
 8997245
 8997451
 8997472
 8998177
 8998986
 8997403
 1322252
 8998279
 8999574
 1341820
 1239726
 8999030
 8997397
 8997600
 8999454
 1387081
 8997229
 8997066
 8996674
 8997861
 8998933
 8999225
 8996775
 8998170
 8998238
 1381165
 1381166
 8991107
 8969207
 8980462
 1126743
 8983758
 8984327
 8982938
 8982894
 8985910
 8988146
 8987165
 8986109
 8986119
 8988201
 1243554
 8991605
 8988883
 8991681
 8991583
 8992093
 8988844
 8991300
 8969876
 8974604
 8980957
 8983498
 8985528
 8985743
 8986018
 8986002
 8990761
 8990057
 8989992
 8991171
 1376560
 8991414
 8993493
 8994008
 8994309
 8994414
 8994132
 8993288
 8994628
 8995087
 8995120
 8994853
 8998993
 8998997
 1354244
 8996438
 8998220
 8999033
 1387098
 8999215
 1234900
 8998457
 8999170
 8999255
 8997328
 0978660
 8989107
 8991169
 8988793
 1254369
 1332101
 8993521
 8994426
 8995812
 8995170
 8995176
 8995012
 8993319
 8995850
 1387072
 8994313
 8994335
 8995042
 8995973
 8994475
 8997586
 8997945
 8997649
 8999356
 8999569
 8998005
 8999439
 8999444
 8999237
 8997906
 8998065
 8998075
 8999111
 8999473
 8999576
 8999587
 8999683
 8999746
 1387085
 8998972
 8999268
 8996364
 8999782
 8998815
 8984927
 8987669
 8988937
 1257744
 8990269
 8991270
 8988645
 8993593
 1116198
 8993714
 8994630
 8995064
 8993807
 8995490
 8994198
 8995119
 8994870
 8995239
 8993274
 8995047
 8993749
 8995734
 8997707
 8996168
 8996145
 8999419
 8997321
 8997608
 8996693
 8973011
 1201684
 8994066
 8994084
 8995672
 1324120
 8998330
 8999453
 1234887
 8999499
 8974392
 8978066
 1254116
 1366351
 8990334
 1254373
 1381135
 1254379
 8995483
 8994207
 8962648
 8965283
 8978093
 8980626
 8979651
 8980334
 8984239
 8982122
 8981686
 8985752
 8985459
 1010933
 8984769
 8984944
 8992086
 8989398
 8991614
 8988976
 1332112
 1332146
 1341730
 8994181
 8994332
 8995366
 8994626
 8994709
 8995542
 8995778
 8995783
 8995830
 8995862
 8995869
 8993557
 8994405
 8995097
 8993093
 8992477
 8994177
 8995692
 8992782
 1390745
 8995245
 8996847
 8998772
 8999168
 8996173
 8999852
 8999857
 8997660
 8998653
 8999592
 8999705
 8998907
 8999273
 1341813
 1341833
 8998541
 8998640
 8997946
 8998394
 8996272
 8996402
 8996461
 8996462
 8996816
 8996915
 8998697
 8998738
 8999385
 8999400
 8999434
 8999451
 8999608
 8999639
 8999912
 8999935
 8999730
 8999773
 8996677
 8998807
 8998967
 8997101
 1175541
 1175372
 1175376
 8998762
 1365330
 8999583
 8999707
 8996597
 8998143
 8998270
 8997008
 8997385
 8996843
 8997107
 8997146
 8997956
 8998033
 8998227
 8999625
 8970701
 8973218
 8974583
 8975274
 8979494
 8980257
 8978145
 8982068
 8987645
 8992316
 8990679
 8989974
 8992012
 8992091
 8996089
 8994802
 8993940
 8995206
 8999931
 8999933
 8996143
 8997212
 8997719
 8934002
 1257716
 8990044
 8992479










