16-06-24
 8999747
 8991283
 8999764
 9001814
 9000790
 9007151
 9005428
 1387224
 9007825
 9008120
 9009323
 9010024
 9008001
 9010596
 9010598
 9008335
 9008868
 8986091
 8990937
 8998717
 0978685
 1175383
 9005410
 9005233
 9005587
 1366447
 9005451
 9009017
 9009628
 1272648
 9008586
 1328099
 8979606
 8978423
 8981532
 1257711
 1201685
 8986641
 1332090
 8988454
 1239608
 8996465
 0893238
 9002416
 9004853
 9004869
 9006898
 9005470
 9007154
 9005034
 9005082
 9008010
 9008123
 9008104
 9010229
 9008943
 9008334
 1323869
 1323877
 9008370
 9010018
 9008406
 9009097
 9010072
 9010713
 9008808
 9008118
 9009005
 9007723
 1175564
 1175567
 1175571
 9009974
 9007452
 9007788
 9008336
 9010051
 9005654
 9010349
 1175632
 8967430
 8971655
 8976022
 8983284
 8986764
 9001266
 1387225
 9005170
 9005214
 9009913
 9007546
 9008783
 9008472
 9007734
 9008803
 9009596
 9009103
 9009848
 9007856
 1202135
 1202140
 8965545
 8969956
 8970937
 1128063
 8988445
 8988491
 9000718
 1364172
 8989624
 8992296
 8989997
 8991328
 8998948
 8997554
 1239731
 9003644
 9000611
 9002135
 9001112
 1362038
 9006615
 9007196
 9007209
 9007286
 9006377
 9003834
 9005413
 9004875
 1362047
 8990948
 8976422
 8953786
 8953362
 8962796
 8969917
 8969924
 8968619
 8969872
 8972881
 1382441
 8978272
 1382522
 8980193
 8980491
 8984413
 8981956
 8987507
 8985830
 8985772
 1364158
 8986019
 8986813
 8987219
 8988651
 8992044
 8990769
 8990784
 8994423
 8992751
 1175369
 1359162
 8997324
 1382556
 8997063
 9000938
 9005543
 9005148
 1175551
 9006270
 9004680
 9004694
 1145943
 1240522
 1175569
 9008108
 9007532
 8991888
 8992694
 8996258
 9006503
 9003938
 9005189
 9009010
 1379376
 9010597
 9007596
 1364301
 9007902
 9008293
 9007644
 9007958
 1254242
 9008988
 8969033
 8979958
 8985303
 8990531
 8997371
 9003197
 9001080
 9006900
 9006008
 9004829
 8995675
 1175547
 8961090
 8963795
 8968329
 8966550
 8975635
 8976348
 8976527
 8981606
 8991547
 8998018
 8999131
 8999498
 8996663
 9002031
 9000228
 9006300
 9005184
 9005987
 9006391
 9006844
 9004231
 9007166
 9007180
 9006622
 9006902
 9006910
 9006930
 9007107
 9007303
 9004259
 9006857
 9006441
 1324175
 9009350
 9010083
 9008873
 9010441
 9009207
 9009416
 9010344
 9010363
 9010760
 9010775
 9009333
 9007462
 9008107
 9008456
 9009106
 9010338
 9010587
 9010740
 9010747
 9007864
 9008014
 9008558
 9008518
 9007855
 9008011
 9010008
 9010128
 9010680
 9010225
 9008233
 9008392
 9008428
 9010429
 9010610
 9010652
 9010718
 9009732
 9007599
 9009011
 9009590
 9010646
 9010226
 9010007
 1366166
 1366173
 9009709
 9008749
 9008768
 9008079
 9010059
 9010607
 9010036
 9007545
 9007548
 9008972
 1232110
 8987056
 8991754
 8999666
 8997844
 8967419
 8985860
 9001121
 9005213
 9006396
 9006508
 1387233
 9007288
 9005167
 9007836
 9009423
 9010190
 9010443
 9009795
 9007518
 8984946
 8995449
 8992907
 8999231
 9000466
 9000022
 9007145
 9005688
 9005797
 9005744
 8984476
 8989134
 8998002
 8998571
 8997974
 9002909
 9000615
 9004143
 9004301
 9005467
 9005222
 9007044
 9004448
 1272654
 1272655
 9010106
 9009341
 9007966
 1160160
 9009704
 1145947
 8988704
 8999795
 9001117
 9003564
 8998561
 8999178
 9003820
 9007396
 9009165
 9008547
 9010865
 8967404
 8970708
 8980508
 8983991
 8986906
 8986496
 8992106
 8989518
 8994455
 8999815
 8999478
 9001530
 9001886
 9003076
 1328034
 9006331
 9005570
 9004408
 9006835
 9006028
 9004376
 9006588
 1324171
 1354418
 1323855
 9007515
 9008634
 9009004
 9008061
 9008722
 9008756
 8999932
 9003307
 9001684
 9003655
 9001958
 9006021
 8999866
 9000738
 8991760
 8996278
 8996280
 9002958
 9006186
 9005528
 9008510
 9008882
 9010358
 9010551
 9009514
 1354419
 9010375
 9010631
 1272643
 9007505
 9007850
 9009977
 9010094
 1379431
 9008067
 9008820
 8980253
 1305428
 9001916
 9001739
 8998722
 9006616
 9006286
 9003887
 9004281
 9005085
 9005426
 9006183
 9010029
 9009481
 9008876
 9008520
 1354390
 8977469
 8983744
 1387160
 8989356
 8993360
 9001090
 9003123
 9005346
 9006213
 9010366
 9008764
 9009324
 9010364
 9009572
 9009214
 1387309
 1387316
 9009327
 9008369
 1365657
 9008413
 9008229
 9006040
 9009353
 9009726
 9008302
 9008516
 8998026
 8997672
 8999733
 8996820
 9002309
 9001777
 9002014
 9000189
 9002755
 9002436
 9001078
 9002820
 9001316
 9004803
 9004070
 9006392
 9004434
 1198704
 9006677
 9005620
 9006475
 9008860
 9007711
 9008377
 9010371
 9009041
 9009365
 9009535
 9010572
 9010578
 9010626
 9010739
 9010742
 9007526
 1365667
 9010279
 9008457
 9008466
 9007484
 8970462
 1366385
 8988719
 8994732
 8994698
 9002626
 9002052
 9001817
 9001838
 9001004
 9003094
 9001653
 9007419
 9004048
 9006411
 9006817
 9007085
 1175835
 1175838
 1175839
 1175840
 1164034
 1324192
 9004082
 9009487
 9010815
 9008264
 9009469
 9010147
 1291588
 9009825
 9009689
 9009697
 1336120
 9004059
 9005373
 9008141
 9008491
 9008936
 9008514
 9009962
 8973175
 8975730
 8976767
 8981793
 8991021
 8991282
 8991360
 1126772
 8993136
 8994388
 8995614
 8995546
 1390749
 1387080
 8997929
 0647184
 9000479
 9002164
 1254129
 9002559
 9005648
 9006941
 9006285
 9006709
 9006899
 9004620
 9005146
 9006929
 9006938
 9008748
 9009568
 9009651
 9009036
 9008786
 9009198
 9009441
 1387248
 9009502
 9009786
 9009925
 9009738
 9007915
 9008368
 9009378
 9008053
 8991090
 8989985
 8993048
 8996814
 8998478
 9002990
 9001337
 1126673
 9008240
 9007911
 9010472
 1379398
 9008606
 9010436
 9009417
 1366158
 9009933
 9009567
 9009926
 9007792
 9008028
 9008372
 9008389
 9008525
 1254243
 8981168
 8984380
 1243019
 8988327
 8985776
 8996023
 8995731
 1324119
 8996347
 8997916
 1272579
 9002330
 9000772
 9004890
 9005573
 9006866
 9006926
 9007348
 9006456
 1361174
 9006570
 9004675
 9004752
 9008098
 9008633
 9009448
 9010736
 9010576
 9010355
 9009462
 9010782
 9009067
 9009564
 1379425
 9010121
 9008144
 9009612
 9008049
 8979930
 1304042
 9001044
 9006026
 9010537
 1272631
 9010102
 9008506
 8989381
 8996958
 8999885
 1332243
 9010616
 8980549
 8992002
 8994704
 8994346
 8995246
 8992856
 8993230
 1387083
 8999152
 9002562
 1387218
 8963552
 1291187
 8985610
 8996010
 0979062
 9006904
 9005899
 9006365
 9007302
 9007184
 9007199
 9006772
 1175555
 9004457
 9010719
 9010761
 9008727
 9010751
 9007531
 9009511
 8983574
 1332008
 8990759
 8992119
 1366251
 8991736
 8991286
 1269976
 1332233
 8994856
 1359061
 1359062
 1336013
 8996862
 8996771
 8999424
 9001077
 9001346
 9002841
 9002772
 9003236
 9002294
 9003585
 9003134
 9004352
 1376067
 1376073
 9006604
 9007346
 9004505
 9004843
 9006868
 9006253
 9006295
 9007226
 9006282
 9005616
 9007270
 9005254
 9005262
 9010400
 9010406
 1323881
 9008435
 9008475
 9010026
 9010482
 8970218
 1254114
 9000717
 9008688
 9007846
 1272646
 1379399
 1198735
 9010188
 9009109
 1201609
 8983341
 8987496
 8998974
 8996761
 8998211
 1272582
 9001070
 9003499
 9000379
 9003194
 9001128
 9005418
 9005860
 9004225
 9006155
 9006198
 9006627
 9006917
 9006405
 9004996
 9009696
 9009222
 1354343
 9008414
 9009384
 9009845
 9007646
 9009318
 9010113
 9010257
 9010684
 9008088
 9010324
 9007576
 9007841
 9009519
 9009557
 9009701
 9009542
 9007536
 9009326
 9009986
 9010492
 8987305
 8990261
 8993652
 8995531
 8993114
 8993516
 1324122
 1324114
 8998358
 9003737
 9001756
 9000588
 9005430
 9003890
 9006770
 9005541
 1324196
 9004784
 9008171
 9010588
 9010140
 9007799
 9010527
 9010673
 9009059
 9009436
 9009752
 9009042
 1272633
 1272647
 9010745
 9008202
 9009883
 1387305
 9008383
 9009203
 9008315
 9009663
 1324241
 9008832
 9008902
 9009024
 9003819
 9003829
 9004556
 8977795
 8977798
 8980886
 9001188
 9002002
 9003091
 9001450
 9004572
 9006289
 9005886
 9009889
 9009051
 1126675
 9009623
 9010667
 9009328
 9008966
 9009713
 9010030
 8997770
 9000071
 9000890
 1272580
 9000532
 9002837
 9003955
 9003966
 9004062
 9006775
 9006298
 9006833
 1376076
 9005951
 9004574
 9006845
 9007023
 9007096
 9004051
 9005965
 9004637
 9004861
 9006768
 9006705
 9006201
 1324174
 9005720
 9006388
 9006401
 0979072
 9008940
 9009256
 9007451
 9008427
 9008521
 9008779
 9009217
 9010378
 9010600
 9010672
 9008877
 9010031
 9010194
 9008863
 9009513
 9009643
 9009985
 9010099
 9010281
 9009815
 9008182
 9008390
 9008396
 9010197
 9010753
 9010758
 1361108
 9008195
 9009931
 9010377
 9007601
 9008338
 9008219
 9009445
 9010474
 9009083
 9010277
 9009576
 9008766
 9009740
 9008333
 9008928
 8981170
 8995260
 8994497
 8998604
 1126663
 9002657
 9001713
 9000326
 1196602
 1240518
 9005565
 9007333
 9008568
 9009367
 9008854
 9009364
 9009363
 9008129
 9009087
 9007765
 9009258
 9003996
 8987260
 8998981
 8997996
 9001471
 9005232
 9005046
 9005873
 9008257
 1387302
 1379414
 9009541
 9010110
 9008913
 9009390
 8997428
 8993595
 8997469
 8997885
 9001623
 9000998
 9000448
 9000802
 9005723
 9006158
 1323926
 1323937
 9007006
 9004341
 9004833
 9010491
 9009723
 1390653
 8998977
 9003410
 9000431
 9002196
 9002895
 9005764
 9006476
 1323957
 9003979
 9005190
 9006423
 9006023
 1175842
 1324204
 1243609
 9010202
 9007941
 1126682
 9010165
 9010249
 9010053
 1323860
 9007922
 9008374
 9009181
 9010305
 9010558
 9007703
 9007863
 9010143
 9007996
 9008852
 9009942
 9009967
 9010746
 1387239
 1387241
 1387249
 9009015
 9007547
 9007594
 9007815
 9008200
 9007917
 9009678
 9009691
 9009095
 9010605
 1304202
 9009527
 9009730
 9008682
 9010193
 9008949
 9007555
 9009876
 9008278
 9008565
 9009224
 1336116
 1145948
 1196438
 8985936
 8990734
 8994573
 8994507
 8996545
 9000799
 9002274
 9003827
 1323908
 9005138
 9003906
 9004537
 1145942
 9005438
 9007868
 1323962
 9010204
 9008772
 9010017
 9007742
 9007476
 9010647
 9008059
 9008951
 9010295
 9010251
 0978691
 1362029
 1362032
 1362034
 9007321
 9009385
 1304047
 9004548
 9004727
 1324222
 9004960
 9006259
 9007986
 9010002
 9010709
 9009269
 9008635
 1387246
 9007778
 9008040
 9009582
 9008501
 9008509
 8894488
 8941379
 8978628
 8982214
 8982017
 8983776
 8981978
 8981597
 8981559
 8981562
 8986141
 8990556
 8992972
 8992466
 8995379
 9000001
 8999472
 9003634
 1126307
 9004216
 8980516
 8964368
 8971170
 8978493
 8995630
 8993972
 8992860
 8996076
 8997082
 8997604
 9000688
 9001239
 9006308
 9005234
 9004144
 9006493
 9006571
 8991223
 8999622
 8997313
 9002936
 1381019
 9005158
 9006153
 9007002
 1126685
 9010189
 9010248
 9008839
 9009155
 9010448
 9010571
 9010639
 9010750
 9008862
 9010012
 9010182
 9009209
 9008412
 9009835
 1145945
 1305699
 9010185
 1354359
 1223130
 8976245
 8978748
 8980825
 8981528
 8983804
 8984031
 8983765
 1361052
 8983365
 1364054
 8982293
 8984565
 8986987
 8985552
 8987304
 8986169
 8985265
 8985482
 8987714
 8987926
 8986983
 8987860
 8986164
 1175604
 1175649
 8984600
 8984602
 1305099
 8987759
 1364151
 8987979
 8990397
 1223023
 8990050
 8991886
 8989700
 8991919
 8988538
 8989260
 8989465
 8989599
 8992862
 8995541
 8995049
 8995524
 8995929
 1387055
 8995746
 8993358
 1198560
 8994516
 8995823
 8998737
 8999019
 8997323
 8998389
 8997205
 1361397
 1365069
 8998402
 8999596
 8997455
 8997607
 9001615
 9000966
 9003036
 9003506
 1387178
 9002879
 9003170
 9002803
 9003030
 9002344
 9001258
 9007014
 0979067
 9004748
 9004271
 9007347
 9004999
 1341848
 9004778
 9007159
 9007217
 9005652
 1387232
 9004546
 9006748
 9006873
 9005782
 9005177
 9007687
 9008539
 9010716
 9008956
 9009133
 9009303
 9008243
 9008960
 8975264
 8979659
 8978615
 1393627
 8993814
 1387096
 9002679
 9001845
 8973199
 8978060
 1364085
 8987777
 8987569
 1010997
 1366384
 8988686
 8995353
 8993950
 1332175
 1366389
 9000693
 9004060
 9004227
 9006664
 9006732
 9006593
 9007565
 9008409
 9010504
 9009185
 1323946
 9009943
 9009755
 9010127
 9008886
 9008601
 9010776
 9010772
 1381471
 1381472
 9009498
 9010321
 9010505
 8999517
 8998027
 8996400
 8998103
 8997201
 9003715
 0893239
 9003133
 9003594
 9003618
 9000786
 9000791
 9001303
 9003703
 9002640
 9002284
 9002733
 9000345
 9002413
 9006788
 9004300
 9007142
 9004021
 9005508
 9006850
 9006881
 9007275
 9004264
 9006489
 9006656
 9004424
 9004433
 9005520
 1324133
 8976046
 1354381
 1387159
 8993458
 8994653
 9008110
 9008755
 9009952
 9008386
 9010498
 9009226
 9009302
 1312253
 1312254
 9010001
 9010568
 9008090
 9010453
 9010288
 9009624
 9007798
 9008907
 1336580
 8941998
 8946715
 8959440
 1359149
 1010905
 8971608
 8971024
 8974396
 8980577
 1010919
 8980956
 1362096
 1362097
 8996641
 9003052
 9004622
 9006736
 9006743
 9006753
 9004243
 9006544
 9006919
 9006469
 9006620
 9007400
 1324145
 9005462
 1381465
 9007970
 9008833
 9010661
 9010565
 9009374
 9010381
 9008579
 9010343
 9010556
 9010630
 9010668
 1387244
 1379408
 1379426
 9008679
 9010353
 9007826
 9009533
 9009946
 9009172
 9009349
 9010615
 9010376
 8963714
 9000699
 9001495
 9005442
 8984377
 8988906
 8995386
 8995257
 8995419
 8992696
 8997812
 8999426
 8998915
 9001212
 9003338
 9003636
 9005039
 9004151
 9006684
 1324213
 9004844
 9006647
 9009239
 9007867
 1323870
 9008379
 9010671
 9010694
 9009747
 1379416
 1324233
 9010175
 9008802
 8989003
 8990663
 8989607
 1339809
 1254386
 9007043
 9005724
 9006943
 1175400
 9005202
 9005295
 8969178
 8969332
 8973655
 8975371
 8983592
 8981788
 8985416
 8993035
 8994241
 8999422
 8996246
 8996319
 9003742
 9001905
 9003206
 9003430
 9003323
 9002042
 1291859
 1366428
 9003041
 9000378
 9004304
 9006006
 9007132
 9007235
 1376064
 9005928
 9007158
 9005870
 9006276
 1272608
 9005032
 9006214
 9006413
 9007042
 9007057
 9007220
 9005895
 1324147
 9005910
 9008818
 9009478
 9009495
 9009744
 9010086
 9010234
 9007873
 1323856
 9008025
 9009420
 9007974
 9009344
 1272663
 9007840
 9008304
 9009523
 9010054
 9010149
 9009187
 9010589
 9010702
 9008046
 9009989
 9010451
 1175566
 9007722
 9008255
 9008473
 9008968
 9008996
 9009549
 9008452
 1339420
 9007634
 9007776
 9008013
 9008066
 9009115
 9009832
 9008849
 8997634
 8997644
 8997653
 9003405
 9002956
 9003190
 9004630
 9004816
 9004218
 9004221
 9007202
 9007295
 9003818
 9006009
 9005011
 9006661
 9010050
 9007491
 9007923
 9009626
 8963630
 8989226
 8991507
 8992553
 8997928
 9002074
 9006296
 9007502
 1160164
 9009407
 9009556





