16-06-15
 8966369
 8966370
 8942860
 8945318
 8946265
 8950815
 8949214
 8954890
 8952100
 8951995
 8952884
 8958671
 8965872
 8966628
 8968749
 8972232
 8973729
 1393903
 1393930
 8971828
 8973349
 8975784
 8977407
 1284565
 8974679
 8976657
 8977208
 8977366
 8973965
 8977143
 8976674
 8950328
 8953301
 8956539
 8966842
 8967968
 8969098
 8972031
 8973679
 8971165
 8972174
 8972392
 8972700
 8976282
 8976893
 8977133
 8977051
 8938559
 8939625
 8941220
 8950826
 8957982
 8958433
 8959563
 8962775
 8963151
 8961219
 8962723
 8967004
 8968990
 8971634
 8971639
 8971425
 1341939
 8973341
 8971734
 1201111
 8975234
 8975704
 8975987
 8976714
 8976563
 8975774
 8976979
 8974807
 8975001
 8975362
 8975724
 8976619
 8976778
 8976783
 8976081
 8976524
 8976612
 8976262
 8973942
 8974592
 8974847
 8976930
 8977570
 8975289
 8976280
 8975527
 8975625
 8976989
 8973906
 8974533
 8975975
 8974149
 8975719
 8974414
 8965385
 8934779
 8953803
 8957588
 8961207
 8964427
 8966546
 8971588
 8971761
 8973375
 8971095
 8971311
 8974356
 8974760
 8976472
 8977389
 8975160
 8976643
 8941230
 8961189
 8958871
 8959211
 8969041
 1362067
 8971986
 8971921
 8971981
 8973469
 8973696
 8971730
 8973232
 0893798
 8933608
 8917486
 8917473
 8917482
 8922157
 8922158
 8928136
 8930562
 8930563
 8930912
 8939599
 8951719
 8951722
 8953832
 8959447
 8959575
 8959583
 8958696
 8965023
 8963905
 8966552
 8966688
 8971787
 8971157
 1382443
 8972146
 8970532
 8975138
 8976733
 8977187
 8976554
 8974126
 8937017
 8956660
 8958601
 8965060
 8974014
 8976115
 8975270
 8976160
 8977189
 8974050
 8975557
 8975760
 8973998
 8973422
 8955295
 8955199
 8955111
 8963175
 8962784
 8962418
 8964757
 8965319
 8969227
 8960147
 8962193
 1393485
 8967293
 8969796
 8968263
 8973101
 1327295
 8946741
 8950142
 8956189
 8957417
 8963168
 8962130
 8959503
 8963074
 8966171
 8966200
 8966222
 8968375
 8968394
 8966815
 8969366
 8971382
 8972601
 8971882
 8973758
 8973775
 8971941
 8973572
 8971738
 8975942
 8976620
 8976628
 8974660
 8976174
 8976267
 8975111
 8976839
 8976843
 8977341
 8976430
 8976123
 8976717
 8976779
 8976837
 8977029
 8977203
 8977321
 8977345
 8977153
 8974480
 8976480
 8977378
 8976940
 8977320
 8973912
 8975364
 8976805
 8976630
 8976746
 8976198
 8976830
 8976900
 8977342
 8977228
 8975244
 8974035
 8975855
 8974535
 8977033
 8974552
 8947881
 1393879
 8964954
 8969326
 8970034
 8973606
 8973333
 1393884
 8962735
 8965974
 8965730
 8969996
 8966662
 8972288
 8973178
 8970396
 1393915
 8973430
 8970340
 1336671
 1339657
 8954948
 1339725
 8962462
 1368557
 8959473
 8965687
 8966227
 8965355
 8969010
 8969301
 8968240
 8967359
 8967652
 8969304
 8968187
 8967138
 8968613
 8973035
 8973055
 8973539
 8972943
 8972093
 8972947
 8972505
 8973315
 1390701
 8970815
 8974934
 8975672
 8975540
 8977135
 8976106
 8976966
 8977289
 8975867
 8976722
 8977024
 8977138
 8974121
 8975231
 8975237
 8977083
 8977270
 8974307
 8976705
 8976738
 8975262
 1328075
 1198445
 1198546
 8944022
 8972110
 8972436
 8976496
 8976869
 8977390
 8977567
 8918709
 8934610
 8939838
 8942624
 8949280
 8955356
 8958028
 8956108
 8962070
 1249228
 8968206
 8968138
 8969106
 8968164
 8970610
 8971664
 8973229
 8970765
 8975170
 8976849
 1126624
 8976383
 8974806
 8977519
 8976136
 8975716
 8975409
 1328019
 8967852
 1266788
 8968466
 8972165
 8972196
 8954173
 1328128
 8971049
 1296229
 8941061
 1366510
 1234868
 1305743
 8966149
 1305439
 1382086
 8955814
 8960873
 8965359
 8963856
 8966188
 8968933
 8967282
 8969422
 8969944
 1266795
 8973151
 8973372
 8970274
 8971827
 8971607
 8973446
 8972458
 1293136
 8973064
 1304084
 8970473
 8971140
 8971185
 1305449
 8972387
 8970559
 8976535
 8973919
 8977032
 8976635
 8975637
 8977169
 8975446
 8975555
 8975961
 8977305
 8976600
 8975879
 1128141
 1296234
 8976507
 8976844
 8977536
 8974536
 8974801
 8975627
 8976258
 8977162
 8973009
 8950318
 8958403
 8968048
 8972803
 8973181
 8973664
 8972581
 8973316
 8976910
 8975028
 8977093
 8976617
 8955802
 8954746
 8956862
 1350926
 8973646
 8974294
 8974725
 8976921
 8976774
 8976045
 8976450
 1393423
 8974339
 8976000
 8974159
 8974822
 8973985
 8974563
 8976070
 8956382
 8963383
 8971725
 8970236
 8971698
 8973579
 8976219
 8977121
 8953737
 8957075
 8962797
 8959337
 8965458
 8963505
 1361570
 8967027
 8970355
 8972628
 8973660
 8972215
 8972264
 8973087
 8972102
 1304077
 8972268
 8973127
 8977074
 8975964
 8975432
 8973975
 8975186
 8975195
 8974876
 8975157
 8974119
 8974469
 8947692
 8952047
 8952983
 8958022
 1202962
 8959034
 1175663
 8963066
 8960255
 8964731
 1339598
 8964820
 8966802
 8968416
 8970121
 1201101
 8971961
 8973458
 8975392
 8974825
 8977155
 8977273
 8976229
 8977007
 1393430
 8976519
 8976188
 8974977
 8977370
 8976952
 8977516
 8976169
 8974330
 8977009
 8975762
 8976518
 8975422
 8974030
 8976700
 8947597
 8960391
 8960837
 8961343
 8959668
 1328061
 8964176
 8965676
 8965799
 8970064
 8969014
 8968614
 8967434
 8969485
 8971592
 8973282
 8972713
 1249243
 8971953
 8973642
 8973648
 8971148
 8970652
 8971479
 8973140
 8973560
 8970703
 8972160
 8974503
 8977126
 1393419
 8975843
 8974438
 1327255
 8947089
 8950496
 8953366
 8957960
 8967596
 8969484
 8971672
 1304068
 8974811
 8974608
 8974144
 8974664
 8975260
 8975769
 8975623
 8975803
 8976083
 8975216
 8975822
 8975792
 8975976
 8954078
 8953488
 8961812
 1249224
 8966564
 8968548
 8969154
 8969814
 8970838
 8971147
 8970700
 1365211
 8970554
 1201104
 8976568
 8977311
 8976631
 8976743
 8977422
 8977445
 8973931
 8974484
 8975698
 8975865
 8973979
 8974115
 8971174
 8941599
 1249226
 8965248
 8970116
 8974240
 8975922
 8976302
 8975119
 8975829
 8976294
 8965665
 8966561
 1324050
 1324102
 8965811
 8968694
 8951514
 8952414
 8960799
 8960321
 8967789
 8967449
 8968028
 8970718
 8971918
 8972784
 8971742
 8972091
 8972991
 8970638
 8971356
 8975710
 8977414
 8973901
 8975651
 8975901
 8975759
 8975044
 8975060
 8965184
 8968327
 8923677
 8944506
 1327231
 8941736
 8948095
 1327126
 8954486
 8953438
 1128152
 8958136
 8961488
 8958886
 8960964
 8966285
 8964822
 8964337
 8963497
 8967327
 1341983
 8968534
 8968408
 8967389
 8968317
 1364004
 8967711
 8970028
 8973117
 8973228
 8972518
 8970836
 8970536
 8972524
 8973114
 8971564
 8972842
 8976241
 8975154
 8975184
 8976018
 8976817
 8976891
 8974156
 8974361
 8965284
 8969339
 1254111
 8972420
 8976836
 8973987
 8974167
 8974613
 8977067
 8950481
 8954700
 8954912
 8959180
 8965748
 8966017
 8966114
 1305740
 8967592
 8969229
 8968728
 1327338
 8972587
 8972115
 8973134
 8973586
 8970253
 8973079
 8972176
 8972486
 8973020
 8973637
 8972736
 8977371
 8975604
 8975140
 8975179
 8976002
 8975360
 8975380
 8975515
 8977440
 8974561
 8976915
 8974140
 8974577
 1243549
 8973999
 8976923
 1324028
 1324037
 8964992
 8968295
 8967362
 8967748
 8973081
 8971398
 8972826
 8972612
 1305463
 8971371
 8971527
 8974151
 8976155
 8977089
 8975526
 8976811
 8974507
 8974884
 8975616
 8974992
 8977455
 1379254
 8975099
 8977229
 1365225
 1365229
 8975443
 8974331
 1352554
 8924792
 8927781
 8934841
 1128115
 8948181
 8951226
 8955692
 8956500
 8956050
 8956340
 8956292
 8961014
 8961302
 8967382
 8969171
 8969159
 8968330
 8971625
 8971897
 8972034
 8972705
 1327345
 8972230
 8977501
 8975297
 8940056
 8956254
 1126608
 8967216
 1339679
 8973627
 8973547
 1341912
 1393917
 8970772
 8972050
 1293130
 8977337
 8975800
 8975834
 8976780
 8974716
 8976334
 8975656
 8974820
 8971217
 8972277
 8959072
 8963045
 8961630
 8958409
 8966167
 8965459
 8969628
 1201245
 8968371
 8968626
 8969559
 1393398
 8969676
 8968102
 1324107
 8973677
 8971419
 8972816
 8973562
 8971295
 8970513
 8970952
 8972651
 8974761
 8977293
 8975290
 1354374
 8975539
 8976520
 8976564
 8976636
 8977066
 8977116
 8977338
 8977423
 8974148
 8974311
 8975441
 8976513
 8976024
 8976452
 1284574
 8976530
 8977147
 8977154
 8977256
 8974886
 8974891
 8974898
 8974924
 8975010
 8975388
 8977084
 8973885
 8976624
 8976439
 8977298
 1393413
 1393429
 8975040
 1128142
 8975132
 8975136
 8976540
 8976824
 8974353
 8976663
 8977108
 1304092
 1382472
 8975980
 8974153
 8975986
 8974224
 8975202
 8975632
 8974327
 8974994
 8976736
 8960345
 1393374
 8969981
 1341966
 1269974
 1341946
 8971477
 8972917
 8975460
 1296226
 8974515
 8976212
 8975737
 8965449
 1393400
 8976310
 8974871
 8976924
 8977077
 8974910
 8974432
 8975669
 8974985
 8975211
 1243550
 8974471
 8974644
 8975235
 8975979
 8975775
 1328020
 8975858
 8977532
 1201105
 8976898
 8974032
 8976034
 1393418
 8975585
 8975412
 8944542
 8954182
 1284925
 8964815
 8969256
 8973733
 8971151
 8971940
 8972295
 8971675
 8977306
 1393435
 8974505
 8977472
 8974133
 8974173
 8977053
 8974542
 8976379
 8975312
 8976566
 8971179
 8977082
 1386320
 8875293
 8890447
 1217430
 8913048
 8923119
 8922264
 8934214
 8963813
 8968578
 8970824
 8971538
 8974046
 8962073
 8967213
 8969318
 8968683
 8968178
 8972530
 8973067
 8970809
 8972567
 8971574
 8972272
 1240913
 8975948
 8974426
 8976625
 8977036
 8976645
 8976658
 8973969
 8974862
 8976074
 8973983
 8976356
 8976429
 8976465
 8974828
 8977087
 8977180
 8977424
 8974349
 1393442
 8974681
 8976503
 8974054
 8974914
 8974921
 8975225
 8976990
 8976515
 8976363
 8977388
 8976044
 8974616
 8976426
 8977052
 1365226
 8976468
 8975016
 8976009
 8975353
 8976073
 8976353
 8977216
 8974734
 8976107
 8963017
 1361560
 8967508
 8969418
 1361533
 8973414
 8971340
 1390704
 8977483
 1354379
 8974909
 8975955
 8977235
 8975405
 8977309
 8975644
 1365401
 8974669
 8974867
 8966379
 1339671
 8974242
 1386081
 1386613
 8976380
 8977016
 8976651
 1393416
 1393424
 1393438
 8976711
 8976436
 8976004
 8974995
 1330553
 1243912
 1327745
 1327746
 1330167
 8923773
 1339155
 8926639
 8926744
 8930590
 8938440
 1324154
 1324153
 8968352
 1011104
 8966428
 8967983
 8958172
 0982198
 8969459
 8966411
 8948088
 8951199
 8953797
 1324029
 8953599
 8956645
 8959657
 8958528
 8958530
 8958670
 8958773
 8966217
 8969308
 8969370
 8967997
 8972040
 8973028
 8973459
 8973720
 8973800
 8945841
 1243512
 1243523
 8958644
 8965576
 8966035
 8966235
 8965252
 8969365
 8967699
 8969992
 8969976
 8970014
 8970029
 8969450
 8966503
 8968971
 8968743
 8972467
 8973205
 8970498
 8973643
 8973713
 8973013
 8971268
 8971025
 8975977
 8975733
 8975745
 8974571
 8975878
 8976537
 8976983
 8975019
 8976401
 8976981
 8974272
 8915950
 8916756
 8921439
 8918858
 8916868
 8921844
 1354009
 8922323
 8924478
 8929773
 8934520
 8938168
 8938822
 8937451
 8938302
 8940533
 8942383
 8944739
 8942355
 1339471
 1339642
 1339717
 8945826
 8947936
 8947152
 8948708
 8947883
 1327244
 1382290
 8946368
 8948496
 8950158
 8949983
 8949990
 8949813
 8952895
 8955060
 8954058
 8953964
 8954569
 8952251
 8954224
 8954292
 8953584
 1324036
 8955132
 8952949
 8956077
 8958286
 8957376
 8958320
 8956534
 1339726
 8957248
 8960988
 8961045
 8961744
 8962861
 8963032
 8959761
 8961538
 8960694
 8960871
 8961315
 8959176
 8964328
 8965006
 1354316
 8963608
 8964763
 8963300
 8965463
 1010901
 1010902
 1010906
 1010907
 1010908
 8963419
 8964292
 8964366
 8965700
 8969165
 8969174
 8968123
 8968790
 8966977
 8969093
 8969254
 8968905
 8969243
 8966890
 8967859
 1362053
 1362054
 8968306
 8968946
 8971451
 8970330
 8971560
 8973312
 8970482
 8971983
 8973710
 8973839
 8970833
 8970427
 8970334
 8972992
 8973822
 8973207
 8971408
 8975679
 8974382
 1393437
 1128061
 8974683
 8974493
 8974684
 8954332
 1128137
 8960109
 1393355
 8963718
 8971193
 8973916
 8928720
 8937893
 8944505
 8945128
 8950577
 8952624
 1254226
 8965113
 8966439
 8969392
 8967547
 8966435
 8966436
 8968276
 8970237
 8972030
 1341931
 8972834
 8971726
 8973524
 8970720
 8973197
 8971809
 8973477
 0978494
 8976246
 8974094
 8976536
 8974912
 8975498
 8975796
 8976324
 8974243
 8974061
 8977065
 8975537
 8974565
 8977486
 8975052
 8974174
 8974213
 8974279
 8974758
 8975711
 8975954
 8974116
 8970927
 8968212
 8975885
 8948824
 8948981
 8955030
 8962858
 8960004
 8967197
 8967285
 8968282
 8966903
 8973740
 8973743
 8973634
 8973666
 8941784
 8955604
 8960610
 8963711
 1361595
 8968189
 1354365
 8971534
 8972325
 8972409
 8971763
 8976138
 8975273
 8976933
 8975988
 8977047
 8974088
 8975603
 8976586
 8975015
 8976165
 8977276
 8974781
 8974688
 8975069
 8976687
 8921934
 8952877
 8963653
 8969568
 8971924
 1188770
 8973439
 8973647
 8973881
 8974478
 8974490
 8975629
 8974498
 8975889
 8975504
 1393420
 8974968
 8974974
 8975150
 8977412
 8975928
 8977011
 8975284
 8976828
 8952851
 8971339
 8973072
 8972352
 8971832
 8972205
 8972615
 8958333
 8961688
 8960087
 8969007
 8973120
 8972550
 1293135
 1198675
 8971443
 8975773
 8976609
 8977179
 8974398
 8975158
 8975772
 8975203
 8975837
 1198157
 1198158
 8975536
 8976454
 1165510
 8972164
 8972355
 8976758
 8974018
 1296225
 8976043
 1175697
 8972584
 8971914
 8973300
 8945820
 8951676
 1393831
 1240895
 8958141
 8957085
 1328109
 1284628
 8958405
 8961113
 8964306
 1354330
 8966980
 8969183
 8968562
 8967341
 8966455
 8971641
 8971785
 8970768
 8973224
 1341917
 8973157
 8970967
 8971190
 8973130
 8972261
 8973444
 1293134
 8970406
 8972018
 8970454
 8970550
 8973595
 8976159
 8974145
 8976649
 8976964
 8977226
 8974631
 8974843
 8975135
 8976345
 8976438
 8974648
 8977426
 8977428
 8973929
 8976795
 8976431
 8973967
 8976078
 8975972
 8976999
 1296232
 1296235
 8977315
 8974509
 8974949
 8977515
 8975880
 8976405
 8975874
 1365232
 8974701
 8976255
 8977538
 8977539
 8974000
 8974955
 8974975
 8975717
 8974070
 8973949
 8974547
 8974671
 8974654
 8974682
 8974508
 8974618
 1328156
 8975913
 8952238
 8962303
 8962485
 8963439
 8964660
 8967981
 8968647
 8969954
 8972301
 8972403
 8973537
 8971365
 8973376
 8973139
 8972270
 8970948
 8972622
 8976576
 8974489
 8977025
 1382469
 8814618
 8857633
 8891333
 8945431
 8947059
 8957091
 8960894
 8960080
 8960349
 8959800
 8963846
 8963696
 8969467
 8972969
 8971561
 8970726
 8974930
 8976186
 8975217
 1243548
 8940057
 8945911
 8970383
 8970187
 8970188
 8975482
 1240091
 8976317
 8974228
 8974053
 1305464





