16-06-14
 8933976
 8954954
 8962599
 8964426
 8966057
 8966170
 8964910
 8965016
 8965014
 8968893
 8969404
 8968303
 8968912
 8966486
 8968067
 8968644
 8967579
 8955614
 1010518
 8965440
 8965120
 8965219
 8968934
 8969414
 8968386
 8924385
 1201291
 8945471
 1354195
 1243075
 8953124
 1324002
 8956075
 8963047
 8959604
 1239412
 8960513
 8965719
 8965814
 8964751
 8965768
 8968875
 8966667
 8966757
 8968961
 8966955
 8967827
 8968921
 8966520
 8969231
 8970081
 1341905
 1341976
 1341978
 8967415
 8968414
 8969284
 8969711
 8968552
 8969966
 8968817
 8969384
 1393383
 1393384
 8968499
 8967505
 8967003
 8969984
 8969025
 8968625
 8967933
 8966685
 8967433
 8967498
 8966576
 8967494
 8968027
 8969092
 8967069
 8958607
 8959776
 8952174
 8961102
 8962492
 8930940
 8953087
 8959781
 1368560
 8964571
 8967067
 8968604
 8969388
 8969434
 8969886
 8968281
 1339663
 8967978
 8966711
 8967392
 8969416
 1128628
 8938743
 8939253
 8937689
 8937625
 8941725
 1382342
 8950741
 8954564
 8962931
 8959220
 8938270
 8937472
 8815061
 1284777
 1305353
 1327424
 1382324
 8933627
 1327358
 1305784
 8939172
 8945172
 8948023
 1240981
 8953911
 1305702
 8958859
 1243540
 1305721
 1305727
 8963922
 8963377
 8965051
 1175691
 8963432
 8963337
 8963773
 8965294
 8967944
 1249229
 1249231
 1339665
 8966491
 8969302
 8929698
 1201259
 8939695
 8946012
 8955070
 8960303
 8958623
 8961939
 8959674
 1304054
 1352391
 8966408
 8967116
 8966602
 8967065
 8968032
 8968698
 1286826
 1201229
 8958733
 8958513
 8964000
 8966407
 8966414
 1339680
 1312088
 8951953
 8956671
 8956346
 8956406
 8959315
 8960864
 8960516
 8963356
 8964750
 8966310
 8964362
 8968571
 8970133
 8967182
 8967819
 8968478
 8967158
 8967207
 8968742
 8969867
 8968119
 8968699
 8968844
 8969820
 1010534
 8967867
 8968393
 8967784
 1341980
 8969553
 8969761
 8969916
 8969937
 8969998
 8966762
 8968002
 8966617
 8968635
 8969801
 1175828
 8968019
 8968013
 8969124
 8969476
 8966636
 8966648
 8969145
 8967741
 8962755
 8958685
 8964710
 8965898
 8968930
 8968523
 8968753
 8934478
 1339635
 8937283
 8937539
 8939842
 8947649
 8950065
 8950865
 1324052
 8954969
 8954763
 8956541
 8958923
 8958539
 8960593
 8962939
 8958827
 8958977
 8960053
 8958680
 8962441
 1201244
 1393354
 8965483
 8966158
 8965823
 8964389
 1305741
 8969667
 8968390
 8968823
 1393390
 8967012
 8967350
 8968341
 8968911
 8966855
 8968566
 8968070
 8961713
 8963064
 8966387
 8965775
 8968103
 8969611
 8918423
 1327617
 8939883
 8951655
 8959285
 8959217
 8959226
 1252525
 8961705
 8965813
 8964704
 8969508
 1341954
 8967685
 8966632
 8969468
 8969962
 8939112
 8958477
 1239390
 8958581
 8963982
 8894223
 8958339
 8959483
 1234864
 8962277
 8962510
 8959588
 8962068
 8963936
 8964413
 8964145
 8963847
 8965264
 1284924
 8964092
 8964378
 8965650
 8965784
 8965507
 8966168
 8963811
 8963927
 8965406
 8970054
 8966984
 8968899
 8969017
 8968440
 8968541
 8968697
 8967713
 1393487
 8968787
 8967566
 8967797
 8966998
 8968925
 1350927
 8966794
 8968804
 8968967
 8937958
 8937765
 8942714
 8943084
 8944434
 1305414
 8961139
 8952092
 8952161
 8961999
 8962278
 8963986
 1393379
 8969374
 8969381
 8969439
 8931726
 8938047
 8939061
 8937909
 1361769
 8939655
 8943862
 8947960
 8948206
 8948086
 8952620
 8957400
 8958075
 8956617
 8959254
 8961717
 8960120
 8961932
 1352274
 8965972
 8965938
 8965624
 8964028
 1352293
 8969312
 8966557
 8966633
 8967624
 8968258
 8969380
 8968516
 8968179
 1393396
 8969705
 8969856
 8969049
 8969701
 8968136
 8967541
 1305441
 1352226
 8967291
 8967363
 8968862
 8965078
 8961865
 8966082
 8966516
 8968793
 8969490
 8921787
 8958480
 8962268
 8961537
 8961530
 8959434
 8964767
 8966212
 8963415
 8963594
 8964421
 8970096
 8967400
 8967980
 8969853
 8969942
 8966796
 8968082
 8968131
 8969496
 8967951
 8968441
 8968782
 8967343
 8967537
 8967554
 8968738
 8966429
 8908458
 8912850
 8918511
 8923734
 8933790
 8955835
 8952858
 8952307
 8960647
 8962811
 8961581
 8960556
 8960696
 8960755
 8962067
 8959751
 1202976
 8958801
 8966322
 8965170
 1223128
 8964312
 8963830
 8963547
 1361512
 8965889
 1188769
 8964749
 8964056
 8964199
 8965833
 8969337
 8969925
 8967060
 8967670
 8969448
 8969566
 8968643
 8968880
 8969595
 8968134
 8967130
 8966874
 8966527
 1286968
 8911993
 8911989
 8951967
 8963580
 8967813
 1354255
 8967898
 8967896
 8967056
 1327400
 8946810
 8956315
 8957635
 8960419
 8961937
 8961017
 8959058
 8959065
 8961884
 8962047
 8962131
 8960865
 8963645
 8964065
 8965558
 8965245
 8965470
 1188766
 8964001
 8964545
 8964719
 8965065
 8963794
 8966365
 8966366
 8967349
 8967255
 8967939
 8968863
 8969721
 8969526
 1393392
 8967625
 8967028
 8967023
 8967799
 8904359
 8952276
 1352696
 8961194
 8960351
 8963932
 1188765
 8964567
 8965310
 8967149
 8968088
 1126609
 8967916
 8969273
 8966706
 8967563
 8968399
 8968970
 8968272
 8970040
 8969203
 1291720
 8967348
 8969220
 8969598
 8969893
 8969718
 8966623
 1328071
 1352413
 8966806
 8968300
 8967089
 8955591
 8952221
 1341128
 8958160
 8958181
 8957688
 8961693
 8962690
 1393882
 8961557
 8960432
 8961867
 8965067
 8965324
 8964259
 8965851
 8970112
 8969685
 8969153
 8969213
 8968629
 8969675
 8969330
 8968264
 8886430
 8904903
 8904760
 8909196
 8914231
 8912686
 1339761
 8915861
 8916565
 8916783
 8921215
 8919038
 8916828
 8919066
 8917448
 8925959
 8930900
 8934745
 8939217
 8954764
 1354320
 8969773
 8967491
 8968137
 1011106
 1382404
 8953661
 8952258
 8969926
 8952939
 8963188
 8958967
 8960405
 8959456
 8965795
 8965854
 8964999
 8967512
 8969457
 8969940
 8970009
 8967314
 8968591
 8969440
 8917208
 8920200
 8926017
 8922853
 8930386
 8927443
 8929603
 8934560
 8936113
 8936128
 8941787
 1330332
 8951787
 8958036
 8956902
 8962762
 8962127
 8963133
 8962525
 8959218
 8960760
 8964433
 8964452
 8964359
 8964505
 8964901
 8965562
 8964634
 8965724
 8965179
 8967982
 8967290
 8968132
 8968148
 1393387
 8966828
 8967972
 8969195
 8969571
 8944038
 8961127
 8960449
 8966140
 8963695
 8965891
 8968838
 8967105
 8969835
 8968022
 8924376
 1327625
 8953657
 8957746
 1336205
 8958542
 8963167
 8958961
 8963013
 8958544
 8959437
 8962154
 8965829
 8966012
 8964730
 8963368
 8964434
 8964287
 8965408
 8965765
 8965247
 8965526
 8967817
 8968105
 8968142
 8967496
 8969050
 8968439
 8968501
 8968666
 8968266
 8968321
 8969980
 1249238
 8967830
 8969726
 8967126
 8969441
 8942255
 8955183
 8951869
 8951885
 8952524
 8953662
 8962859
 1163185
 1284931
 1252577
 8966316
 1339740
 8963410
 8967780
 8967796
 1341960
 1341984
 8966482
 8968791
 8969901
 8970114
 8969322
 8904406
 8920767
 8920776
 8935519
 8939197
 8953416
 8955597
 8955603
 8962157
 8960166
 8958505
 8958474
 8959405
 8966380
 8964004
 8963744
 8966406
 8966481
 8967125
 8969750
 1291717
 1339662
 1339682
 8967539
 1352229
 8967268
 8965570
 8964952
 8965059
 1339600
 8967329
 8970092
 8967992
 8967490
 1249230
 8969653
 8969291
 8969577
 8967129
 8966952
 8969173
 8941603
 8942189
 8954835
 8954501
 8957150
 8963286
 8959038
 8961839
 1239410
 8959827
 1252531
 8958688
 8960839
 1236674
 8958442
 8960675
 8959166
 8960230
 8960815
 8964007
 8963980
 8966000
 8964217
 8966184
 8965230
 8965646
 8968020
 8967558
 8969042
 8967234
 8967634
 8967742
 8967753
 8967973
 8968172
 8967762
 8968474
 8966983
 8969236
 8966916
 8969235
 8968472
 8968801
 8969730
 8970024
 8966466
 8967861
 8967569
 8968017
 8969176
 8966787
 8967730
 8967679
 8968944
 8969550
 8970044
 8969871
 1305453
 8968401
 8969262
 8966913
 8969101
 8967942
 8969167
 8969652
 8969664
 8969276
 8967765
 8957977
 1243084
 8959795
 8960834
 8959344
 8959863
 8963550
 8964700
 1291721
 1291722
 1366497
 8948314
 8963822
 8965746
 1362051
 8969548
 8967603
 8967417
 8967975
 8969533
 8966885
 8969770
 8969612
 8967093
 1327149
 8959599
 8961443
 1252529
 1296944
 8964818
 1324159
 8969921
 8969085
 8969185
 8970066
 8970069
 8968717
 8969202
 8967090
 8953951
 1266770
 1234865
 8960942
 8961059
 1254107
 8964492
 8964673
 1201248
 8967705
 8968687
 1266789
 8966897
 8966825
 8968835
 8969018
 8969923
 8968202
 8968607
 8968290
 8965046
 8968150
 8966783
 8878731
 8877582
 8881264
 8888625
 8889376
 8890823
 8895039
 1342422
 8898464
 8906609
 1236497
 8913075
 8911353
 8913364
 1336823
 1202117
 8937359
 1322006
 8963079
 1128138
 0977060
 8965760
 8942372
 8958547
 8960587
 8961283
 8962701
 8960100
 8962874
 8963722
 8964638
 8965699
 8963409
 8964494
 8965662
 8970160
 8966457
 8968344
 1201152
 8967402
 8967926
 8968964
 8969817
 8968590
 8968855
 8970043
 8967544
 1341952
 1341958
 1341959
 1341979
 8966513
 8966708
 8969096
 8969306
 8969469
 1279948
 8967305
 8967540
 8969899
 8969104
 8969130
 8969164
 8967922
 8968959
 8969063
 8969707
 8969874
 8970118
 8968298
 8968948
 8969744
 8969034
 8969433
 1188726
 8966483
 8966563
 8967833
 8968868
 8968289
 8970042
 8969340
 1175824
 8969896
 8967435
 8968997
 8967151
 1350933
 8969111
 8967165
 8968318
 8967195
 8968044
 8967952
 8968785
 8969287
 8947614
 8951269
 8951277
 8953340
 8954290
 8956347
 8958357
 8955947
 8960739
 8962850
 8962849
 1305733
 8965863
 8966031
 8964560
 8963778
 8965181
 8964200
 8965636
 8968018
 8966784
 8969897
 8967565
 8966925
 8967156
 8967871
 8967148
 8969445
 8968084
 8967710
 8963321
 8967044
 1312042
 8952688
 8951618
 1160087
 8961188
 8960015
 8965890
 8965497
 1252542
 8965390
 8969640
 8968165
 8969261
 8969873
 8967242
 8969504
 8970097
 1393389
 8969393
 8969906
 8968204
 8969686
 8968955
 1362065
 8966526
 8967576
 8813830
 1350297
 8841601
 8841603
 8842753
 8865969
 8872230
 8886030
 1330198
 1330200
 1330201
 8934121
 1330318
 1386973
 8924180
 8923958
 8964798
 8961212
 1339670
 8959247
 1010532
 8959137
 8961068
 8964149
 8965808
 8966005
 8928835
 1126556
 8935657
 1196356
 1330345
 8947897
 8952918
 8952760
 1354123
 1354133
 8957479
 8958179
 8960323
 8961952
 8962449
 8962571
 8965549
 8966238
 8964024
 8964173
 8964309
 8963528
 8969373
 8968417
 8969358
 8969669
 8970031
 8969442
 8969702
 8968450
 1339672
 8967214
 8968745
 8936096
 8942855
 8953130
 1354142
 8951635
 8951861
 8956545
 8959756
 8963142
 1239064
 8961067
 8959741
 8961661
 8964666
 1239068
 1239400
 8963517
 8964222
 8965560
 8965573
 8966362
 8963758
 8966847
 8966902
 8969767
 8967403
 8967168
 8970063
 8967794
 8968259
 8969492
 1382350
 8952727
 8958510
 8964071
 8964074
 8963941
 1196465
 1327357
 1341160
 1393825
 8954853
 8957929
 8962955
 8961954
 8959433
 1128134
 8963031
 1382406
 8958429
 8960882
 8961598
 8963504
 8965720
 1393358
 8966097
 8965298
 8963884
 8965295
 8966931
 1201249
 8969565
 1341973
 1341975
 8968661
 8967889
 8968583
 8967272
 8966793
 8969740
 8967038
 8968624
 8969305
 8966873
 8968674
 8968864
 1339661
 8967738
 8969456
 8947445
 8957387
 8960315
 8958440
 8958511
 8962173
 8959325
 8961502
 8959042
 8962141
 8964743
 8964396
 8966121
 8963676
 8963451
 8965688
 8965713
 8965779
 8965817
 1252482
 8965485
 8965021
 8969690
 8969875
 8954660
 8959219
 8961531
 8961463
 8963914
 8964555
 8964018
 8965441
 8967950
 8969832
 8968553
 8969488
 8969060
 8969461
 8968049
 8968673
 8967843
 8967646
 8967994
 8968730
 8968748
 8967427
 1328070
 8968720
 8969780
 1393692
 8949210
 8960318
 1393899
 8963014
 1352375
 8959596
 8963767
 8965396
 8966152
 8963558
 8964168
 1361593
 8963639
 8965723
 8966135
 8965941
 8965075
 8963786
 8965797
 8965619
 8966417
 1126610
 8968988
 8968222
 8969580
 8968526
 8968551
 8968760
 8969845
 8969858
 8967049
 8968676
 8968876
 8968929
 8967514
 8968418
 8969311
 8967913
 8968837
 8966687
 8966689
 8968182
 8946152
 8950909
 8952464
 8957274
 8963139
 8962564
 8960130
 8960994
 8960509
 0978487
 8964361
 8963617
 8963625
 8965912
 1249225
 8966120
 8965896
 8967999
 8968769
 8968641
 8969946
 8968075
 1249239
 1350935
 8958807
 8963119
 8965064
 8965069
 8963995
 1350912
 8963601
 8964706
 1201151
 8968410
 8969214
 8961024
 8959927
 8963314
 1352297
 8940965
 8943180
 8945444
 8946205
 1201209
 8952558
 8955992
 8957436
 8956858
 8962057
 8960039
 8960786
 1393878
 8961423
 8959635
 8965834
 8965923
 8966007
 8965614
 8963820
 8965667
 8966195
 8966347
 8965580
 8964937
 8963745
 8967839
 8967737
 8967844
 1126607
 8966795
 8968831
 8969016
 8969599
 1010533
 8967456
 8967853
 8968800
 1341987
 8968836
 8968991
 8967835
 8969465
 8969632
 8969865
 8969172
 1361532
 8966763
 8967137
 8968482
 8969046
 8969249
 8969837
 8967857
 8968181
 8968896
 8968867
 8968983
 8968050
 8968284
 8968846
 8968902
 8969463
 8967020
 8967702
 8968714
 8968325
 8966986
 8967440
 8969507
 8946911
 8949842
 8954939
 8952966
 8959881
 8961689
 8958724
 8965477
 8964313
 8964411
 8964773
 8965048
 8965633
 8963343
 8964456
 8968627
 8966418
 8967367
 8944493
 8950780
 8953603
 8952280
 8960917
 8960119
 1393361
 1198653
 8965199
 8967114
 8967949
 8966652
 8966695
 8967650
 8967698
 8969793
 8968477
 8954792
 8952554
 8952600
 8958858
 8961539
 8960146
 8958892
 8964923
 8965824
 1359051
 8965330
 8967502
 8968041
 8968834
 8955651
 8952741
 1010544
 8961467
 8964989
 8966301
 8964285
 8965591
 8968908
 8969132
 8969999
 8970110
 8969129
 8973112
 8971665
 8973691
 8973693
 8970591
 8973115
 8943656
 8962209
 8965061
 8967425
 1266787
 8972149
 8972113
 8973630
 8972244
 8973237
 8903004
 8903015
 8908961
 8908992
 8912593
 8915931
 8928392
 8933305
 8936117
 8935200
 8939766
 8945953
 8945851
 8951467
 8950469
 8951924
 8953968
 8957630
 8963238
 8959642
 8962134
 8962494
 8964652
 8965492
 8965914
 8966856
 8968965
 8966807
 8966810
 8970015
 8969019
 8969970
 8966565
 8966831
 8968121
 8973557
 8971754
 8972941
 8972316
 8972811
 8973275
 8971903
 8973263
 8973657
 8970342
 8971936
 8972367
 8972714
 8973268
 8970318
 8972909
 8973431
 8971992
 8973390
 1293129
 8973738
 8972653
 8971374
 8970922
 8972255
 8972240
 8971207
 8972194
 8973053
 8971276
 8970886
 8970338
 8972401
 8963964
 8963464
 8971241
 8946549
 8954931
 1359129
 8965095
 8970432
 8970353
 8972890
 8972951
 8971381
 8971400
 8973010
 8971038
 8945220
 8945221
 8946032
 8947574
 8949814
 8954111
 8957345
 8959904
 8947187
 8959488
 8965241
 8966159
 8964720
 8963755
 8965074
 8965202
 8965267
 8968735
 8968856
 8969941
 8941166
 8910727
 8906966
 8906967
 8910915
 8910917
 8910921
 8918082
 8918107
 8916888
 8917418
 1336611
 8930477
 8928159
 8926748
 8928469
 8934367
 8935021
 8940473
 8938186
 8940202
 8937324
 8941491
 8942547
 8944192
 1305418
 8948710
 8950008
 8956429
 8959711
 8958855
 8964661
 8965844
 8966137
 8963665
 8963667
 8964029
 1305745
 8964218
 8968794
 8970036
 8968368
 8967401
 1305437
 8967084
 8971811
 8970516
 8970904
 8972225
 8955796
 8960332
 8963102
 8958867
 8959082
 8969316
 8968688
 1286825
 8966712
 8970350
 8971599
 1341924
 8972339
 8972373
 8972491
 8972765
 8970458
 8970989
 8970998
 8971134
 8971331
 8972249
 8968812
 8954068
 8955937
 8968167
 8969549
 8968193
 1305440
 8971818
 1328018
 1393486
 1354188
 8953618
 8952712
 8953615
 8952445
 8962283
 8963961
 8964860
 8969943
 8969936
 8970047
 8969166
 8969043
 8969619
 8968652
 8967787
 8969586
 8969810
 8967774
 8966970
 8972179
 8972934
 8972456
 8970725
 8973357
 8973535
 8971537
 8971090
 8973021
 8973538
 8973724
 8972668
 8972494
 8970354
 8972544
 8970254
 8972798
 8972427
 8971927
 1196430
 8972382
 8950387
 8950394
 8951785
 1393887
 1305720
 8964129
 8963627
 8965253
 8964973
 1393369
 8965196
 8963738
 1305746
 8968758
 8966884
 8967838
 8968509
 8966413
 8968073
 8967083
 8966490
 1305443
 1305444
 8970344
 8972028
 8970792
 8970849
 8972166
 1390702
 8953398
 8962730
 8966024
 8963329
 8965793
 8966459
 8969777
 8969151
 8972818
 8973086
 8939413
 8949779
 8951247
 8954508
 1202957
 8963105
 8964184
 8965439
 8965908
 8963827
 1393382
 8966918
 8968887
 8972485
 8973590
 8973113
 1368567
 8972960
 8972978
 8970753
 8970813
 8960953
 8965217
 8965509
 8964486
 8970135
 8969015
 8969978
 8972285
 8972294
 1327737
 8962675
 8960745
 8960110
 8961101
 8965859
 8968853
 1350924
 8973027
 8972898
 1249244
 1291725
 1291727
 8972792
 8971948
 8971085
 8961027
 8965189
 8968493
 8967014
 8969270
 8968947
 8968897
 8967462
 8948916
 8954543
 8958522
 8960408
 8963155
 8959746
 1266771
 8960731
 8960686
 8964850
 8970049
 8970108
 8967395
 8968587
 8968802
 8971797
 8941506
 8947662
 8948598
 1393777
 1327110
 8942877
 8944895
 8958740
 8960184
 8966562
 8968559
 8966650
 8967522
 8967957
 1382418
 8972442
 1126614
 1126615
 8973566
 8973725
 8971314
 8970209
 8972887
 8973246
 8970733
 8955815
 8951850
 1393891
 8962044
 1359144
 8969131
 1339678
 8968333
 8970291
 8971427
 8970207
 8972248
 8972570
 8973379
 8970688
 8971466
 8973219
 8973318
 1393910
 8972262
 8970995
 8970420
 8972592
 8970848
 8973144
 8971455
 8970925
 8971815
 8939678
 8969040
 8966740
 8971329
 8972844
 8973012
 8973665
 8971606
 8946432
 8952312
 8953120
 8958965
 1284620
 8960021
 8958652
 8960090
 8961350
 8966087
 8964400
 8964005
 8965147
 8963328
 8968724
 8970006
 8969263
 8968228
 8969930
 8968475
 8968442
 8966813
 8967273
 8966718
 8967374
 8970890
 8972942
 8971552
 8971890
 8970564
 1341911
 8970265
 8971965
 8971969
 8972322
 8972347
 8972391
 8973427
 8973172
 8973652
 8973672
 8970828
 8970846
 8972672
 8971590
 1365209
 8973475
 8970763
 8971861
 8972645
 8973186
 8953707
 8952590
 8952246
 8953854
 8959093
 8968156
 8969443
 8968311
 8969023
 8969329
 8969204
 1339677
 8969012
 8972733
 8971551
 8971476
 8973529
 8970949
 8970715
 8973828
 1327348
 8972417
 8971029
 8971042
 8973807
 8970495
 8970429
 8970268
 8971250
 8970177
 8938479
 8944126
 8953093
 8961451
 8963049
 8961841
 8960852
 8959436
 1393371
 8965398
 8965348
 1249151
 8964041
 8968894
 1354256
 8966790
 8966988
 8967201
 8966821
 8966976
 8968861
 8970025
 1393394
 8969831
 1249242
 8968954
 8967204
 8968459
 8966434
 8967356
 8968357
 8968974
 8966780
 8967217
 8967877
 8969762
 8969620
 8972026
 8971351
 8972683
 8973600
 8972063
 1393916
 1393922
 1188730
 8971851
 8972184
 1368564
 8970797
 8970786
 8971733
 1359026
 8970920
 8972564
 8971015
 1165513
 8960570
 8967866
 8969716
 1252592
 8969196
 8968754
 1382436
 8967263
 1354361
 8970488
 8971285
 8971007
 8971945
 8973364
 8973204
 8971804
 8972269
 1393919
 8972137
 1293126
 8972821
 8972577
 8972375
 8970461
 8970598
 8971569
 8971776
 8971989
 8972112
 8972636
 8973220
 8970713
 8971323
 8972381
 8970619
 8971847
 8970613
 8938649
 8941924
 8948788
 8950683
 8955691
 1010517
 8957268
 8959495
 1239388
 8959311
 8965171
 8963465
 8966065
 8964082
 1311694
 8968354
 8968521
 8967180
 8969095
 8967707
 8968620
 1126616
 8972271
 8973029
 8971704
 8971187
 8971196
 8973639
 8973742
 8972291
 8973503
 8971756
 8972547
 8968710
 8967193
 1305452
 8968520
 8967559
 8966741
 8972032
 8970917
 8972314
 8971604
 8971103
 8961677
 8961352
 8969596
 8967788
 8968536
 8969567
 8973378
 8970705
 8972857
 8973177
 8973571
 8973675
 8970392
 8972036
 8972882
 8970233
 8972948
 8971540
 1341038
 1341108
 1359126
 8957305
 8958487
 8961559
 8961846
 8960638
 1243538
 8963460
 8965322
 8964437
 8963916
 8963937
 8965140
 8968160
 8966870
 1341977
 1341986
 8967177
 8967181
 8969369
 8967831
 8966507
 8967961
 1328013
 8972944
 8971475
 8971496
 8973005
 1341926
 1341943
 8970934
 8970580
 8973257
 8971428
 8973047
 8973519
 8971278
 8970494
 8971226
 8970680
 8972127
 8970675
 8970832
 8971550
 8972568
 8966671
 8968807
 8967237
 8967252
 1240090
 8972549
 8972928
 8972444
 8973374
 1359025
 8970546
 8971357
 8923030
 8953270
 8951759
 8957787
 8956208
 1336206
 1336299
 1160252
 8964547
 8964335
 1336215
 8966437
 8966947
 8968883
 8968316
 8968779
 8968890
 8970010
 8970013
 8969706
 8967100
 8967397
 8967524
 8968655
 8969731
 8966678
 8967590
 8968528
 8970058
 8969518
 8969688
 8968476
 8968839
 8969792
 8971062
 8972819
 8973354
 8971470
 8971481
 8971911
 1341921
 1341935
 8971716
 8972260
 8972911
 8970266
 8971850
 8973580
 8971871
 8972469
 8972790
 8970577
 1163187
 8970743
 8972681
 8953702
 8956931
 8957434
 8956766
 8957920
 8960066
 8959651
 8960617
 8962014
 1284934
 8963417
 8963338
 1305435
 8969146
 8966621
 8967016
 8967372
 8968596
 8968196
 8968682
 8969878
 8967956
 8966714
 8967384
 8973555
 8971104
 8973482
 8972712
 8973319
 8972666
 8971934
 8973651
 8972515
 8973683
 8971002
 8973169
 8973499
 8973243
 8971211
 8970787
 8971378
 8972985
 8972815
 8970276
 8971773
 8972455
 8971050
 8972632
 8964817
 1339735
 8969068
 8968750
 8927397
 8934259
 8942924
 1291578
 8944645
 8962856
 1328124
 8969069
 1126606
 8966928
 8969920
 1393385
 8968573
 8968110
 8971970
 8972827
 8973559
 8973563
 8973541
 1293112
 8970517
 8971652
 8963320
 8967535
 8937141
 8959972
 8961191
 1386180
 8962348
 8961844
 8965473
 1393364
 8963463
 8968198
 8969890
 8970005
 8966515
 8969221
 8968453
 8969888
 8970072
 1393388
 8969603
 8967689
 8967659
 8969544
 8969237
 8967071
 8969362
 8972519
 8970197
 8970900
 8970869
 8970991
 8972852
 8973752
 8971026
 8971518
 8971674
 8972922
 8973069
 8973203
 8973223
 8973495
 8971902
 8971876
 8971194
 8971280
 8971290
 8971399
 8972114
 8972180
 8973653
 8973662
 8973669
 8970714
 8970955
 8970960
 8973485
 8971900
 8972209
 8972234
 8973435
 8973587
 8973591
 8973656
 1393927
 8970322
 1128644
 8972576
 8972308
 8971472
 8971454
 8972767
 8970230
 8971231
 8971461
 8972804
 8972976
 8970757
 8971898
 8972252
 8972608
 8952093
 1254449
 8966034
 8943735
 1266790
 8967555
 8972998
 8971648
 8970484
 8971720
 8973184
 8973298
 8972278
 8972340
 8973193
 8971748
 8970628
 8970583
 8973137
 8971998
 8972832
 1352298
 8969223
 8967870
 8969891
 8966697
 8967412
 8971838
 1354364
 8972296
 8972751
 8970222
 8973423
 8971111
 8970888
 8970540
 8971831
 8972897
 8966751
 8955064
 1366516
 8962126
 8969437
 8971000
 1393909
 8970641
 8961122
 8958832
 8964787
 8968334
 8967820
 8969077
 1126605
 1341967
 8969088
 8971759
 1128646
 8971858
 8961953
 8959338
 1366487
 8964584
 8964812
 8963431
 8968235
 8967717
 8969192
 8967203
 8967886
 8968358
 8968039
 8966759
 8968773
 8968113
 8972226
 8970174
 8970198
 8970614
 8971790
 8971930
 8970895
 8973409
 8972171
 8970844
 8971344
 8972012
 8972563
 8971031
 8972830
 8973711
 8971938
 8972413
 8973429
 8970548
 8971086
 8972156
 8971177
 8973235
 8973265
 8973837
 8970384
 8970475
 8972684
 8970979
 8971011
 8970519
 8970375
 8971942
 8972433
 8973025
 8973168
 8973615
 8973418
 1304085
 8972559
 8972735
 1198658
 1365201
 8970476
 8970885
 8970518
 8971158
 8972532
 8973635
 8970666
 8970970
 8973032
 8971478
 8973252
 1286969
 1390450
 8962034
 8962153
 8962287
 8963629
 8965586
 8963807
 8966823
 8968250
 8966509
 8969522
 8967030
 8968241
 1305438
 8970687
 8971731
 8973261
 8973090
 8973786
 8972954
 8971181
 8970589
 8973437
 1252596
 8970531
 1291180
 8971032
 8959174
 1010903
 1324156
 8966296
 8967692
 8973453
 1393926
 8971404
 8970466
 8971791
 8970491
 8970984
 8970996
 1352770
 8960880
 8961726
 8965567
 1304067
 8969787
 8968009
 1352772
 8940270
 1352196
 8955105
 8957901
 1352766
 8962639
 8962764
 8960082
 8960987
 8965725
 8969625
 8967264
 8967271
 8969794
 1339667
 8968950
 8972779
 8970504
 8973596
 8970945
 8972958
 8882974
 8937281
 8937284
 8937337
 8937589
 8947253
 8946952
 1312041
 8951239
 8955763
 8954866
 8954913
 8956960
 8957535
 8957144
 8957240
 8962390
 8963059
 8962358
 8960736
 8958973
 8960640
 8959232
 8962458
 8963605
 8964160
 8966142
 8965443
 8966371
 8969024
 8968871
 8968942
 8969466
 1341964
 8969590
 8968584
 8969766
 8969774
 8969032
 8969756
 8969651
 8967001
 8967800
 1382420
 8966777
 8967527
 8969811
 8968632
 8971913
 8970657
 8973317
 8973397
 1341915
 1341944
 8973131
 8973105
 8973575
 8973278
 8971264
 8971732
 8973174
 8972186
 1304070
 8972075
 8973249
 8971222
 8971935
 1393865
 1240867
 8933573
 8945632
 8952633
 8957314
 8957477
 8960193
 8962572
 8961478
 8962445
 8963108
 8958814
 8960456
 1201235
 8964020
 8964423
 8964050
 8964566
 8963516
 8964464
 8968104
 8968223
 8969116
 8968707
 8969588
 8968452
 8968574
 8969968
 8967739
 8967758
 8967769
 8967938
 8969394
 8968503
 8966722
 8972591
 8970908
 8971495
 1341929
 1341932
 8971859
 8973066
 8972885
 8972190
 8971065
 8973531
 8973065
 8973578
 8970825
 8970831
 8971487
 8973419
 8973819
 8970345
 8970798
 1305448
 8971448
 8968277
 8963648
 8967120
 8967836
 8969248
 1239553
 8966912
 8969694
 8966505
 8966445
 8966619
 1175825
 8966861
 8954710
 8952976
 1126592
 8960637
 8960821
 8965058
 1354251
 8964163
 8966247
 8970059
 8967721
 8969395
 8968106
 8969822
 1382437
 8967501
 8968023
 8971990
 8971464
 8973599
 8973118
 8973366
 8972676
 8973058
 8973534
 8971737
 8973336
 1393931
 1393918
 1393924
 8972731
 8970877
 8971332
 8972772
 8973201
 8972345
 8973182
 8971582
 8973226
 8972987
 1284776
 8948691
 8964930
 8968350
 8969914
 1393397
 8969103
 8967885
 8969693
 8970079
 8970907
 8971023
 8971488
 8971885
 8972749
 8973098
 8973601
 8973463
 8971764
 8972227
 8972585
 8972663
 8972920
 8973542
 8970620
 8973545
 1293122
 1293137
 8972027
 8973214
 8973343
 1328017
 8919335
 8953865
 8952646
 8962542
 8958613
 1175699
 8965336
 8967134
 8967660
 8969659
 8960691
 8964835
 8965251
 8968512
 8969958
 8967135
 1393395
 8969062
 8969847
 8973712
 8972503
 8973092
 1341942
 8972369
 8972949
 8971203
 8973544
 8973190
 8970968
 8972048
 8972177
 8971349
 8973234
 8973377
 8971878
 1327315
 8963406
 8964621
 8964238
 1361572
 8968510
 8968109
 8955854
 8958854
 1352390
 1254233
 8968124
 8969768
 8920101
 8941764
 8948011
 8950238
 8953666
 8954387
 8954748
 8954097
 1324022
 8953642
 8958133
 8960634
 1291183
 8964650
 8966383
 8963634
 8964404
 8965194
 8965659
 8965027
 8965447
 1252566
 8963350
 8964891
 8968508
 8968557
 8969400
 8969683
 8969951
 8968021
 8966819
 8968859
 8966634
 8967106
 8968796
 8968398
 8969218
 1324161
 8966554
 8966556
 8966657
 8968648
 8971865
 8971054
 8972624
 8972800
 8972855
 8973688
 8970414
 8973106
 8973556
 8973633
 8973681
 1341940
 1341941
 8970506
 8971045
 8971137
 8970267
 8970607
 8971200
 8972421
 8972912
 8973628
 8973645
 8973663
 8973734
 8973202
 8973525
 1393949
 1393901
 8973739
 8970553
 8973124
 1293114
 8972287
 8971622
 8971888
 1365214
 1365215
 8973460
 8972237
 8972434
 8973094
 8970538
 8970572
 8971789
 8952530
 8965937
 8964839
 8966805
 8968315
 8968365
 8969532
 8966559
 8967331
 8969733
 8970722
 8970677
 8972211
 1359056
 8817572
 8956404
 8966265
 8964856
 8969802
 1324106
 8970196
 8970523
 8971255
 8924836
 1175723
 8939137
 8943975
 8965781
 8965932
 8967155
 8970388
 8971955
 8973667
 8971131
 8971336
 8971213










