16-06-07
 8936705
 8938057
 1352133
 8911060
 8934920
 8940307
 8940276
 1234851
 8945144
 8944295
 8944615
 8942275
 8944947
 8946843
 8945768
 8947324
 8933660
 8939841
 8939757
 8944035
 8944969
 8944872
 8944024
 8946744
 8948535
 8945920
 8945941
 8947423
 1327809
 8927456
 1220887
 1327372
 8943934
 8942875
 8943357
 8943851
 8947168
 8945479
 8945800
 8948469
 8948472
 8948911
 8948942
 8946088
 8945633
 8946469
 8946433
 8948987
 8949021
 8945384
 8945227
 8945306
 8945584
 8945838
 8946282
 8946364
 8947726
 8947764
 8946953
 8948214
 8946122
 8948532
 8945699
 8946374
 8947280
 1243505
 8946332
 8948318
 8948158
 8945663
 8945658
 8941942
 8948490
 8946908
 8946844
 8947821
 1243885
 8946451
 8947138
 8946443
 1305085
 0962195
 0962193
 8920188
 8921223
 8923329
 8930275
 0976361
 8930790
 8935493
 8940311
 8940487
 8940759
 8938663
 1040449
 8929270
 8936751
 1352081
 8941685
 8941434
 8947240
 1249212
 1249208
 1249210
 1249211
 8946063
 8946807
 8947102
 8947248
 8947297
 1243890
 1243898
 1243899
 8948546
 8938953
 8941894
 8944267
 8942663
 8947009
 8946740
 8948998
 8945752
 8945501
 1254363
 1254361
 8945683
 8944829
 8916975
 8919030
 8927116
 8926468
 8931301
 8930754
 8931522
 8936292
 8938794
 8938967
 1330294
 1393776
 8944394
 1243003
 1352098
 8925217
 8933291
 8936846
 8940714
 8938407
 8937421
 8945502
 8945505
 8940727
 8936087
 8934913
 8933478
 8937853
 8938964
 8943840
 8943806
 8944131
 8942571
 8943288
 8942185
 8942849
 8944723
 8942102
 8941532
 8943145
 1330329
 8949053
 8945823
 8946802
 8947701
 8948018
 8948027
 8948879
 8947113
 8947673
 8948457
 8948649
 8948800
 8946492
 8947076
 8947634
 8947901
 8946666
 8946670
 8946851
 8947001
 8947771
 8948861
 8946275
 8946739
 8947238
 8948391
 8948855
 8947769
 8948269
 8947052
 8945990
 8946422
 8947129
 8947327
 8947256
 8945758
 8947349
 8947683
 8948005
 8946183
 8924382
 8928757
 8929491
 8939408
 8939377
 8942936
 8926263
 8937890
 1327256
 8940591
 1201053
 8944031
 8942200
 8943919
 8945141
 1236684
 8917526
 1336938
 8923508
 8933843
 8934730
 8938954
 8944706
 8944878
 8944257
 8941817
 8946483
 8948635
 8945929
 8946934
 8947447
 8946692
 8947998
 8945765
 8948211
 8948507
 8912590
 8935962
 1327450
 8945171
 8942514
 8944695
 8944703
 8944884
 1327236
 8945623
 8921571
 8926563
 8930691
 8930717
 8935360
 8940879
 8937231
 8938414
 8939559
 8939780
 8941638
 8941142
 8941184
 8942348
 8942260
 8942942
 8945440
 8947583
 8947642
 8946835
 8947432
 8946268
 1330434
 8946639
 8932732
 8936305
 8938244
 8935088
 8935098
 8934151
 8941797
 8943091
 8944806
 1339470
 8946612
 8945288
 8948865
 8949023
 8946169
 8948492
 8949049
 8946448
 8947201
 8945547
 8948685
 8945960
 8946705
 1243883
 8946317
 1240993
 8937860
 8944006
 8935081
 8935063
 8938831
 8940784
 8937492
 8939615
 8942485
 8942581
 8943927
 8945426
 8947891
 8948343
 8946724
 8948044
 8948682
 8945209
 8947734
 8947750
 8947319
 8931506
 8934276
 8933130
 8933528
 8943473
 1393765
 8944248
 0978477
 8948608
 8948031
 1393785
 8946992
 1330413
 8946434
 1305796
 8946139
 8945124
 8944861
 8946456
 8947976
 8911813
 1305358
 8926099
 1350904
 1327438
 8938262
 8938058
 8938710
 8939084
 1284732
 8942251
 8944609
 1341014
 8942322
 8945120
 8943434
 8943447
 8943531
 8942184
 8948281
 8948512
 8948288
 8946783
 8945608
 8945675
 8948497
 8946141
 8948801
 8948089
 8948380
 8948978
 8948993
 8947616
 8945482
 8947858
 8945873
 1330416
 1243502
 8948825
 1339158
 8938092
 8941476
 8944766
 8948657
 8948104
 8945799
 8946115
 8947625
 8945751
 8948153
 8941535
 8945875
 8945670
 8947430
 8947439
 8913822
 8912398
 8918931
 1393547
 8935580
 8935993
 8936707
 8940607
 8939608
 8937720
 1393747
 1188760
 1330305
 8944627
 8944175
 8943402
 8944876
 1393762
 1393763
 8944917
 8944218
 8943290
 8941460
 8944110
 8945185
 8947364
 8947195
 8945950
 8945779
 1361231
 1327445
 8942971
 1291790
 8942674
 1352130
 0893768
 8945508
 8947071
 8947216
 8947792
 8948098
 8945740
 8946066
 8946403
 8947322
 1291712
 8946207
 8946349
 8946979
 8948102
 8946060
 8948776
 8945602
 8911538
 8911511
 8922850
 8929459
 8934482
 8937130
 8940942
 8944374
 8943072
 8945165
 8941801
 8944785
 8941833
 1330353
 8945490
 8948769
 8948523
 8948432
 8945923
 8945182
 8931882
 8943235
 8942138
 8945744
 1393735
 8918493
 8941665
 8948784
 8946981
 8947541
 8948873
 1327109
 8946828
 8919745
 8922182
 8931043
 8933434
 8938002
 8942878
 8944825
 8942694
 8943261
 8941693
 8942911
 8942818
 8944398
 8945218
 8946964
 8945763
 1311692
 8948213
 8948844
 1327128
 8948232
 8948076
 8945408
 8947685
 8947678
 8945430
 8946298
 8947553
 8948436
 8920709
 1305241
 8927219
 8936018
 8933407
 8933257
 8933253
 8941595
 8944132
 1191743
 1341054
 8943852
 1359117
 8943813
 1352093
 1201088
 8945784
 8946999
 8945787
 8946385
 8946439
 1341101
 8945278
 8945286
 8946441
 8947130
 8947211
 8947389
 8948723
 8947341
 8946528
 8947254
 1243884
 1243886
 8936500
 8935663
 8937408
 8938875
 1284675
 8939686
 8943848
 8944582
 8942919
 8943605
 8942617
 8941729
 1202510
 1198412
 8942093
 8942432
 8942236
 8945988
 1354191
 8946410
 8946330
 8945871
 8946279
 8946589
 8947647
 8947714
 8945576
 8945773
 8948666
 8947025
 8946481
 8945992
 8945889
 1330426
 8948725
 8946894
 8941196
 8943331
 8940150
 8918924
 8921070
 8917109
 8917328
 8921948
 8920012
 8927272
 8942320
 8944064
 8948262
 8945887
 8947560
 8946986
 8948565
 8948572
 8947290
 8947469
 8948481
 1393782
 1393783
 8948340
 1126466
 8924796
 8934693
 8941863
 8942238
 8944567
 8944769
 8944946
 8942059
 8944387
 8943202
 8944283
 1330346
 8943271
 8947137
 8948918
 8947362
 8948130
 8948495
 8948558
 8948132
 8946080
 8946962
 8947404
 8947844
 8948592
 8948963
 8946266
 8948590
 8947328
 8945865
 8946508
 8947032
 8947890
 8948587
 8947602
 8948409
 8947148
 8948843
 8947213
 8946022
 8945223
 8946293
 8946798
 8913589
 8930615
 8931763
 1126559
 8939904
 8945864
 8944189
 8942952
 1393760
 8941759
 8941514
 8941575
 8942505
 8941477
 1393795
 8946232
 8947629
 8948300
 8947999
 8948502
 1327245
 8948272
 8945254
 8948531
 8945638
 8946489
 8947828
 8936259
 8940147
 8945177
 8943504
 8944073
 8941671
 8945063
 8941297
 8948966
 1354193
 8948278
 8947265
 8948527
 8947150
 8945724
 8944740
 8944323
 8943701
 1393789
 8946655
 1327127
 8946423
 8946466
 8946600
 1330419
 8946036
 8915647
 8938555
 8926582
 1128641
 1128642
 8935867
 8939946
 8938387
 8942651
 8933111
 8933388
 8938814
 8945023
 8941215
 8943113
 8942436
 8942575
 8943465
 8944788
 8942446
 8941628
 8943210
 8943751
 8943766
 8941921
 8942761
 1305409
 8945398
 8947156
 8948921
 8948949
 8948460
 8949004
 8949009
 8946114
 1341103
 8945679
 8946872
 8947946
 8946494
 8945290
 8946574
 8948910
 8945526
 8946565
 8948233
 8945736
 8946133
 8946873
 8946351
 8947668
 8945262
 8945968
 8945855
 8948542
 8946054
 8946260
 8946307
 8947440
 8947066
 8924831
 8934356
 8934796
 8940699
 0978474
 1223096
 8943915
 8944961
 8943711
 8943395
 8945919
 8946444
 8948517
 8948945
 8946327
 8948877
 8948352
 8946072
 8947224
 8948772
 8947193
 1330410
 1352500
 1336597
 1336598
 8936157
 8930919
 8935455
 8933646
 1330206
 8937322
 8942183
 8943946
 8949055
 8946309
 8946634
 8947819
 8946225
 8947127
 8947571
 8948325
 8948412
 8945503
 8919918
 8947316
 8917554
 8940062
 8940021
 8940630
 8938556
 8938012
 8939395
 8937645
 8944726
 8943044
 8943575
 8944951
 8943387
 8941846
 8926621
 8926364
 1305398
 8927985
 8931294
 8930890
 8935148
 8934277
 8933492
 8933509
 8933901
 8938044
 8942702
 8942410
 8941791
 8942376
 8942522
 1305410
 1352758
 8945794
 8947055
 8946811
 8946480
 8947570
 8948651
 8945977
 8947840
 8948862
 8948948
 8945847
 8945908
 1243900
 8947096
 8928818
 8927722
 8932810
 8934954
 8938635
 8939542
 8937743
 8937985
 8937585
 8944012
 0893797
 8944070
 8941361
 8944018
 8944514
 1128563
 1128565
 8944776
 8943467
 8944171
 8943231
 8945671
 8947671
 8948287
 8948229
 8946580
 8947289
 1341032
 8947441
 8948573
 8946335
 8946347
 8948355
 8946758
 8945984
 8947947
 8947775
 8947795
 8946076
 8946099
 1236686
 8946761
 8945312
 8946411
 8947183
 1330403
 8945581
 8946983
 8947940
 8922717
 8928041
 8935904
 8933329
 8933366
 8937352
 8939271
 8940029
 8937223
 8938129
 8941876
 1201060
 8942561
 8943017
 8943160
 8944611
 8944682
 8941795
 8941960
 8942784
 8948990
 8945804
 8945832
 1201077
 1201084
 8948324
 1341034
 8946660
 8946955
 8948732
 1393793
 8946333
 8945932
 8946522
 8932757
 8936715
 1223081
 8937954
 8940733
 8944574
 8942443
 8944588
 8943721
 8942479
 8942656
 8943213
 8944981
 8943953
 8944813
 8942837
 8945917
 8946392
 8945516
 8947241
 8946957
 8947588
 8948982
 8948988
 8949033
 8948791
 8946653
 8947766
 8947465
 8918305
 8933065
 8934090
 1165578
 8936474
 8935772
 8934969
 8940267
 8938238
 8940327
 8943542
 8944569
 8943077
 8941611
 8943117
 8944188
 8941527
 8943296
 8944792
 8946788
 1393792
 8947941
 8948016
 8947659
 8946079
 8946197
 8927761
 8927228
 8932081
 0978470
 8940512
 8944521
 8943446
 8943520
 8947116
 8948778
 8946331
 8947004
 8945678
 8948735
 8948858
 8945616
 8940766
 8939957
 8910958
 1284658
 8938976
 8944997
 8944082
 8941152
 8943401
 8944666
 8944561
 8944640
 8941641
 8942442
 8943264
 1312043
 8945829
 8922587
 8928524
 8931927
 8940730
 8940295
 8937342
 8939201
 8938016
 8943393
 1327302
 8944176
 8943631
 8944084
 8919263
 1342435
 1352973
 1354051
 1339396
 8928914
 8930294
 8926725
 8930784
 8931523
 8936129
 1175725
 8935625
 8937643
 8937804
 8941711
 8942469
 8941505
 8942324
 8945150
 8944751
 8943459
 8941696
 8941700
 8943417
 8943588
 8942161
 8944322
 8948493
 8945861
 8946166
 8945186
 8947154
 8947922
 8946406
 8947852
 8948415
 8946922
 8948209
 1341033
 1341115
 8945578
 8948726
 8948752
 8948905
 8948967
 8948971
 8948984
 8945836
 8946763
 8946928
 8948028
 1393780
 8945377
 8949040
 1313942
 8945381
 8946696
 8946013
 8947989
 1330423
 1330430
 8947220
 8929281
 1284725
 8936638
 1361219
 8935554
 8948740
 8947011
 8948280
 8906666
 8925131
 8930524
 8944994
 8944713
 8946865
 8945788
 1327113
 8888883
 8918421
 1359006
 8923538
 1234855
 8937858
 8939465
 8942904
 8944607
 8941517
 8945892
 8945204
 1305799
 8927536
 8926363
 8936883
 8933910
 8938860
 8940800
 8938048
 8938893
 8939474
 8945181
 8941083
 8944100
 8943161
 8944700
 8942517
 8944954
 8941679
 1393754
 8941428
 8941647
 8944866
 8941767
 8943347
 8927095
 8933701
 8933842
 8933242
 1327254
 8940971
 8939486
 8938678
 8941111
 8943376
 8941212
 8943033
 1243069
 1243074
 8941475
 8912128
 8924101
 8925645
 8930078
 8931802
 0893782
 8935777
 8936561
 8932975
 8934379
 8939855
 8940794
 8937262
 8937956
 8939911
 8944779
 8944053
 8944201
 8942281
 8944121
 8944650
 8944880
 8941635
 1341024
 8941351
 8943144
 8943185
 8943280
 8944273
 8944809
 8944850
 8945072
 8945159
 8943645
 1393759
 8943406
 8944890
 1327237
 8943967
 8942373
 8942676
 1202519
 8944551
 8942852
 8941663
 8943081
 1243849
 8943240
 8943454
 8944151
 8942362
 8944931
 8944491
 8943510
 8936315
 8941961
 8943034
 8943969
 8942460
 8933518
 8934342
 8934869
 1336849
 8928473
 1336949
 8924654
 8928837
 8941174
 8941779
 8945022
 1393753
 8943947
 8943508
 8943837
 8942913
 8937914
 1339061
 0893755
 8898085
 8898145
 8906653
 8906668
 8931699
 1240870
 8932050
 1243838
 8934544
 8932885
 1249202
 8933657
 8933484
 8934239
 8936038
 8936064
 8938844
 8937921
 8937415
 8937422
 8937810
 1175739
 1175746
 8938116
 8938144
 8939775
 8940528
 8938008
 8942869
 8944415
 8942695
 8943709
 8941945
 8941722
 8941151
 8941966
 8943519
 8942840
 8912223
 8920978
 8941345
 1201295
 8941023
 8942890
 8945173
 8941369
 8941995
 8942011
 8943131
 8943833
 8944330
 8944333
 8944612
 8941956
 8942207
 1330377
 8942807
 8942861
 1352091
 8941503
 8923941
 8932710
 8934075
 8910875
 8910949
 8912464
 8915127
 8915232
 8916976
 8916956
 8918853
 8922350
 1191229
 1386288
 8943700
 8943464
 8942117
 1305416
 8920190
 8922937
 8923756
 8922173
 8915522
 8921405
 8921816
 8922612
 8922879
 8926456
 8930731
 8931266
 8937024
 8937082
 8932834
 8934555
 8934525
 8933989
 8935390
 1330247
 8939763
 8939637
 8940802
 8940856
 8939941
 8940280
 8940008
 8944083
 8942007
 8943799
 8945002
 8944456
 8943275
 8944285
 8944439
 8944796
 8944957
 8945009
 8945078
 8941529
 8941794
 8944873
 8945102
 8942909
 8942932
 8942956
 8941585
 8942896
 8944251
 8942523
 8943926
 8944958
 8945126
 8943003
 8941538
 8942229
 8944887
 8941118
 8943364
 8944630
 8944278
 1327210
 8941282
 8941704
 8942655
 1330326
 8944162
 1254206
 8920450
 8939468
 8924166
 1240866
 8929816
 8931195
 8936854
 8935188
 8938840
 8939228
 8942822
 8941834
 8944591
 8943218
 8943232
 8941905
 8943666
 8944237
 8943703
 8935452
 8933937
 8935548
 8934891
 8937430
 8937469
 8940568
 8939673
 8940518
 8940926
 8940302
 8937759
 1361215
 1191234
 8939457
 8941335
 8942213
 8914028
 8912152
 1233384
 8919699
 1336929
 1336941
 8926226
 8924520
 8925353
 8923740
 8923769
 8929714
 8928154
 1327415
 8931924
 8934616
 1165633
 8933768
 8936713
 1393718
 1393720
 8935799
 8933649
 8936219
 8936235
 8934861
 8933844
 8934833
 8936618
 8934156
 8937801
 8938225
 8938779
 1284750
 1393743
 8939715
 8939721
 8939679
 8940157
 8940166
 8937918
 8937542
 8937641
 8938602
 8939684
 8940494
 8942151
 8944885
 8941403
 8943745
 8944530
 1291577
 8941766
 8944085
 8941469
 8941752
 8943411
 1339715
 1330381
 8941783
 8941914
 8943778
 8942414
 8943484
 8943971
 1305408
 1305411
 8941636
 8944310
 8941467
 8934053
 8936817
 8920489
 8929035
 8937183
 1327374
 8940996
 1327235
 8934983
 8936473
 8934523
 8938000
 8939453
 8939720
 8940262
 8940785
 8944891
 8943322
 8943654
 8941450
 8944477
 8943265
 8943805
 8944212
 8941602
 8944042
 1269972
 8918752
 8928545
 8932823
 8935428
 8936201
 8931155
 8940929
 8941103
 8944172
 8943391
 8922089
 8926768
 8930520
 8932305
 8932742
 8917857
 8917475
 8928680
 1313187
 8935618
 8934000
 8938909
 8940799
 8938324
 8940469
 8941122
 8944678
 8944688
 8942417
 1223097
 8944344
 8943914
 8943168
 8943179
 8943318
 8944239
 8945088
 8945157
 8942759
 8941842
 8943407
 8943761
 8944935
 8941374
 8918747
 8925333
 8925357
 8925380
 1327580
 8944889
 8920004
 8936929
 1175892
 8940825
 8942673
 8941600
 8941666
 8941670
 8943223
 1393770
 8942484
 8942989
 8944767
 8941473
 8925889
 8925238
 8935434
 8939295
 8939591
 8940110
 8939993
 8941144
 8942654
 8944526
 1393769
 8944911
 8941617
 8943080
 8944166
 8944002
 8936132
 8941513
 8944460
 8944659
 8941646
 8943351
 8944677
 8944973
 8910833
 8915922
 8927282
 8930944
 8930994
 8931681
 8937137
 8934585
 1330214
 1330210
 8938886
 8939354
 8939697
 8938867
 8937656
 8938723
 8940239
 8937566
 8940532
 8940001
 8941009
 8942450
 8944543
 8944475
 8941583
 8942315
 8943241
 8943249
 8943982
 8945148
 8943882
 8945021
 8941852
 8941925
 8944616
 8944845
 8941780
 1330319
 8941454
 8944276
 8916180
 8921195
 8918467
 8919654
 8927486
 8927195
 1312150
 8931870
 8932896
 8933178
 8935040
 8933326
 8940398
 8940025
 8940666
 8940391
 1040450
 8943648
 8944250
 8944538
 8943340
 8941648
 8944033
 8944167
 8941701
 8942098
 8944268
 8944669
 8943696
 8944311
 8944727
 8944940
 8943314
 8942000
 8943442
 8944324
 8941003
 8941004
 8941005
 8944216
 1359116
 8942085
 8942786
 1330382
 8944170
 8944742
 8936509
 8942725
 8942345
 8943366
 8943615
 8942360
 8913634
 8912138
 8913921
 8915380
 1233391
 8922106
 8927377
 8930082
 8926982
 8928367
 8935011
 8934975
 8936313
 8935058
 8936476
 8936501
 8934890
 8933539
 8938802
 1223078
 8937328
 8940798
 8938992
 8938184
 1240882
 8938995
 1330279
 8938204
 8938305
 8943338
 8944134
 8941836
 8941229
 8943770
 8944660
 8944922
 8943789
 8943884
 8942012
 8944089
 8944075
 8944621
 8941244
 1339166
 1330343
 8941922
 8941662
 8943901
 8941915
 8944596
 8943195
 8923519
 8937134
 8932960
 8938495
 8938626
 1393700
 8940761
 8944643
 8944359
 1191727
 8942187
 8944279
 1393758
 1393771
 8943958
 8941868
 8944416
 8943128
 8943164
 8943273
 8944199
 8944422
 8941703
 8941965
 8943671
 8943910
 8943825
 8944673
 8941778
 8920741
 8922751
 8922958
 8922966
 8927719
 8926460
 1296926
 8931203
 8931205
 8940814
 8938487
 8940179
 8939023
 8944068
 8945146
 8945155
 8944897
 8944366
 8943698
 8944039
 8941147
 8942503
 8944271
 8944290
 8945122
 8943100
 8941738
 8941799
 8941449
 8911685
 8914558
 8924591
 8902582
 8943001
 8942991
 8941910
 1291787
 8943386
 8942804
 8922414
 1191235
 8919864
 8916913
 8927636
 8931653
 8935332
 8936377
 8940998
 8940840
 8938971
 0978473
 8944602
 8944977
 8945057
 8945153
 8941286
 8943382
 8943400
 8941564
 8942963
 1128257
 1126412
 8922653
 8924450
 8927928
 1296932
 8932947
 8936644
 8936870
 8935481
 1239283
 1311691
 8936613
 8934637
 8938558
 1386289
 1386299
 8938316
 8940243
 1040492
 8937837
 8939942
 8937394
 8937447
 1201061
 8943481
 8943316
 8943359
 8944443
 8942381
 8945003
 8941804
 8942605
 8944219
 8941330
 8941608
 8941606
 8942289
 8942463
 1330324
 8941261
 8944834
 8942303
 8941172
 8906660
 8935388
 8935079
 8939825
 8940019
 8941256
 8943708
 8943102
 8941895
 8942926
 8941446
 8943011
 8943373
 8944603
 1339390
 1330325
 1330342
 1354022
 8929586
 8930908
 8934939
 8935905
 8936647
 8936858
 8936553
 8937673
 8938137
 8938209
 8937665
 8939304
 8937293
 8937365
 8940637
 8940571
 8938341
 1330292
 8938003
 8939513
 8940228
 8938430
 8937821
 8943533
 8941372
 8942836
 8944143
 8943287
 8943350
 8943545
 8942046
 8942672
 8942760
 8944056
 1284743
 8944052
 8944318
 8943086
 8943244
 8945123
 8944320
 8943732
 8943319
 8945037
 8944749
 8941096
 8943455
 1339472
 1243845
 1352087
 8933277
 8936614
 8935795
 8940715
 1386269
 8938446
 8937932
 8939090
 8944498
 8942825
 8944325
 8945106
 8941358
 8943208
 8941732
 1327294
 8942634
 1202520
 8944770
 8941086
 8942162
 8943320
 8940553
 8907414
 1305243
 8925717
 1233389
 8924649
 8928715
 8932100
 8931565
 8933421
 8936221
 8935707
 8937836
 8940277
 8938972
 8944898
 1393773
 8942488
 8943577
 8943584
 8943597
 8943623
 8942407
 1339387
 8941850
 8941360
 8944137
 8945135
 1234647
 8935987
 8940448
 8944585
 8943032
 1239297
 8944133
 8942003
 8944025
 8914180
 8917371
 8932687
 8930560
 8937052
 8936748
 8936754
 8934039
 8935724
 1330255
 8933527
 8933194
 8935735
 8938851
 1223062
 8938229
 8940492
 8940716
 8940820
 8939323
 1393736
 8940316
 8940095
 8939080
 8941210
 8942263
 8941447
 8942222
 8942283
 8941660
 8942627
 8943209
 8942418
 8942435
 8943792
 8943831
 8944932
 8945092
 8944610
 8944928
 8943167
 8943174
 8943194
 8944247
 8944858
 8945079
 8941016
 8942497
 8943911
 8944345
 8942139
 8943984
 8944364
 8944956
 1393772
 8941208
 8943535
 8944384
 1128570
 8941964
 8942391
 8941499
 8941694
 8944926
 8941844
 8942143
 8943251
 8932285
 8932677
 8933107
 8932929
 8936334
 8934055
 1202115
 1352524
 8933629
 8936047
 8935395
 8938170
 8939146
 8943491
 8942004
 8943227
 8943677
 8943138
 8943154
 1243001
 8941370
 1352134
 8934521
 1240877
 8936327
 1352964
 8937317
 8939216
 0994341
 1393744
 8940119
 8938481
 8939162
 8939170
 8944080
 8941331
 8941904
 8942199
 8943697
 8944352
 8943513
 8944857
 8943528
 8944539
 8941417
 8942732
 8942867
 8944614
 8940636
 8926334
 1327416
 1393748
 1330296
 1393767
 1128114
 8944298
 8941689
 8942513
 8931580
 8919050
 8924542
 0893764
 8928982
 8926296
 1128637
 1284900
 8934333
 1126566
 1126565
 8940015
 8941044
 1341008
 8941093
 8917878
 8929633
 8932799
 8936147
 8939644
 8940704
 8940577
 8944186
 8941988
 8943803
 8941997
 8942462
 8942718
 8944636
 8944165
 8944471
 8944377
 8944481
 8941931
 1341012
 8941329
 8942879
 8943255
 8944371
 8944967
 8943669
 8942568
 8942800
 8944448
 8945027
 8941684
 8942716
 8943920
 8944907
 8941823
 8943800
 8942964
 8943784
 8944136
 1327308
 1202502
 1202506
 1202512
 8943418
 8941686
 8942549
 8943124
 8942141
 8941275
 8942403
 8943292
 8942430
 8943257
 8943871
 8918091
 8920278
 8916977
 1305351
 8921137
 8923271
 8925557
 8924395
 8928002
 8931510
 8932974
 8936768
 1393724
 8934255
 8935159
 1327446
 8935976
 8933824
 8938809
 1126557
 1330300
 8941669
 8942614
 8944597
 8944707
 8945131
 8944497
 8942979
 8945006
 8944117
 8942154
 8943607
 1359105
 8944594
 1352090
 1352127
 8934003
 8934213
 8940869
 8944340
 8943563
 8944383
 8944109
 8944001
 1393766
 8942295
 8943129
 8943674
 8944854
 8942697
 8943216
 8943714
 1339643
 1330322
 8942371
 8943571
 8940962
 8919711
 8928656
 8926565
 8932349
 8930993
 8932707
 8932756
 8936393
 8935967
 8936737
 8936230
 8936856
 8933775
 8936671
 1339164
 8939876
 8940692
 8940750
 8940842
 8940903
 8940905
 1393699
 8938399
 8940399
 8939385
 8944979
 8942585
 8942474
 8944735
 8944991
 8945011
 8943184
 8944112
 8944353
 8943172
 8943966
 1352097
 8941226
 8912611
 8917209
 8921914
 1354007
 8923025
 8928400
 1170995
 8935136
 8936860
 8936403
 8935719
 8934081
 1330209
 8936102
 8939234
 8940882
 8940691
 8940701
 8938456
 8938408
 8938980
 8940482
 8940148
 8940608
 8940371
 8939606
 8942396
 8942574
 1341007
 1341022
 1341025
 8942481
 8944734
 8943902
 8944346
 8944028
 1128566
 8943214
 8942748
 8941291
 8942195
 8944120
 8943968
 8914750
 8923717
 8926919
 8938492
 8938441
 8938784
 8939132
 8939328
 8937699
 8940521
 1327397
 1327288
 1352194
 8942579
 8941862
 1201055
 1201066
 8943078
 1341011
 8944756
 8944099
 8941849
 8942389
 8942711
 8941697
 8944492
 1393756
 8941746
 8943518
 8941633
 8944833
 8942777
 8942620
 8942646
 8943776
 1202515
 1202518
 8942830
 8941232
 8941825
 8945010
 8941596
 8942472
 8941348
 8941587
 8943279
 1196376
 8941494
 1254208
 8941483
 8940589
 8943960
 8933633
 8937374
 8931101
 1220894
 8935510
 8934950
 8939701
 8938799
 8939862
 8942781
 8944288
 8942082
 8944555
 8944724
 8942731
 8944874
 8943798
 8943489
 8944715
 8945013
 8941771
 8943496
 8943930
 8944185
 8944886
 8944904
 8944799
 1352532
 8926409
 8935977
 1393740
 8940529
 8939053
 1296212
 8943675
 8944721
 8944744
 8941824
 8944915
 8944544
 8942685
 8944264
 8944862
 8943348
 8942662
 8944823
 1352096
 8915064
 8930525
 8936980
 8935886
 8935909
 8939479
 8937623
 8937772
 8938330
 8939229
 8938669
 8940563
 8937639
 8939636
 8937598
 8940556
 8942968
 8942757
 8944321
 8944783
 1128109
 8944191
 8944929
 8942902
 8943028
 8943614
 8912166
 8918575
 8929671
 8926377
 8934928
 8934848
 8938923
 8938719
 8938996
 8939249
 8940789
 8937525
 8938507
 8938944
 8940304
 8945176
 8942449
 8941429
 8944255
 8942155
 8944127
 8942097
 8944966
 8942486
 1330373
 1327819
 8932565
 8936716
 8936385
 8931406
 8933109
 8938965
 8922931
 8930218
 1239268
 8931469
 8931360
 1239274
 8936975
 8935406
 8935590
 1165570
 8935217
 8937085
 8935155
 8936470
 1305778
 8936164
 8939341
 8939741
 1386286
 8937582
 8938417
 8939961
 8938210
 8940625
 8940768
 8940354
 8939431
 8938755
 8944992
 8941312
 8943121
 8942094
 8943640
 8944692
 8945005
 8941187
 8941878
 8943103
 8944362
 8944516
 8944942
 8944294
 8944656
 8941594
 8942066
 8942925
 8942034
 8943328
 8943992
 8944560
 8941656
 8941712
 8942310
 8942490
 8942494
 8943436
 8943639
 8943935
 8944974
 8945020
 8945070
 8945152
 8941420
 8944452
 8944034
 8943549
 8944274
 8943399
 8944921
 8943151
 8941057
 8944821
 8941793
 8944634
 8944841
 8941064
 8941332
 8944141
 1330356
 8942550
 8942946
 1243850
 8943886
 8941589
 8942452
 8943551
 8941788
 1382272
 1382273
 1296937
 8931331
 8936408
 8935089
 8936959
 1313186
 8933631
 8937928
 8937981
 8939652
 8937595
 8938578
 8939207
 8945184
 8942834
 8942859
 8921526
 8931955
 8940107
 8943013
 8941411
 8941273
 8943182










