16-8-2
 9144413
 9142874
 9139259
 9145598
 1359503
 9132204
 9121749
 9118930
 9119431
 9127050
 9130311
 9136672
 9144959
 9144697
 9145295
 9142158
 9118459
 9143838
 9140655
 9145078
 9120109
 9143537
 9146478
 9145364
 9132491
 9137341
 9138327
 9138312
 9143552
 9144207
 9145995
 9144327
 9145116
 9145973
 9120130
 9135176
 9135478
 9143058
 9144554
 9130820
 9140121
 9138490
 9139647
 9140807
 9143558
 9143561
 9145647
 9145981
 9144749
 9143648
 9145477
 9145535
 9144754
 9132225
 9140823
 9144958
 9141080
 9120283
 9140707
 9139390
 9127599
 9141444
 9145761
 9132851
 9137332
 9143120
 9143217
 9142988
 9141430
 9143890
 9146094
 9143837
 9134101
 9134140
 9144949
 9145052
 9145913
 9136682
 9143562
 9142912
 9121832
 9141187
 9142957
 9142126
 9143695
 9144972
 9131314
 9135787
 9143563
 9143871