16-8-4
 9116885
 9146085
 9150941
 9098501
 9150762
 9152542
 9137248
 9148024
 9129926
 9150561
 9133035
 9143227
 9149313
 9142916
 9152384
 1373826
 9137312
 9152512
 9151395
 9151124
 9150734
 9151972
 9138178
 9150967
 9151379
 9152497
 9148362
 9152176
 9143820
 9148372
 9147258
 9130842
 9144659
 9144394
 9150957
 9149203
 9144320
 9152011
 9101222
 9103076
 9114027
 9118331
 9120113
 1341419
 9145767
 9150075
 9152537
 9152458
 9152154
 9150082
 9150605
 1304592
 9130313
 9134473
 9135453
 9135775
 9147760
 9149193
 9147182
 9147275
 9146367
 9152478
 9150508
 9137723
 9150972
 9147743
 9147801
 9151465
 9151365
 9151982
 9148012
 9139218
 9145464
 9145139
 9145923
