16-8-5
 9155900
 9153496
 9155519
 9148013
 1359540
 9149262
 9138337
 9143156
 9145122
 9143560
 9145092
 9155540
 9144108
 9142748
 9147065
 9150584
 9155076
 9149356
 9149483
 9150953
 9155884
 9153093
 9155158
 9154416
 9151074
 9147847
 9139959
 9146403
 9153268
 9154123
 9156022
 9153998
 9141088
 9150745
 9151168
 9155981
 9155989
 1382877
 9155727
 9153444
 1324879
 9145687
 9127520
 9149150
 9152196
 9130034
 9143150
 9152175
 9153055
 1324920
 9143378
 9155768
 9156253
 9154826
 9152898
 9150697
 9151251
 9152178
 9153624
 9153063
 9153959
 9147686
 9151950
 9153183
 9154920
 9153090
 9153004
 9154434
 9153100
 9144367
 9151814
 9154917
 9136769
 1359321
 9152716
 9156105
 9140073
 9143184
 1304585
 9155523
 9154014
 9140355
 9145409
 9136649
 9141470
 9150753
 9152237
 9130391
 9145379
 9155488
 9155255
 9153056
 9152326
