16-8-6
 9150966
 9153371
 9134138
 9149504
 9145355
 9154334
 9154922
 9158091
 9157501
 9149436
 1382746
 9154653
 9145655
 9153384
 9157032
 9158387
 9157482
 9157530
 9117237
 9155081
 9158776
 9156789
 9158565
 9158918
 9159099
 9156508
 9153537
 9153705
 9153741
 9154102
 9155951
 9159057
 9159350
 9157113
 9144287
 1272756
 9153732
 9154393
 9156068
 9157626
 9156654
 9157556
 9156507
 9155997
 9159292
 9159976
 9158912
 9042094
 9053734
 9083104
 9148450
 9154373
 9152947
 9159294
 9156985
 9156190
 9158442
 9151092
 9154735
 9159660
 9156391
 9158501
 9159974
 9158506
 9159287
 9158826
 9155535
 9152540
 9150258
 9158106
 9157023
 9149630
 9155491
 9157538
 9158936
 9145736
 9154253
 9155642
 9157063
 9157165
 9158085
 9158750
 9149655
 9159306
 9158645
 9157227
