16-8-1   
 9113714
 9125691
 9127844
 9069067
 9107351
 9111522
 9116977
 1379283
 9136788
 9138060
 9138904
 9139254
 9140128
 9139173
 9140309
 1378596
 9048855
 9076430
 9112946
 9129062
 9131945
 9131807
 9132242
 9131187
 9135665
 1358900
 9135667
 9135458
 9135476
 9136193
 9137869
 9138987
 9139522
 9140088
 9139488
 1359353
 9138865
 9139738
 9138139
 9060015
 9074209
 9079400
 9084829
 9085033
 9085904
 9092313
 9090893
 9097979
 9101016
 9100964
 1291439
 9105807
 9110979
 9112989
 9111105
 9116278
 9116182
 9114651
 9115016
 9119301
 1366675
 9122942
 9125358
 9125972
 9128141
 9129192
 9129825
 9128165
 1373479
 9132368
 9135488
 9136587
 9136975
 9134961
 9136809
 9134672
 9135212
 9135062
 9136306
 9137676
 9137198
 9138063
 9140251
 9140013
 1373051
 9137983
 9137840
 9140049
 9137269
 9137357
 9137530
 9137726
 9139508
 9139537
 9139241
 9140078
 9137507
 1320041
 9138881
 9137835
 9139533
 9138649
 9138189
 9140179
 9139425
 9137183
 9137938
 9139641
 9137567
 9136132
 9139592
 9138390
 9123076
 9128282
 9133007
 9131581
 9133362
 9132517
 9135158
 9139235
 9138357
 9138688
 9138887
 9140106
 9138928
 9137244
 1362494
 9124324
 1311594
 9133744
 9134876
 9134297
 9136530
 9134950
 9134311
 9135462
 9135798
 9097856
 9100590
 9103869
 9052456
 9057897
 9058708
 9059844
 9062760
 9065540
 9067949
 9074812
 0978755
 1390967
 9085650
 1390882
 1390885
 9094521
 9094136
 9092782
 9096466
 9096073
 9098048
 9096493
 9095287
 9099121
 9104374
 1234237
 9105639
 9104353
 9103431
 1381744
 1332821
 9115276
 9122797
 9126583
 1381520
 9137221
 9139038
 9139341
 9140145
 9137490
 9138315
 9139240
 9137325
 9137331
 9137968
 9138132
 9132791
 9133554
 9132282
 1362493
 9111927
 9111935
 9129539
 9133437
 9132620
 1354818
 9068282
 9092898
 9098471
 9102490
 9101367
 9103325
 9102739
 9106732
 9106456
 9107784
 9112334
 9112768
 9123233
 9121094
 1320032
 9125677
 9127483
 1389419
 9130239
 9127550
 9129838
 9133425
 9133624
 9133613
 9132806
 9133208
 9131742
 9133231
 9132227
 9136064
 9136473
 9136544
 9135084
 9136714
 9140415
 9139407
 9138084
 9138116
 9138204
 9138364
 9139008
 9138945
 9138582
 9139120
 9139174
 9139460
 9139968
 9140221
 1373082
 9139670
 9137214
 9137216
 9139527
 9139976
 9139989
 9140373
 9140438
 9139583
 9139596
 9140313
 9139416
 9140005
 9138786
 9139163
 9138989
 9140114
 9137695
 9138058
 9138140
 9138631
 9139737
 9140030
 9066380
 9114254
 1160494
 9116367
 9126150
 9131912
 9136335
 9136825
 9138539
 9140241
 9061406
 9096627
 9104079
 9106373
 9108644
 9109387
 9112103
 9116061
 9120279
 1202689
 9123884
 9122059
 9124631
 9125094
 9129855
 9129159
 9129025
 9128534
 9132838
 9133296
 9136619
 1308164
 9134401
 9136513
 9138752
 9138081
 9137884
 9139822
 9138344
 9139928
 1377922
 1324987
 9137962
 9137787
 9139095
 1390331
 9119647
 9129177
 9138251
 1240797
 9089663
 9089529
 9092445
 9096803
 9094835
 9098456
 1236966
 1339921
 1339922
 1243684
 9099119
 9102616
 9099096
 9101134
 9104920
 9105268
 9102856
 9102857
 1010051
 9102668
 9104220
 9108651
 9108661
 9108665
 9109876
 9112840
 1291982
 9108009
 9135272
 9134407
 9111432
 9102118
 9111960
 9127323
 1359239
 9131971
 9133187
 9131877
 9137134
 9135037
 9135266
 1293257
 1161687
 9138212
 9140008
 9140272
 9137943
 1103275
 9139057
 9137601
 9138173
 9139330
 9140369
 9139803
 9138748
 9137772
 9140107
 9137253
 9137267
 9137903
 9138033
 9137775
 9116257
 9123197
 9131240
 9081496
 9126158
 9130032
 9128597
 9136464
 9135427
 9138623
 9139440
 9139987
 9140317
 9108573
 9113486
 9119651
 9123322
 9123407
 9127947
 1377965
 9135420
 9136495
 9137808
 1332654
 9139231
 9140002
 9139189
 9139614
 9139114
 9138205
 9138734
 9139615
 9137612
 9106381
 9121687
 9129735
 9129768
 9132573
 1311595
 9132876
 9133653
 1359250
 9131855
 9132078
 9134193
 9136685
 9134315
 9136128
 9137605
 9138068
 9138517
 9140392
 9139388
 9138971
 9139564
 9140340
 9139138
 1284253
 9137403
 9137980
 9139323
 9139500
 9140298
 9138411
 9139504
 9137281
 9137705
 9139690
 9138038
 9138403
 9137834
 9139661
 9138093
 9139867
 9084089
 9098825
 9106073
 9106935
 9106793
 9106798
 9106799
 9106804
 9106811
 9106815
 9106820
 9107903
 9112171
 9111054
 9111056
 9111847
 9111803
 9115933
 9115388
 9118124
 9117857
 9117867
 9118840
 9118853
 9128616
 9127931
 9133674
 9132426
 9134620
 9135779
 9135628
 9135577
 9138919
 9140325
 9138310
 9138123
 9138460
 9138048
 9139709
 9137436
 9138224
 9139824
 9138095
 9137232
 9137172
 9137229
 9138375
 9045996
 9057186
 9069183
 9070333
 9073286
 9074376
 9081355
 9090279
 9095114
 9097717
 9097297
 9094817
 9094851
 1243679
 9099003
 9101093
 9098950
 9101365
 9099017
 9100717
 9099274
 9099308
 9100105
 9105308
 9104024
 9104455
 9103819
 9104398
 9103202
 9107104
 9106944
 1378152
 9108271
 9108866
 9109266
 9110769
 9113287
 1294046
 9112722
 9114426
 9111835
 9114484
 9113029
 9111879
 9115663
 9116835
 9116668
 9114684
 9114686
 9115707
 9119320
 9119775
 9123159
 9121964
 9122981
 9121234
 9122748
 9123909
 9124072
 9123060
 9124551
 1378510
 9124909
 9126509
 9124425
 1377271
 1010129
 9129252
 9131280
 9136698
 9135753
 9135556
 1337035
 9135074
 9135968
 9135588
 9135901
 1378573
 9135623
 9135998
 9136282
 9135655
 1377973
 1377989
 9134036
 9134038
 9135844
 9135117
 9134707
 9135305
 9139083
 1378590
 9140253
 9138391
 1377909
 9139178
 9139211
 9116702
 9125789
 0647136
 9128618
 9129567
 9131005
 9134956
 9135996
 9136210
 9137030
 9136617
 9135289
 9136359
 9136594
 9140427
 9137950
 9139150
 9139386
 9138278
 9139306
 9139172
 9138472
 9139611
 1378594
 9137822
 9138239
 9139812
 9139996
 9140042
 1324741
 9138912
 9137688
 9138848
 9138634
 9138284
 9100222
 1115697
 9112446
 9112589
 9116347
 9118020
 9127957
 9130417
 9129614
 9133775
 1296513
 9132772
 9136166
 9134595
 9135865
 9136130
 9134886
 1379055
 9135506
 9135808
 1308170
 1308174
 9140399
 9139088
 9139656
 9139581
 9138320
 1311600
 9137843
 9138184
 9138402
 9140414
 9140446
 9140448
 9137340
 9138207
 9140175
 9137648
 9137660
 9137700
 9138660
 9134574
 9072778
 1239812
 9080966
 9081743
 1332262
 9084962
 9085277
 9084978
 9088211
 9091007
 9114931
 9115467
 9118927
 9125885
 9131142
 9133471
 9134629
 9138935
 9137558
 9139674
 1377920
 9137438
 1394070
 1394073
 9105577
 9107989
 9107995
 9107623
 9107286
 1160201
 9112050
 1332762
 1378503
 9130010
 9133067
 9132362
 1378556
 9134387
 9089757
 1324589
 1324590
 9096313
 9098164
 9100529
 9103792
 9103796
 9103801
 9107672
 9110225
 9110353
 9111345
 9111314
 9111315
 9111318
 9077316
 9088251
 9101913
 9105129
 9111502
 9113534
 9113541
 9072423
 9094689
 9099556
 9101197
 9105849
 9106851
 9115342
 9122191
 9128529
 9129981
 9127803
 9132346
 9132985
 9132749
 9134531
 9134601
 9135073
 1308180
 9136177
 9135926
 9137072
 9134146
 9137841
 9138349
 9138045
 9139607
 9137435
 1373061
 9138727
 9137845
 9139206
 9139557
 9137740
 1324446
 9103412
 9106750
 9107585
 9125687
 1161676
 9137617
 9137375
 9138709
 9137837
 9140085
 9138888
 1315973
 1324750
 9139033
 9066981
 9072865
 1382801
 9106502
 9107719
 1191944
 9125048
 9126923
 9129226
 9132988
 9133433
 1359246
 9132069
 9134479
 1337027
 9134715
 9134194
 9134627
 9133943
 9136901
 9136983
 9136607
 1377978
 9135381
 9135398
 9135082
 9135523
 9135716
 9135870
 9134218
 9138960
 9138064
 9137540
 9137817
 9138322
 9138729
 9139167
 9140222
 9140224
 9140230
 9140384
 9140423
 9138604
 9138433
 9139123
 9137898
 9138654
 1377928
 1359357
 9137222
 9138420
 9138655
 9138707
 9139673
 9138434
 9138665
 9139230
 9138052
 9139265
 9138545
 9140010
 9126742
 9131336
 9131243
 1394044
 9134729
 9134342
 9136766
 9135847
 9136292
 9138215
 9139054
 9139663
 9138062
 9138599
 9139355
 9139754
 9139887
 1378584
 9137602
 9138323
 9137519
 9137629
 9138208
 9042747
 9059722
 9071083
 1390877
 1381746
 9107457
 9118509
 9121363
 9126935
 9133073
 9135621
 1339698
 9135267
 9137021
 9134487
 9135054
 9137781
 9138075
 9139643
 9137759
 1240472
 9138608
 9138630
 9137476
 9120250
 9124116
 9125082
 1324605
 9128638
 9129223
 9131850
 9132786
 1359314
 9132063
 9130999
 9136469
 9136211
 9134918
 9136663
 9135710
 9137049
 9136182
 9134811
 9135215
 9135789
 1366646
 9136673
 9136117
 9136243
 9139093
 9139374
 9139020
 9139058
 9139134
 9140351
 9139273
 9139888
 9139028
 9139187
 9137929
 9137945
 9138693
 9139714
 9137599
 9139456
 9138149
 9140071
 9140124
 9137240
 9139324
 9139196
 9138620
 9138976
 9138650
 9139014
 9140059
 9140063
 1324967
 9137383
 9138007
 9137610
 1328448
 1202742
 9138575
 9066020
 9108285
 9111155
 9130514
 9091676
 9102175
 9105726
 9115203
 9125820
 9136321
 9135701
 9138739
 9139305
 9138967
 9139536
 9138562
 9138969
 9139769
 9140066
 9109027
 9117541
 9128803
 9129850
 9128665
 1378451
 9137092
 1377974
 9134260
 9135906
 9139284
 9138223
 1272856
 1378582
 1377906
 9138952
 9138970
 9127357
 9135624
 9137071
 1377996
 9135693
 9136664
 9138031
 9138879
 9139412
 9139212
 9140047
 1324978
 9138624
 9139781
 9071492
 9138176
 9061563
 9066224
 9064712
 1160760
 1160761
 1341623
 1254927
 1254928
 9085110
 1236904
 9095303
 9105222
 1341418
 9121072
 9123447
 9124645
 9124359
 9127873
 9128168
 1373277
 1373278
 1373389
 1358373
 9129560
 9133676
 9130801
 9132551
 9131866
 9130647
 9132586
 9130924
 9130931
 9131129
 9125174
 9130447
 9131169
 9133243
 1296511
 9132486
 1373467
 9132416
 9131295
 1328446
 9137139
 1337036
 1337038
 9136951
 1239095
 9134197
 9136867
 9135747
 1378562
 9137027
 9135569
 9133900
 9135920
 9135160
 9138986
 9137579
 9140278
 9138286
 9138303
 9137282
 9138801
 9139534
 1373060
 1373080
 9138159
 9139143
 9137239
 9139476
 9140283
 9139576
 9140277
 1194686
 9139232
 9140229
 1240475
 9138753
 9138862
 9139705
 9139961
 1377931
 9137556
 9138225
 9137541
 9138965
 9139315
 9137724
 9137299
 9139565
 1326203
 9133501
 9111494
 9120725
 9123956
 1243267
 9124461
 9126759
 9126123
 9132588
 9130889
 9136127
 9134215
 1339892
 1191966
 9137398
 9137512
 9137698
 9137184
 9138963
 1390324
 9127349
 9127354
 9131922
 9126541
 9131527
 9137067
 9136027
 9138855
 9138042
 8846894
 8929506
 1324042
 1382407
 8966754
 1350934
 9006487
 1365663
 9011683
 1324256
 9020872
 9020884
 9020925
 1304224
 9034735
 9040944
 9074707
 9080782
 9082440
 1324464
 9102251
 9100812
 9105683
 9106165
 9110227
 1324691
 9115473
 9114680
 9114683
 9116368
 9119182
 9117848
 9117851
 9124239
 9123065
 9124030
 9124044
 9126505
 9124416
 9124552
 9124555
 1366605
 9127829
 9130314
 9128295
 1322416
 1322422
 1324732
 9074701
 9098271
 9095886
 9105734
 9109123
 9117063
 9114525
 1362444
 1362261
 9127952
 9134800
 9134366
 9135578
 9135291
 9136296
 9139790
 9121929
 9124469
 9125619
 1394021
 9130806
 9131662
 9136240
 1372407
 9137395
 9139567
 9137820
 9140262
 9140079
 9137555
 9139308
 9140359
 9139177
 9137347
 9139027
 1339693
 9138454
 9139578
 9043044
 9054225
 9057480
 9061550
 9074818
 1381754
 9084842
 9083094
 1390698
 9088508
 9090141
 9089399
 9090867
 9088675
 9091032
 9092435
 9094125
 1128330
 9097946
 9098598
 9095558
 9100410
 9099007
 9105607
 9103906
 9102976
 9105459
 9105691
 9104116
 9105326
 1011964
 1010965
 9106360
 9109391
 9110965
 1294030
 1010101
 1010102
 1010104
 1010127
 1010106
 9114461
 9112788
 1382807
 1382808
 9115773
 1011907
 9119891
 1341417
 1311558
 1315151
 1315108
 9122152
 1010305
 1010306
 9121032
 9121034
 9124243
 9124245
 9124813
 9125273
 9124362
 1394022
 9128424
 9129795
 9128777
 9130837
 1223135
 9131237
 9131640
 9132052
 9130713
 9133045
 9131977
 9130622
 1324717
 9131097
 9135182
 9136938
 9135842
 9135772
 9134059
 9136590
 9134045
 9134522
 9135737
 9135034
 1382855
 9135469
 9136538
 9138613
 9140236
 9137790
 9140117
 1373065
 9139539
 9139283
 9140218
 9138831
 9137563
 9139201
 9138359
 9139711
 9140185
 9138725
 9140001
 1339694
 9137551
 9068274
 9086372
 1378034
 1378160
 9115808
 9123679
 1378179
 9123668
 9126794
 9124424
 9133055
 9109513
 1323113
 9118064
 1320855
 1312951
 9127412
 9131173
 9130905
 9133936
 9136355
 9136894
 9138362
 9137773
 9139918
 1322442
 1373071
 1373075
 1373077
 9139446
 9138892
 9139804
 9137283
 9137319
 9140012
 9138511
 9138567
 9139568
 9137709
 9140276
 9137991
 9071884
 9080433
 9088916
 9095602
 9102499
 9105322
 9107334
 9112313
 9139798
 9137671
 9137615
 9137757
 9139036
 9140167
 9137644
 9139448
 9138802
 9139268
 8964278
 9046216
 9091270
 9103920
 9127307
 9133939
 9135035
 9136889
 9134899
 9134460
 9139816
 9138540
 9139852
 9139548
 9140131
 1010135
 9138167
 9076764
 9106174
 9109804
 9114290
 9114392
 9122647
 9128234
 9131289
 9131788
 9134751
 9136718
 9134299
 9103893
 9111467
 1326103
 9131110
 9132033
 9136659
 1378566
 9134760
 1249989
 9137662
 9138747
 9137806
 1103272
 9140170
 9140440
 1378586
 9138115
 9139748
 9140043
 9129153
 9129371
 9130189
 9133523
 9133525
 9133212
 9131041
 9136532
 9136878
 1373323
 9136943
 9134049
 9136308
 1315190
 9139973
 9137292
 1315975
 9113706
 9111689
 9112450
 9114857
 9120095
 9118668
 9128286
 1359355
 9137932
 9135051
 9133945
 9100611
 9104542
 9110475
 9111759
 9128043
 9129486
 9132311
 9130944
 9133004
 9131445
 9132351
 9131939
 1324719
 9136225
 9136533
 9135479
 1373312
 9134240
 9134242
 9135564
 9134040
 9134382
 9134440
 9134778
 9136854
 9136860
 9135472
 9135708
 9134039
 1308158
 9134028
 9134030
 9134032
 9134467
 9136136
 9140459
 9139411
 9139869
 9138330
 1191968
 9137846
 9139162
 9139703
 9139995
 9140206
 9137287
 9140146
 9137900
 1373054
 1373068
 9137981
 9139770
 9138769
 9140055
 9137969
 9137973
 9138102
 9138201
 9138563
 9138962
 9139316
 9139419
 9139553
 9140201
 9140228
 9140442
 9140444
 9140445
 9140447
 0994524
 9138683
 9139065
 9137418
 9140051
 9137277
 1014382
 9139993
 9137549
 9137668
 9137679
 9138526
 9138559
 9137780
 9138103
 1324997
 9137767
 9137192
 9137545
 9138823
 9138866
 9139551
 9138299
 9139234
 9123941
 9130333
 9132475
 9133946
 9136286
 9134696
 9134534
 9135750
 9081669
 9085066
 9094867
 9097049
 1324399
 1324480
 1324481
 9103702
 9102751
 9116307
 9126113
 9136912
 9136247
 1390857
 1390868
 9099380
 9102671
 9130694
 0959059
 9133918
 9135129
 9135290
 9134316
 1161678
 1372431
 9138565
 1240478
 9140225
 9139198
 1390328
 9135444