16-8-2   
 9121539
 1378546
 9139344
 9141497
 9142504
 9142911
 9140699
 9143957
 9144778
 9145765
 9146449
 9144324
 1378665
 9143745
 9145404
 1325163
 9140226
 9142505
 9142893
 9142244
 9145356
 9145489
 1358102
 9144683
 9145282
 9144338
 9120830
 1337010
 9133777
 9130904
 9137073
 9135350
 9135846
 9135811
 9133995
 9133997
 9135019
 9136627
 9135804
 9140018
 1359351
 1340006
 9142867
 9143462
 9143435
 9140599
 9143383
 9140943
 9144589
 9145728
 9146235
 9144225
 9145588
 9144161
 9145215
 9145998
 9146329
 9144440
 9144922
 9144775
 1377817
 1377831
 1377834
 9144822
 1232054
 9143687
 9144452
 9144816
 9144904
 9144480
 9144878
 9145221
 9125176
 9129116
 9115583
 9118462
 9127979
 9132760
 9140165
 9140654
 9131849
 9133274
 9131876
 9134689
 9140425
 9137159
 9140681
 9140867
 9145049
 9143711
 9144496
 9144857
 1359518
 9131578
 9131098
 9131699
 9134822
 9136731
 9135467
 9136808
 9138483
 9139445
 9139117
 1324957
 1324958
 9139051
 9143444
 9141806
 9141685
 9141223
 1322402
 9123964
 9123167
 9115682
 9116118
 9114942
 9117815
 9118880
 9124055
 9122805
 9132978
 9139495
 9139520
 9142700
 9142069
 9133177
 1358384
 1358770
 9131195
 9130960
 9140214
 9141434
 1351044
 9145652
 9145685
 9145446
 9145199
 9143764
 1339095
 1010149
 1372421
 1253964
 9143646
 1321739
 9130590
 9130591
 1373480
 1328233
 1328230
 1394037
 9138793
 9138346
 9130451
 9127990
 9132947
 1332665
 9138077
 9139146
 9142402
 9142895
 9142148
 9142628
 9141359
 9143419
 9143478
 9141363
 9142740
 9142901
 9142091
 9142113
 9142714
 9141658
 9145303
 9145554
 9145806
 9145748
 9146018
 9146380
 9143943
 9144443
 9145431
 9145927
 9146013
 9146308
 9146371
 9143870
 9144131
 9144831
 9145009
 9143816
 9144954
 9145505
 9146084
 9145608
 9146462
 9143852
 9144485
 1357743
 9143696
 9145142
 9145750
 9146299
 9143749
 9143911
 1325154
 9127169
 1312739
 9125029
 9133094
 9139001
 9137464
 9138821
 9138036
 9137812
 9139554
 9125817
 9140989
 9141136
 9145760
 9116044
 9117998
 9119212
 9122172
 9121397
 9124724
 9128215
 9128421
 9128136
 9132281
 9131273
 9132228
 9134043
 1161698
 9138451
 9139707
 9139468
 9139900
 9142078
 9140939
 9144751
 1378668
 9145496
 9144966
 9145678
 9145125
 9145966
 1368376
 9145810
 9145756
 9123066
 9126529
 9128503
 9133017
 9135532
 9138744
 9139509
 9137576
 1378523
 9135859
 9139237
 1389485
 1389486
 9123093
 9121483
 9122547
 9126949
 9128173
 9131781
 9132900
 9132290
 9136356
 9134983
 9138220
 9140098
 9139223
 9138775
 9140941
 9142023
 9143530
 1322450
 9142727
 9142309
 9141292
 9143175
 9141846
 9141832
 9144755
 9145615
 9145622
 9145713
 9145747
 9146219
 1373965
 9145952
 9144645
 9144323
 1372568
 9144237
 9144817
 9144862
 9135860
 9137233
 9138227
 9141862
 9142258
 9140659
 1305142
 1359359
 9081885
 9135774
 9121519
 9132627
 9133397
 9134326
 9135671
 9138177
 9137369
 9142904
 9140884
 9141565
 9142577
 9142719
 9142743
 9143507
 9141411
 1359343
 1315982
 9145662
 9145668
 9146374
 9145755
 9145181
 9146146
 9143916
 1373986
 9143963
 9144840
 9145032
 9145686
 9146114
 9146240
 9146339
 9145996
 9146062
 9145380
 9115353
 9124316
 9124585
 9127642
 1378530
 9127319
 1390607
 9133024
 9142492
 9143514
 9145339
 9144560
 9144349
 9146242
 9143801
 9145245
 9144476
 9125341
 9140452
 9141536
 1390535
 9145789
 9143736
 9145241
 9145892
 1339099
 1010146
 1232063
 9144633
 9130895
 9134792
 9138338
 9143333
 9141244
 9141326
 9141815
 9146202
 9144492
 9145118
 9146349
 9127968
 9130797
 9134122
 9136836
 9136637
 9139485
 9140814
 9142184
 9141227
 9141922
 9140514
 9142525
 1359347
 9142855
 9141584
 1358340
 9128152
 9130574
 9130556
 9131136
 9131524
 9132951
 9136118
 9133917
 9136510
 9133862
 9139243
 9138194
 9139327
 9139164
 9140443
 9137828
 9141892
 9141028
 9141587
 9141248
 9142787
 9143760
 9145716
 9145194
 9145669
 9144316
 9146142
 9145808
 9145731
 9145882
 9143631
 9143634
 9144801
 1011659
 1011666
 1011667
 1324509
 9144077
 1372423
 9145393
 9145411
 9141176
 9144802
 9145783
 9145028
 9144793
 9145184
 9144456
 9145308
 9144481
 9090245
 9096047
 9115248
 9115560
 9116265
 1160851
 9119203
 9125333
 9124578
 9128573
 9129634
 9132012
 9131711
 9132018
 9132382
 9135894
 9134031
 1249994
 9139060
 9138495
 9139442
 9139780
 9139868
 9140021
 9139612
 9142962
 9142744
 9141938
 9143001
 9142327
 9142513
 1014354
 9141514
 1351123
 9145982
 9144923
 9146030
 9144280
 9144122
 9144163
 1378666
 1378676
 1368352
 9146256
 9146348
 1377801
 1377850
 9144273
 1232051
 9144195
 9144843
 1163502
 1326276
 9145889
 9124040
 9131899
 9135511
 1010134
 1196992
 9140915
 9143112
 9145444
 9144981
 9144944
 9145513
 9145656
 9144384
 1360011
 9146457
 9144333
 9144891
 9143960
 9144200
 9145420
 9146194
 9144892
 9144932
 1372425
 9145202
 9145948
 9128363
 1322432
 9134594
 9139049
 9140321
 1322446
 9143408
 9143428
 9143495
 1273008
 9141307
 9142661
 9143458
 9143484
 9144267
 9145894
 9146419
 9144156
 9146153
 9143812
 1357736
 9145251
 9110193
 9115273
 1332780
 9113986
 9113421
 9114980
 9122317
 9124823
 9129344
 9133530
 1359249
 9136366
 9138720
 9137174
 9140364
 9115580
 9120163
 9121507
 9128744
 9142814
 9146548
 9144506
 9146183
 9115331
 9118538
 1373279
 1305137
 9119296
 9121173
 1320034
 9125609
 1390602
 9127747
 9131251
 9132969
 9133975
 1351115
 9134726
 9134516
 1365944
 1308185
 1308186
 9137520
 9139113
 9140274
 9139358
 9140160
 9137798
 9139496
 9140056
 9137710
 9138161
 9138700
 9139881
 9142381
 9141628
 9142555
 9140953
 9142130
 9140747
 9140948
 9140625
 9145129
 9145326
 9144551
 9144352
 1357737
 9144226
 9144575
 9143789
 9144020
 9144457
 9144875
 9144964
 9142521
 9146275
 9146375
 9145690
 9143756
 9143759
 9144417
 9143773
 1209402
 1191969
 9140227
 9137711
 9141267
 9142026
 9142902
 9143225
 1377857
 1382865
 1382866
 1382867
 1382868
 1382869
 1382870
 9140900
 9141442
 1362966
 1372346
 9144592
 9146223
 9146246
 9144931
 9145173
 9145512
 9145543
 9146169
 9146173
 9146336
 9146430
 9146453
 1252098
 1252081
 1252080
 1372570
 9144896
 9144102
 9131979
 9132747
 9132003
 1324738
 9134937
 9137858
 9139384
 9139765
 9142734
 9140971
 9141205
 9141831
 9140608
 9142641
 9143101
 9141492
 1324853
 9141201
 1373991
 9111884
 9120197
 1202068
 9123766
 9124473
 9128880
 9136528
 1378654
 1372341
 1305130
 9145533
 9145166
 9145972
 9146136
 1378670
 9144010
 9144742
 9145753
 9124142
 9135309
 9138351
 9140200
 1103274
 1103273
 9139891
 1240477
 9138994
 9143008
 9143264
 9141138
 9142464
 9143496
 9141548
 1377842
 9142057
 9143434
 9146497
 9145311
 9146043
 9146442
 9146222
 9146337
 9146352
 9144093
 9145305
 9145239
 9144052
 9144523
 9146266
 9143755
 9145971
 9146221
 9146472
 9143998
 9144246
 9145570
 9146287
 9146033
 1377820
 9145671
 9146039
 9146253
 9146016
 9146035
 9145039
 9136367
 9136192
 9139532
 9143642
 9144865
 1351096
 9137318
 9144716
 9144531
 1373952
 9144505
 9144571
 1325151
 1325158
 9144543
 9145073
 1368368
 1368371
 9144514
 9146523
 9144362
 9144364
 1367205
 1367206
 1232862
 9144286
 1328239
 9144971
 1357750
 9144788
 1232893
 1372562
 9127850
 9142163
 9142116
 9142228
 9145708
 9145281
 9144918
 1377868
 9144462
 9145084
 9145881
 9144973
 1205212
 9105143
 9127754
 9130928
 1373330
 1373332
 9134588
 9136711
 9137024
 9138485
 9138150
 9140879
 9141739
 9142797
 9141877
 9141014
 9142853
 9141494
 9142616
 9141756
 9143165
 9141399
 9144613
 9144868
 9143720
 9143728
 9143989
 9144555
 9144346
 9145274
 9145592
 9146217
 9144360
 9145916
 9144988
 1373969
 1373973
 1373981
 1373984
 9144655
 1311604
 9144597
 9143904
 9143683
 9143956
 9144666
 9144785
 9146459
 9145223
 9146283
 9143722
 9144694
 9146011
 1014385
 9144187
 9145476
 1359514
 9144618
 9145087
 9145086
 1010138
 1232055
 9144890
 9145167
 9145634
 1202745
 9146195
 9135448
 9121619
 9124835
 9139076
 9140342
 1324974
 9141726
 9141762
 9141600
 9143231
 1358901
 9143255
 9141977
 9146443
 9146411
 9143821
 9143861
 9143976
 9144466
 9136237
 9132640
 9142128
 9142676
 9142684
 9143018
 9146486
 9145424
 9146413
 9146029
 1378056
 9144707
 9145126
 9144967
 9144977
 9080783
 1324457
 9107807
 9114468
 9120876
 9118251
 9127436
 1322425
 9131756
 9131773
 9134002
 9136856
 9136900
 9138229
 9137986
 9137272
 1377917
 9140374
 1202573
 1161689
 9143133
 9143302
 9141369
 1389904
 9142127
 9141266
 1243289
 1394035
 9137076
 9138367
 9140093
 9138443
 9139802
 9139403
 9139793
 9138714
 9141489
 9142360
 9143282
 9142263
 9142153
 9146383
 9145835
 9144844
 9146311
 9146429
 9146473
 9145714
 1010136
 1010141
 1010143
 9145105
 1232878
 9145485
 9143707
 9117600
 9115349
 9116342
 1341449
 9126575
 1373454
 1373460
 1373262
 1373280
 9129507
 9128768
 9129259
 9132526
 9131498
 9136341
 9135408
 1382854
 9139734
 9138684
 9138548
 9138674
 9138981
 1340007
 9141888
 9143545
 9143523
 9141611
 9142437
 9142045
 9141322
 9141043
 9142879
 9143291
 9142878
 1390627
 9141066
 1382873
 9142081
 9141813
 9142565
 1196994
 9142945
 9146228
 9146454
 1373956
 1373994
 9145472
 9146314
 9146279
 9144083
 9145231
 9143819
 9145868
 9144111
 1389468
 9136372
 1366717
 9118396
 9128946
 9135936
 9137774
 9138319
 9137285
 1379056
 9139350
 9140502
 9140592
 9141704
 9142304
 9140617
 9140795
 9140994
 9143222
 9142310
 9140618
 9141478
 1150202
 9141853
 9141882
 1390528
 9145820
 1332680
 1373972
 9145901
 9144293
 9144402
 9145523
 9145895
 1357739
 9145821
 9146517
 9143665
 9144139
 1010147
 9143912
 9144887
 9145363
 1372566
 1372567
 9115120
 9131667
 9136906
 9134640
 9134622
 9138041
 9140027
 9139880
 1191967
 9140367
 9139074
 9139176
 9139689
 9140376
 9138609
 9143465
 9142875
 9143451
 9143471
 9140644
 9141681
 9142496
 9141578
 9143418
 9145075
 9145710
 9145945
 9146118
 9145928
 9143854
 9146305
 9144919
 1324508
 9143973
 9126531
 9126715
 9131641
 9136546
 9136270
 9135911
 9138237
 1322435
 9137939
 9139526
 9140244
 9138533
 9140174
 9140318
 9139479
 9139667
 9140285
 9140363
 9140397
 9137728
 9142295
 9142636
 9142751
 9141902
 1378599
 9143276
 9142080
 9143055
 1390621
 9141738
 9141516
 9141709
 9141874
 9142707
 9143347
 9143390
 9141114
 9142954
 9143270
 9141107
 9141802
 9145284
 9144821
 9144917
 9145547
 9146157
 9146172
 9144428
 9143746
 1378669
 9145340
 9145074
 9145233
 9144756
 9144985
 1232891
 1232892
 9145459
 9102031
 9109777
 1252151
 0978972
 9117385
 9118068
 1378518
 9125283
 9133745
 9132427
 9131216
 9133594
 9131789
 9133180
 9134842
 9137003
 9136877
 9139825
 9138019
 9139249
 1378593
 9137583
 9140070
 9139458
 9138577
 9141558
 9142819
 9140978
 9143321
 1176211
 9141065
 9143269
 9143277
 9143371
 9143423
 1379063
 9141648
 1372342
 1372343
 9143706
 9143727
 9144748
 9144278
 9144283
 9145792
 9145803
 9145811
 9145825
 9146046
 9145210
 9145550
 9146252
 9146469
 9145775
 9145864
 9146422
 9144912
 1377819
 9145383
 9144544
 1232867
 9111154
 9114754
 9116115
 9116517
 9122656
 9135514
 9133903
 9124141
 9126564
 9127404
 9136687
 9134662
 9142915
 9143193
 9142671
 9141360
 9143019
 9143196
 9142461
 9141480
 9142415
 9145891
 1240483
 9146077
 1010140
 9118101
 9132615
 9131521
 9136091
 9141951
 9140606
 9145546
 9145960
 9145614
 9143953
 1359512
 1232053
 9143713
 9145863
 9124094
 9125658
 1189568
 9124910
 9125172
 9131890
 1253954
 9142668
 9145096
 9132683
 9136651
 9143504
 9141287
 9142426
 1378672
 9145977
 9117816
 9121865
 9121575
 9126686
 9129500
 1378526
 9132226
 9130640
 9137026
 9138477
 9139402
 9138050
 9140362
 9139354
 9139126
 9137314
 9137191
 9138691
 9143137
 9143549
 9143140
 9142820
 9142617
 1373136
 9140782
 9142680
 9142870
 9143234
 9143251
 9143351
 9143490
 9143499
 9143463
 1389484
 9143273
 9141554
 9141537
 9140776
 9141576
 9140803
 9143938
 9143880
 9144405
 9145382
 9144309
 9144951
 9145664
 9144451
 9145858
 9146075
 9146244
 9146464
 9146481
 9143906
 9146491
 9146492
 9146493
 1373983
 9144066
 9144244
 9144508
 9144206
 9144247
 9144437
 9145020
 9145154
 9145388
 9145908
 9146160
 9144154
 9144366
 9146226
 9146377
 9145024
 9146368
 9143643
 9145809
 9143735
 9144769
 1324506
 1232885
 9143690
 9143929
 9144026
 9144798
 9144915
 9143958
 9144826
 9144109
 9144117
 9122096
 9129244
 9129973
 9127515
 9135832
 9136971
 9136110
 9138902
 9138089
 9138538
 9138597
 9140607
 9143426
 9142075
 1326207
 9140838
 9144858
 9145582
 9146345
 9143744
 9118163
 9114939
 1240349
 1373469
 9141001
 9143882
 1240484
 1305147