16-8-2   
 9129753
 9133773
 9136841
 9136699
 9135471
 9137766
 9137173
 9140352
 9143218
 9141310
 9141964
 9142896
 9141549
 9143009
 9114415
 9119363
 9121528
 1324606
 9131964
 9135485
 9137291
 9139389
 9140263
 9141517
 9142339
 9143294
 9140516
 9142738
 9141811
 9124808
 9125540
 9136890
 9134834
 9134679
 9134740
 9138995
 9139717
 9140210
 9137893
 9137707
 9140191
 9138501
 9139631
 9137998
 9142517
 9143328
 9143343
 9143349
 9143421
 9143207
 9141571
 9141139
 9141332
 9141700
 9142312
 9140522
 9142958
 9143181
 1378598
 9140725
 9140726
 9143010
 1377860
 1315983
 1315993
 1364427
 9141460
 9140509
 9137140
 9114577
 9124287
 9128320
 1243286
 9123458
 9126965
 9125973
 9139373
 9142435
 9142709
 9142050
 1305125
 9140648
 1359504
 9142934
 9142165
 9137702
 9140270
 9140408
 1322392
 1291975
 9107737
 9108905
 9110194
 9111639
 9121090
 9128249
 9125889
 1358196
 1358337
 1358338
 1358183
 9130958
 9130810
 9137044
 1191832
 1360489
 1360490
 9142112
 9142984
 9141513
 9141543
 9141659
 9142643
 9140674
 9140675
 1253967
 9141980
 1377927
 9137483
 9110949
 9120524
 9118710
 9126551
 9126988
 9133375
 9133385
 9133691
 9135405
 9135361
 9135622
 9136926
 9134570
 1308183
 9111965
 1379273
 1379274
 9130341
 1253957
 9136481
 9135228
 9134308
 9134423
 9136568
 9136133
 9134352
 9134280
 9139718
 9139574
 9140350
 9137714
 9139137
 9139383
 9139954
 9139280
 1324993
 9137941
 9138581
 9142232
 9140569
 9141884
 9142064
 9142909
 1322451
 9143148
 9143144
 9143066
 9142729
 9143044
 9143449
 9141170
 1373129
 9143016
 9141155
 9142343
 9143482
 9141280
 9142097
 9143036
 9143215
 9143233
 9142537
 1240447
 9143480
 9142654
 9142949
 9142960
 9143427
 1377943
 9142844
 9142454
 9142716
 9143100
 9140661
 9140798
 9141629
 9142066
 9142107
 9140910
 9141879
 9141914
 1253965
 9142083
 9140806
 9140813
 9098602
 9132194
 9125941
 9129653
 9132994
 9132127
 9134769
 9134266
 9135359
 9140234
 9139571
 9137656
 9141353
 9142882
 9140892
 9140896
 9122324
 9132769
 9138051
 9140075
 9140076
 9137196
 1315029
 9116748
 9122914
 9131185
 9130793
 9131036
 9132217
 9133184
 9134427
 9136214
 9135460
 1359502
 9134048
 9135302
 9135685
 9139530
 1284399
 9139953
 9137260
 9138399
 9139304
 9139499
 9142567
 9141885
 9142001
 9142287
 9143048
 9140723
 9142060
 9142442
 9141518
 9141523
 9140891
 9127236
 9130075
 9127541
 9133800
 1209367
 9135033
 9141071
 1358910
 9121130
 1243261
 9124842
 9127828
 1315170
 9128389
 9132865
 1389360
 9134537
 9134650
 9135193
 9136680
 9136933
 9136940
 9136562
 9135392
 9135509
 9136863
 9134883
 9135004
 9135834
 9136007
 9134365
 9134152
 9137588
 9138232
 9138094
 9139127
 9139671
 9138447
 1373056
 1373064
 9139916
 9139061
 9137990
 9139299
 9138333
 9137485
 9139938
 9140168
 9139639
 1324740
 9138219
 9137666
 1390329
 9138740
 9137881
 9141191
 9142938
 9142010
 9142917
 9141562
 9141909
 9143457
 9141007
 9133692
 9130841
 1191964
 9136981
 9138977
 9138561
 9127674
 1240473
 1240474
 9139844
 9140489
 9127742
 9129415
 9128460
 9129208
 1339894
 9116513
 1249976
 9127064
 9128540
 9129366
 9136493
 9136786
 1249990
 9138049
 9139920
 9140052
 9140335
 9138946
 9137266
 9138522
 9142841
 9142933
 9143065
 9142725
 9143205
 9143224
 9142189
 9142929
 9141808
 9143287
 9142186
 9122488
 9122342
 9128499
 9132116
 9138401
 9139064
 9138029
 9141632
 9143068
 9141264
 9143125
 9143164
 9143385
 9143454
 9142694
 9142457
 9126087
 1351105
 9133398
 1366611
 9139635
 9140184
 9138758
 9138413
 9140495
 9142772
 9142626
 9143007
 9143002
 9140995
 9141858
 9142465
 9143202
 1378655
 1378658
 1378660
 9143123
 9140742
 1014355
 1305132
 9140846
 9143274
 9141771
 9140899
 9137823
 9125500
 9132223
 9131819
 9132883
 9140181
 9138605
 9140353
 1378587
 9141541
 9141805
 9141441
 9125551
 9128403
 9128960
 9135406
 9139683
 9140186
 9137614
 9139601
 9138690
 9139409
 9140176
 9140417
 9138022
 9138265
 9139449
 9141020
 9143532
 9142167
 9141950
 9141241
 9142583
 9140686
 9142664
 9143145
 9141453
 9140952
 1146321
 9140809
 9140849
 9110164
 9112223
 9112146
 9130648
 9135767
 9134436
 9138449
 1339695
 9138885
 9138553
 9139842
 9141780
 9141875
 9141985
 9141100
 9142289
 1378652
 9141238
 1305129
 9140473
 9140474
 9141552
 9141580
 9142007
 9142632
 9140765
 9141258
 9141664
 9143262
 9143064
 9142942
 1359430
 9107596
 9107668
 9139723
 9142588
 9140840
 9142586
 1377854
 9113525
 1160538
 9123581
 1160887
 9122200
 9126392
 9124971
 1378517
 1377275
 9127892
 1377048
 9134975
 9136415
 9136461
 9134258
 9139540
 9139841
 9139236
 9137861
 1377911
 1324965
 9139248
 1362319
 9138835
 9142006
 9140730
 9142219
 9129393
 9127640
 9127937
 9129121
 9130686
 9130993
 9133351
 1372519
 1372408
 9140112
 9138130
 9140246
 9137935
 9143624
 9143625
 9141710
 9141971
 9141454
 1378662
 9142472
 9142508
 9141169
 9141246
 9142028
 9143108
 9142218
 9142332
 9142335
 9141118
 9141123
 9141092
 9141366
 9141547
 1390529
 1372372
 9141253
 9118210
 1351065
 9129587
 9131649
 1324716
 9134037
 9134062
 9133966
 9138761
 9137477
 9139005
 9138797
 1326206
 1332677
 9141315
 9143424
 9140744
 1240448
 9141103
 9143399
 9140888
 9143476
 9142589
 9140842
 9112477
 1252002
 9137110
 9139309
 9142195
 9141889
 9142346
 9133476
 9132944
 9135311
 9134131
 9134245
 9134390
 9136536
 9137311
 9138803
 9138844
 9139394
 9139937
 9140404
 9141787
 9142731
 9143257
 9104389
 1341414
 9119795
 1373352
 9122214
 9126132
 9124386
 9129815
 1373255
 1373384
 9128329
 1373478
 1373492
 9131008
 1328231
 9134571
 9134612
 1373315
 9135619
 9135063
 1308188
 9136235
 9137194
 1373052
 9138573
 9139220
 9140223
 9139902
 9140197
 1377933
 9139904
 9139417
 9137604
 9138840
 9139712
 9138979
 9139992
 9141834
 9142850
 9141619
 9142741
 1373123
 1373144
 9142824
 9141555
 9142956
 1390614
 9141997
 9142166
 9140724
 9142044
 1373106
 9142965
 1315030
 9141881
 9110404
 1291987
 9116875
 9119984
 9124190
 9126917
 9126952
 9125781
 1202740
 9131972
 9132622
 9132364
 1324720
 1308187
 1308190
 1293266
 9134024
 9137415
 9138859
 9137779
 9140268
 9139200
 9140136
 9140199
 9140370
 9140400
 9140411
 9139786
 9140242
 9138146
 9138773
 9137434
 1390335
 9139222
 9138552
 9138616
 9141472
 9141604
 9141822
 9141343
 9141794
 9142479
 9143412
 9143441
 9143517
 9141851
 9142712
 9142270
 9143345
 9142788
 9140581
 9141188
 9141477
 9142649
 1326213
 9129652
 9127712
 9133104
 9134763
 9135530
 9134158
 9140391
 9139676
 9139602
 9139713
 9138955
 1379057
 9138424
 9137993
 9140573
 9140636
 9143401
 9140769
 9141679
 9141894
 9142633
 9141761
 9143245
 9143477
 9143506
 9140973
 9142845
 9140711
 9142593
 9141986
 1326212
 9140938
 9141993
 9114734
 9117808
 9137112
 9134779
 1379058
 9139618
 9137682
 9140490
 9143220
 9143081
 9142140
 1378572
 9135218
 9139710
 9138417
 9139371
 9140990
 9141485
 9141570
 1273006
 9142928
 9141644
 9142178
 9142499
 9142651
 9143204
 9143430
 1390610
 9142090
 9142475
 1332659
 1332666
 9139159
 9138128
 9142443
 9140736
 9141459
 9125777
 9129732
 9132135
 9133604
 9135853
 9136284
 9136969
 9135498
 9140323
 9140328
 9137186
 9138275
 9140266
 9139353
 9139997
 9138733
 1240479
 9139210
 9138789
 9138698
 9139627
 1324972
 1232853
 9138534
 9142887
 9142834
 9142579
 9141538
 9141698
 9142905
 9142920
 9143307
 9141004
 9141975
 9142256
 1373122
 9140629
 9142132
 9142297
 9142117
 9141236
 9140512
 9143344
 9143502
 9143503
 9143508
 1358912
 9141481
 9142869
 9142164
 9142722
 1377856
 9142833
 9143166
 9140902
 9141621
 9143192
 9143396
 9142106
 9141405
 9141412
 9141174
 9125989
 9125659
 9126804
 9133985
 9139521
 9137379
 9114790
 9124742
 1372324
 9139017
 9141197
 9143104
 9141750
 9140987
 9143206
 9142514
 9142750
 9140758
 9140762
 9140820
 9141907
 1372345
 1372339
 9115006
 1339699
 9138014
 9142187
 9141466
 9142460
 9142599
 9140595
 9142223
 9142433
 9142319
 9141934
 9132070
 9137484
 1377862
 9141579
 9141588
 9142373
 9141461
 9141474
 9120484
 9120862
 9122947
 9130579
 9128143
 9136123
 9135999
 9139204
 9138717
 9138869
 1239869
 9139610
 9137776
 9139031
 9140087
 9139379
 9137144
 1312387
 1324749
 1394069
 9142029
 9142092
 9141385
 9141500
 9142314
 9142594
 9142677
 9143060
 9143151
 9143436
 9143475
 9142217
 1373128
 1373137
 1373147
 9140630
 9140882
 9140983
 9141190
 9142115
 9141336
 9140805
 9142782
 9142946
 9143032
 9140972
 9142441
 9143540
 9141496
 9143041
 9143241
 9142761
 9143437
 9141237
 9142692
 9142742
 9141601
 9141908
 9142483
 1377861
 9140651
 1315997
 9140789
 9141383
 9141883
 1364421
 9141786
 9141095
 9120196
 9129822
 9130183
 9136440
 9140291
 9138083
 9138373
 9140038
 9141089
 9143497
 9142484
 9143364
 9143300
 9103298
 9130767
 9134610
 9137623
 9137634
 9124240
 9122870
 1324737
 9134725
 9133865
 9134339
 9133904
 9133906
 0959142
 1372411
 9138532
 9137741
 9138241
 9138445
 1389480
 9137152
 1394072
 9143627
 9143498
 9143054
 9141740
 9141196
 9142672
 9141032
 9140945
 1372333
 9136035
 9139593
 9139604
 1378588
 9140275
 9141609
 9127522
 9131703
 9132788
 9134466
 9136003
 1308199
 9137427
 9137565
 9138073
 9139185
 9139716
 9138166
 9142285
 9143376
 1378656
 1378663
 9142502
 9142881
 9143422
 1364418
 9142635
 9132533
 9136963
 9135491
 9135501
 9134869
 9139469
 9139481
 9140358
 9139625
 9140019
 9140622
 1332675
 9141566
 9143432
 9142596
 1373108
 1373120
 1373131
 9142011
 9140810
 9141285
 1150203
 9141493
 9141062
 9141276
 9140924
 9140930
 9105804
 1304575
 9110197
 9118739
 9127789
 9127791
 9133660
 9131619
 9135089
 1378578
 9137219
 9140109
 9138165
 9138256
 9142068
 9143067
 9140831
 1373118
 1373142
 1373143
 9142024
 9143272
 9142645
 9141595
 9142008
 9142535
 9141471
 1372329
 9123345
 9124463
 1360408
 9130585
 9129673
 9133741
 9133743
 9130890
 9133620
 9131413
 9131419
 9130953
 1358778
 9133266
 9132437
 9134626
 9136670
 9135995
 9137016
 9135273
 1332658
 9139069
 9139082
 9140303
 9137338
 1324996
 9143535
 9143380
 9110708
 9120891
 9123734
 9124612
 9131768
 9132441
 9133487
 9131234
 1378547
 9135587
 9136199
 9135967
 9139662
 1378585
 1378589
 9137917
 9138410
 9138662
 9139884
 9113987
 9115886
 9132159
 9132909
 9137177
 9140267
 9138378
 9138257
 9138664
 9140041
 9139985
 9139182
 1339692
 9143518
 9142746
 9140624
 9141298
 9141741
 9140524
 9141038
 9132584
 9139986
 9121547
 1332429
 9126338
 9132664
 9132277
 9134196
 9135612
 9136370
 9133912
 9138088
 9138100
 9140368
 9139969
 9140046
 9138418
 9138544
 9142862
 1209203
 9143254
 9141204
 9141208
 9141075
 9142477
 9127286
 9129711
 9130865
 1366628
 9134145
 9135958
 9133982
 1315191
 9136822
 9136907
 9135188
 9140069
 9139796
 9139788
 1315976
 9142474
 9140521
 1389912
 9143296
 9140600
 9142027
 1359356
 9111828
 9125877
 9128358
 9127484
 9129719
 9133430
 9133414
 9132805
 9130601
 9133195
 9135192
 9137064
 1252003
 9134688
 0977130
 9135246
 1249833
 1339893
 9138055
 9139948
 9140329
 9138004
 9137985
 9137231
 9137855
 9138542
 9139847
 9137241
 9139441
 1377913
 9137672
 9139492
 9137525
 1324998
 9138847
 9138372
 9143626
 9142293
 9142889
 9143334
 9143534
 9141278
 9141457
 9141177
 9141603
 9142534
 9142608
 9142717
 9142932
 9143238
 9143248
 9141428
 9141705
 9141751
 9141770
 1373115
 9141801
 1273005
 9141540
 9141706
 9142210
 9142545
 9143456
 9143413
 9143489
 1378600
 9142699
 9142669
 9141072
 9142728
 9143027
 9143229
 1359349
 9141159
 9140886
 1364422
 9140717
 9141486
 9141688
 9142575
 9141638
 9141203
 9141483
 9142370
 9142438
 9126493
 9134617
 9138988
 9137359
 9139974
 9140406
 9140026
 9140031
 9138134
 9141673
 9113749
 1378508
 9132490
 9134130
 9134324
 1252022
 9143169
 9122220
 9130583
 9140458

