16-8-3  
 9117047
 9140113
 9142298
 9146296
 9146420
 9146424
 9144947
 9147759
 9148836
 9147617
 9148679
 9149054
 1378687
 9149415
 9141777
 9146355
 9145249
 9144371
 9148929
 9149749
 1389427
 1358873
 9141015
 9145653
 9146289
 9145676
 1273017
 9145860
 9144827
 1351139
 9149891
 9149020
 9149938
 9149692
 9147984
 9148607
 9149803
 9149857
 9149911
 9149925
 9147207
 9149853
 9148901
 9149065
 1377835
 1377848
 9149581
 9149897
 9146628
 9146914
 9148483
 9138439
 9141058
 9146897
 9148011
 9125512
 9124288
 9124559
 9136526
 9140632
 9141443
 9132879
 9144564
 1351133
 9149050
 9149276
 9146575
 9146577
 9146596
 9147045
 9148141
 9148851
 9145066
 9144770
 9081237
 9110330
 9121652
 9124273
 9132817
 9138142
 9143769
 9143684
 9144059
 1240489
 1339097
 9148798
 9147420
 9146619
 9147377
 1160343
 9144124
 9131144
 1160333
 1160336
 9139853
 9139622
 9138815
 9135823
 9134819
 9143446
 9142888
 9145646
 9144348
 9144412
 9146447
 9145848
 9143983
 9145867
 9143851
 9144850
 1377823
 1324504
 1324505
 9146113
 9145023
 9149997
 9148276
 9148689
 9146795
 9148540
 9147530
 9147881
 9148237
 9148504
 9149777
 9148847
 9149820
 9146713
 1284265
 9147922
 9147254
 9148967
 9149875
 9148190
 9148875
 9147482
 9148831
 9148672
 9148898
 1377773
 1359524
 9148532
 9149410
 9149910
 9147163
 9147177
 9135849
 9131622
 9138352
 1377929
 9142860
 1382872
 1390536
 9145722
 9146139
 9144634
 1358890
 9144846
 9147668
 9149783
 9147015
 9149699
 9147955
 1315904
 9150025
 1390518
 1311581
 1252077
 9146138
 9129664
 1308192
 9138663
 9139698
 9142171
 9145465
 1284257
 9148221
 9149595
 9149513
 9148050
 9148535
 9148041
 9123910
 9136754
 9145203
 9149625
 9113318
 9121732
 9127727
 9130103
 9131043
 9135942
 9135558
 9135762
 9142365
 9141087
 9145473
 9143701
 9145639
 9143702
 9149688
 9149811
 9148420
 9146723
 9149364
 9147027
 9133688
 9145717
 9145956
 9142974
 9146553
 9149528
 9148153
 9148509
 9149198
 9149830
 9149852
 9148380
 9148253
 9146670
 9146752
 9147319
 9148086
 9147904
 9149497
 9145403
 9119356
 9135934
 9137414
 9142977
 9141676
 9143116
 9144962
 9146191
 1378675
 9149018
 9148467
 9148647
 9147704
 9149097
 9147615
 9148442
 9148665
 9147223
 9118888
 9122905
 9124382
 9129162
 0976374
 1358481
 9133758
 9137118
 9136223
 1161693
 9138385
 9141097
 9146003
 9145121
 9144804
 9146977
 9148959
 1322472
 1322473
 9148981
 9147695
 1272752
 9147037
 9147747
 9149871
 1294200
 9147426
 9146683
 9147444
 9146901
 9147018
 9148638
 9149514
 1390504
 9146965
 9133121
 9140338
 9144328
 9146196
 9144720
 9147817
 9149218
 9148915
 9149397
 9141254
 9142562
 9143135
 9140718
 9143962
 9145133
 9145680
 9144897
 9145903
 9145990
 9146333
 9143947
 9146078
 9143670
 9143980
 9146330
 9147860
 9149562
 9149733
 9147699
 9148780
 1272757
 1272758
 9148025
 9149927
 1358115
 9146711
 9149683
 9148700
 1114059
 9125049
 9128369
 9135282
 9139294
 9137372
 9142906
 9140808
 9141992
 9142070
 9142086
 9144210
 9143629
 9145211
 9145534
 9147125
 9147170
 9148555
 1284262
 9149710
 9147160
 9147164
 9146679
 9149919
 9149924
 9147662
 9146954
 9148587
 9149407
 9148005
 9148147
 1377752
 9147094
 9148325
 9148181
 9119584
 9128346
 1293260
 9144885
 9143979
 9146290
 9147004
 9148582
 9148980
 1378683
 1378684
 9149387
 9147434
 9146772
 9148223
 9148469
 9147106
 9149010
 9147152
 9147819
 9034230
 9088799
 1381837
 9138363
 9138659
 9141999
 9144529
 9146190
 9146237
 9145152
 9144240
 9147133
 9148687
 9148753
 9147481
 9147088
 9146790
 9148588
 1358108
 9147763
 1176215
 9146747
 9146748
 9149700
 1389856
 9147100
 9147606
 9148961
 9149035
 9147816
 9148768
 9148995
 9149294
 9149413
 9147211
 9148773
 9148009
 9148651
 9148771
 9147102
 9149233
 9148866
 9138543
 9142356
 1304586
 9140799
 9144739
 1273010
 1284256
 9143843
 1360497
 9147902
 9146964
 9146658
 9146689
 9146693
 9146916
 9146647
 9147536
 9148077
 9149283
 9148940
 9148625
 9144641
 9145834
 9149521
 9148986
 9149913
 9149970
 9123493
 9122924
 9134659
 9134416
 1366647
 9139375
 9139843
 9140345
 1324976
 1014356
 9141804
 9142204
 9142828
 9141117
 9142357
 9142206
 9145658
 1351132
 9145120
 9146444
 9145730
 1373987
 1373989
 1373990
 9143715
 1311605
 9143743
 9145711
 9144945
 9144522
 9143771
 9143775
 9144419
 9146231
 9146338
 1209415
 9148456
 9147305
 9149003
 1359522
 9146777
 9147423
 9147729
 9149590
 9148366
 9148339
 1325011
 9145859
 9147718
 9148233
 9147261
 9149317
 9147716
 9149034
 9147920
 9107470
 9122635
 9126205
 9131565
 9132677
 9133060
 1373307
 9135751
 9138530
 9140025
 9138535
 9138070
 9140756
 9142317
 9141356
 9144908
 9146044
 9144542
 9145412
 9145675
 9146328
 9146074
 1188004
 9145272
 9145345
 9145294
 9145336
 9144241
 9149893
 9147684
 9148566
 9148813
 9148829
 9148837
 9148871
 9149717
 9149794
 9147148
 9148738
 9148877
 9149022
 9146802
 9148093
 9146836
 9148260
 9121511
 9139349
 9137971
 9141745
 9143977
 9145415
 1373958
 1373964
 9145037
 9146326
 9143901
 9144432
 9144294
 9145699
 9145574
 1378058
 9144302
 1377826
 9149888
 9147296
 9148405
 9149048
 9148288
 9149809
 9149923
 9147611
 1378678
 9149358
 9149599
 1315046
 9146712
 9148142
 9148725
 9148714
 9148235
 9148428
 9147281
 9042950
 9118461
 9123892
 9137417
 9143271
 9143542
 9141532
 1372561
 9146681
 9148286
 9126004
 1146347
 9141447
 9145930
 9145920
 9147293
 9149901
 9147789
 9149621
 9147867
 9147363
 1315125
 9130615
 1324736
 9135198
 9134648
 9139543
 9141291
 9143024
 1376001
 9142653
 1373119
 9143021
 9142199
 9141948
 9144099
 9145365
 9145500
 9146181
 9146381
 9144291
 9144086
 9144620
 9145922
 9143932
 9145114
 9143992
 9150038
 9149463
 9149470
 9149714
 9149971
 9147524
 9148192
 9149547
 9149623
 9149732
 9149914
 9147115
 9149903
 9147249
 9147323
 9149326
 9149571
 9146617
 9147992
 9148917
 9149631
 9149806
 9148368
 9148620
 9149808
 9149823
 9149842
 9146673
 9148105
 9149095
 1357810
 9148203
 9149132
 1377754
 9146710
 9147039
 9148953
 9149090
 9148152
 9149501
 9146642
 9147508
 9149597
 1372580
 9147742
 9131487
 9142587
 9147586
 9148955
 9148000
 9148703
 9148055
 9148063
 9149596
 9147505
 9149213
 9148123
 9148653
 9147064
 9150022
 9147679
 9148782
 9149580
 9147364
 9149007
 1381772
 9144541
 1240485
 1328241
 9147968
 9146608
 9148293
 9127355
 9134451
 9147216
 9148677
 9146756
 9146758
 1376685
 9147924
 9149004
 9147135
 9119862
 9129487
 9127537
 9127579
 9131991
 9133009
 9131567
 9134921
 9135661
 9134267
 9134635
 9139050
 9137713
 9140129
 9138059
 9138067
 9137692
 9139544
 9139555
 9138037
 9142150
 9142035
 9140533
 9142220
 9140623
 9141215
 9142013
 9140620
 9141426
 9133675
 1340004
 9142176
 9142354
 9141753
 1359348
 9144335
 9145706
 9145530
 9144401
 9144583
 1325157
 9146384
 9144681
 9147656
 9148896
 9149057
 9146786
 9149653
 9147857
 9148211
 9148758
 9148106
 9148808
 9146724
 1239099
 9147114
 9147553
 9149040
 1273024
 9147597
 9149780
 9149835
 9147804
 9148435
 9146955
 9146746
 9149691
 9149703
 1389492
 1389496
 9146957
 9148473
 1377845
 9148037
 9146640
 9147144
 9147359
 1364437
 9147120
 9147771
 9148597
 9146825
 9147283
 9148466
 9146778
 9134264
 9136309
 9138672
 1163998
 9141491
 1390527
 9145704
 9145799
 9146433
 1232064
 9147250
 9146797
 9147162
 9149105
 9148859
 9149070
 1390511
 9148749
 9141784
 9141082
 9145102
 9145437
 9146232
 9149865
 1393568
 9146649
 9146781
 9146788
 9147916
 9125700
 1372475
 1362329
 9139516
 9143395
 9140650
 9142212
 9141746
 1351134
 9146189
 9146304
 1232894
 9145616
 9144489
 9110579
 9132407
 9142440
 9146554
 9146435
 9146431
 9143931
 1010142
 9148349
 9147439
 9148490
 9149773
 9149837
 9148369
 9149550
 9148812
 9149381
 9149658
 9148261
 9148486
 9149422
 1372544
 9111084
 9115830
 9117036
 9129684
 9128361
 9131106
 9131691
 9130641
 9134033
 9134539
 1351108
 9137039
 9136230
 9136937
 1377983
 9134185
 9136453
 9137290
 9137844
 9140205
 9138409
 9139628
 9138125
 9138387
 9138670
 9141984
 9141708
 9142145
 9141843
 9145595
 9145958
 1357749
 9145362
 1232052
 9145698
 9145344
 9149995
 9149661
 9149737
 9148422
 9147879
 1377843
 9147265
 9149362
 9147093
 9147331
 9109984
 9137515
 9138274
 9141529
 9141422
 1364419
 9145329
 9144375
 9144689
 1011660
 1011661
 9143767
 9147190
 9148114
 9149237
 9146880
 9149495
 9148965
 9148606
 9147883
 9149414
 9149689
 9147993
 9148766
 9149466
 9146678
 9148170
 9149136
 9147635
 9147042
 9148110
 9147975
 1372569
 1372571
 1366617
 9133549
 9141684
 9141718
 9141736
 1351126
 9145072
 9145624
 9145633
 1325162
 9144376
 9145621
 9144515
 9147664
 9147887
 9149533
 9149721
 9149723
 9149828
 9146592
 1378689
 1014391
 9148878
 9137658
 9142396
 9144925
 9145866
 9145802
 9145357
 1232056
 1351137
 9147234
 9147169
 9147287
 9146899
 9146646
 9147195
 9149033
 9147038
 9147625
 9114231
 9120380
 9118953
 9125784
 9126409
 9130218
 9132903
 9135335
 9135344
 9134234
 9135109
 9133884
 9140123
 9142585
 9141172
 9142168
 9142322
 9140947
 1328234
 9143705
 9146152
 9145610
 9146325
 9143817
 9145217
 1014383
 9145618
 9146294
 9145002
 9146178
 9121953
 1324986
 9143791
 9145743
 9145503
 9146209
 1232864
 9144713
 9147921
 9149860
 9149868
 9149917
 9149335
 9149083
 9148155
 9148941
 1324729
 9141959
 9144082
 9148274
 9149810
 9148623
 1315935
 9149639
 9149684
 9147838
 9148102
 1252104
 1236893
 9122023
 1252070
 9130990
 9133156
 9135400
 9134669
 9134908
 1378558
 1373069
 9140011
 1378583
 9139333
 9142041
 9141973
 9143466
 9143361
 9140862
 1390533
 1390537
 9143903
 9145544
 9145875
 9146110
 9146341
 9144779
 9145410
 9146987
 9148121
 9146709
 9146931
 9149840
 9149782
 9148020
 9147790
 9149133
 9149662
 9149843
 9149140
 9149341
 9147229
 9147246
 9147431
 9148032
 9149785
 1272759
 9146593
 9146595
 9146691
 9146760
 9147153
 9147455
 9147971
 9147983
 9148033
 9148977
 9149834
 9149838
 9149949
 9146597
 1358114
 9147906
 1014399
 9147569
 9148076
 9147330
 9149395
 9149594
 9147781
 9148097
 9146952
 9148553
 9148691
 9148889
 1390517
 1390507
 9149763
 9147302
 9135699
 9139258
 9140014
 9142495
 9142573
 9142854
 9142856
 9142897
 9142544
 9141070
 9146258
 9144164
 9145453
 9145516
 9145524
 9145556
 9145896
 9144351
 9146590
 9115539
 9118627
 9124799
 9128703
 9128830
 9133907
 9138882
 9143835
 9143657
 9144350
 9144737
 9146600
 9147541
 9148039
 9148612
 9148740
 9147055
 9150027
 9146634
 9125873