16-8-4
 9144599
 1339093
 9146211
 9144582
 9144612
 9145904
 9148131
 9149072
 9147603
 9149576
 9147238
 9149948
 9147395
 9152490
 9151007
 9152456
 9150519
 9150589
 9152020
 9152057
 9152130
 9152419
 1378606
 9150805
 9150509
 9150512
 1324607
 9141983
 9142275
 9141966
 9148238
 9148161
 9149851
 9149704
 9148683
 9152072
 9152147
 9151761
 9151911
 9115340
 9129889
 9139882
 9140895
 9145696
 9147463
 9148031
 9148756
 9147458
 9148637
 9149886
 1378681
 9149308
 9148016
 9148699
 9147748
 1390513
 9150395
 9152418
 9152471
 9152504
 9151300
 1323120
 9151570
 9150628
 9151529
 9150264
 9150270
 9151979
 9152454
 9150664
 9150149
 9150354
 9150534
 9151797
 9152160
 1377794
 1377795
 1377719
 9150178
 9151922
 0647209
 0647214
 9137201
 9139152
 1322460
 9140523
 1273018
 9144521
 9146382
 9143991
 9145905
 9129202
 9129119
 9142815
 9148280
 9148196
 9152567
 9150331
 9151302
 1394115
 9151463
 9132927
 1358080
 9151212
 9151220
 9150427
 9151101
 9150911
 9151425
 9052448
 9094880
 9130300
 9129405
 9132513
 9139155
 9142351
 9142693
 9142690
 9140944
 9140857
 1351131
 9146000
 9145619
 9146432
 1305148
 9144288
 9144114
 9148447
 9146882
 9149267
 9149786
 9147805
 9146890
 9147930
 9150079
 9152289
 9150204
 9152232
 9150090
 9151259
 9152273
 9151407
 1373834
 1373840
 9151635
 9150136
 9152407
 9150723
 9150726
 9151549
 9150514
 9150303
 9150304
 9151810
 9151153
 9151628
 9150313
 9150410
 9150873
 9151174
 9150659
 9144310
 9148698
 9142678
 9142574
 9141078
 1357747
 9149895
 9148815
 1315851
 9113591
 9116889
 9120888
 9126898
 9127510
 9131828
 9136037
 9139706
 9138404
 9138419
 9140951
 9142802
 9140821
 9145994
 9146166
 1232896
 9147096
 9148232
 9147685
 9147815
 9148531
 9152462
 9152476
 9150909
 9150522
 9151499
 1368717
 9150874
 9151614
 9143872
 9145071
 9138880
 9141626
 9146061
 9149912
 9152249
 9152334
 9151489
 9146868
 1372415
 9151103
 9131141
 9132210
 9135077
 1377992
 9138025
 9138214
 9139634
 1305122
 9143201
 9140841
 9145733
 1359515
 1390342
 9145758
 9148755
 9147047
 9148350
 9148243
 1377847
 9148646
 9149675
 9147497
 9149264
 9148966
 9147205
 9150409
 9152248
 9152321
 9150843
 9151772
 9152204
 9152002
 9150646
 9151216
 9139909
 9145955
 1390343
 1389852
 9148648
 9138119
 9138133
 9142424
 1372416
 9147964
 9147756
 9130561
 9136770
 9140062
 1359352
 9138308
 9142329
 9140605
 9145762
 9144548
 1232879
 9145701
 9149351
 9149730
 9149873
 9149882
 9146876
 9149334
 9147974
 9151709
 9151434
 9151368
 9152406
 9151039
 9151055
 9151392
 9151503
 9150256
 9150714
 9144926
 9114100
 9140494
 9140496
 9140510
 9140511
 9140652
 9140812
 9144345
 9148662
 9147328
 9147683
 9151080
 9152315
 9152272
 9139141
 9146025
 9149725
 9149522
 9147859
 9150018
 9148305
 9150371
 9150375
 9152360
 1378698
 9151464
 9152062
 9151623
 9150074
 9150724
 9150728
 9151651
 9151457
 9150818
 9143975
 9150442
 9152499
 9151108
 9123490
 9125090
 1337020
 1297946
 9133341
 9139936
 9141897
 9140835
 9144824
 9145623
 9145853
 9144212
 9143802
 9146438
 1252031
 9145997
 9145801
 9143928
 9145681
 9146395
 9149696
 9148626
 1297304
 9147414
 9147072
 9146949
 9148799
 9122608
 9125328
 9135369
 9135597
 9140290
 9143278
 9142775
 9146387
 9148212
 9148834
 9148688
 9149172
 9148737
 9147222
 9149918
 9149094
 1351152
 9151413
 1323144
 9150446
 9152025
 9151449
 9151243
 9152161
 1368744
 1368740
 9150276
 9150896
 9150718
 1344973
 1359519
 9147527
 1326224
 9150796
 9150804
 9150321
 9142392
 1358918
 9141561
 9144871
 9146981
 9149585
 9147520
 9147829
 9148549
 9150389
 9152349
 9150071
 9151435
 9135630
 1161681
 9139696
 1293268
 9142757
 9141501
 9141027
 9147206
 9147128
 9149439
 9147682
 9149862
 9147636
 9147782
 9147449
 9147834
 9147989
 9150814
 9151418
 9150603
 9151267
 1252033
 9151050
 9151043
 9150278
 9151913
 9150913
 9151079
 9151161
 9151306
 1293269
 9151838
 1344964
 9150415
 1372527
 9150471
 9151453
 9151515
 9150393
 9098002
 9117000
 9120784
 9121581
 9133733
 9135304
 1161672
 9141949
 9143369
 9144003
 9143881
 9143955
 9144096
 9149797
 9147327
 9149824
 9149900
 9152269
 9152536
 9150408
 9150853
 9151028
 9152557
 9152558
 9152563
 1378604
 9150989
 9151858
 9150268
 9150099
 9151292
 9151799
 1239905
 9094348
 9095893
 9096576
 9102682
 1332817
 9109431
 9111118
 1358213
 1249970
 1323114
 9139286
 9145940
 9145080
 1232861
 1328244
 1372417
 9149421
 9149346
 9148933
 9148844
 9151520
 9145236
 9133818
 9134248
 9138760
 9149812
 9149864
 9151254
 9150506
 9117921
 1357773
 1390554
 9127528
 9128535
 9130859
 1146450
 9134067
 9137734
 9139701
 9142110
 1240449
 9144482
 9147701
 9148240
 9148613
 9148344
 9149023
 1014389
 9148185
 9148794
 9149424
 9147507
 9149269
 9149620
 9146771
 9148389
 9151002
 9150770
 1373842
 9151673
 9150890
 1379067
 9150524
 9150466
 1344958
 9083168
 9116717
 9148838
 9151800
 9150552
 1304602
 9150891
 9072738
 1372159
 9123639
 1366648
 9137056
 9138607
 9140356
 9137552
 9137274
 9140499
 9141469
 9140752
 1372328
 9145038
 9146302
 9144228
 9145328
 1390341
 9147622
 9148845
 9149892
 1332683
 9148803
 9149523
 9148789
 1326225
 9151155
 9150988
 9151924
 9152040
 9150849
 9150856
 9150991
 9151223
 9152399
 9152489
 9152519
 9152521
 9152524
 9151126
 9150292
 9151812
 1326116
 0647202
 1360406
 1114053
 1114056
 1114058
 1394049
 9135560
 1014364
 1308194
 9143856
 9144886
 9144881
 9145471
 9145271
 9149758
 9147705
 9147322
 9149854
 1176214
 9148046
 9148708
 9149984
 9152568
 9152126
 9150383
 9152322
 9152424
 9152513
 9150976
 9151992
 9151021
 9150820
 9150836
 9151778
 9151841
 9150965
 9152096
 9152225
 9152312
 1378697
 1377798
 9151965
 9150566
 9151995
 9102054
 9107095
 9107515
 9123726
 9127843
 9135910
 9138126
 9138383
 9141108
 9141323
 9141524
 9145660
 9145492
 1372564
 9149944
 9147255
 9146904
 9133569
 9134856
 9149569
 9149709
 9149061
 9148990
 9150274
 9151191
 9152389
 9152328
 9151274
 9152222
 9151329
 9152180
 9152327
 9150583
 1344975
 9151389
 1273019
 9144537
 9144218
 9144197
 9144719
 9145663
 9147544
 9147651
 9147233
 9146888
 9146988
 9150413
 9123156
 9125460
 9125769
 9128375
 9130966
 9134520
 9140334
 9138600
 9141372
 9143280
 9145768
 9144014
 9144381
 9146446
 9145151
 1240486
 9146400
 9145255
 9144708
 9148996
 9149378
 9149080
 9147320
 9146889
 9149624
 9146872
 9148821
 9147130
 9148224
 9149187
 9148252
 9148969
 9148042
 9151257
 9150219
 9152230
 9152250
 9152313
 9151289
 9151748
 9151871
 9152023
 9152281
 9152377
 1373810
 9151199
 9151419
 9150828
 9151802
 9150158
 9152561
 9151493
 9152140
 9152446
 1378696
 9152060
 9152005
 9152340
 9151540
 9150130
 9150851
 9151166
 9136307
 9141976
 9142283
 9141926
 1373961
 9102170
 9123965
 9138781
 9141649
 9142529
 9150039
 9148348
 9147178
 9149036
 9147698
 9151825
 9151607
 9150351
 1377797
 9149784
 9148014
 9148099
 9152070
 9150372
 9151361
 9151615
 9150430
 9064082
 9064088
 9064097
 9090512
 9089433
 9092489
 9092524
 9093609
 1236984
 9099343
 9101602
 9104415
 9104377
 9106396
 9107881
 9106437
 9111356
 1236944
 9115874
 9116393
 9116491
 9117912
 1332664
 9144889
 9144281
 9148455
 1351136
 9148421
 9146668
 9149405
 9147340
 9133969
 9138427
 9142686
 9140631
 9145837
 9145871
 9144361
 9144475
 9148876
 9149185
 9149052
 9149320
 9148928
 9149030
 9149583
 9149591
 9148869
 9147638
 9147011
 1315932
 9147858
 9148291
 9148164
 1390502
 9147575
 9150237
 9151962
 9152067
 9152438
 9152479
 9152267
 9151026
 9151363
 9152079
 9152128
 9152287
 9152440
 9152506
 9152153
 1373809
 1373819
 1373821
 1373841
 1323693
 9150141
 9150169
 9151140
 9152162
 9150526
 9151467
 9150841
 9150585
 9150594
 9152397
 9151121
 9150671
 9152388
 9152052
 9150174
 9152015
 9152111
 9152139
 9150562
 9151263
 9150128
 9150541
 9150752
 9151258
 9151551
 9151443
 9152405
 9150217
 9150295
 9150765
 9152010
 1344956
 9150368
 9151190
 9150823
 9151479
 9126853
 9128264
 9131951
 9133574
 9131191
 0959052
 9136236
 9136696
 9135744
 9136553
 9134368
 1339896
 9137504
 1324973
 9143372
 9147943
 9148090
 9147450
 1377768
 9147158
 1390520
 9152054
 9152254
 9152372
 9152455
 9151560
 9150748
 1377708
 0647201
 1372576
 9150381
 9150384
 1252035
 1310925
 9143628
 9147193
 9149945
 9149067
 1378685
 9146667
 9149167
 9148706
 9149829
 9149085
 9148180
 9147466
 9152379
 9151194
 9151921
 9151626
 9085872
 9124444
 9126677
 9126364
 9141798
 9142910
 9148341
 9149792
 9146991
 9147031
 9148182
 9081025
 9085215
 9088709
 9090110
 1196921
 9102803
 9105310
 1196951
 9114579
 9118349
 9127191
 9129334
 1394059
 9140348
 9139418
 1390326
 9142890
 9146227
 9145700
 9146293
 9146260
 9148474
 9147708
 9149204
 9149287
 1378677
 9149165
 1372591
 9152588
 9150380
 9150387
 1373802
 9151670
 9151681
 9152358
 9152421
 9152435
 9152082
 9150535
 9151071
 9151786
 9151176
 9151091
 9150296
 9150426
 9141143
 9145641
 9146207
 1325155
 9149996
 9149389
 9147855
 9147168
 9149850
 9147669
 9148841
 9148611
 9149242
 9146697
 9147407
 9148598
 9152274
 9151534
 9152370
 9150923
 9150994
 1373843
 9152325
 9151078
 9151062
 9152242
 9151848
 9142473
 9147832
 1191925
 9132787
 1372316
 9134893
 9134468
 9139750
 9138317
 9140386
 1253968
 9143651
 1390347
 9146759
 1332685
 9146672
 9148332
 9149154
 9149701
 9148140
 9147220
 1372582
 1254947
 1254948
 9152409
 9150195
 1332551
 9150403
 9150837
 9152337
 9151641
 1389372
 9151836
 1377711
 9150115
 9150868
 9151346
 9151610
 9151052
 9132688
 1372332
 1372334
 1372572
 1372540
 1372541
 1372542
 9147567
 9148068
 9152364
 9152158
 9145481
 9148790
 9148489
 9149931
 9149791
 1351154
 9151262
 9152240
 9152408
 9150898
 9150791
 1351120
 9134498
 9134527
 9142667
 9142053
 9142453
 9142557
 1372337
 9149247
 9148402
 9147542
 9147231
 9149937
 9148333
 9147966
 9148609
 9146934
 9147884
 9151072
 9150544
 9151506
 9151873
 1209395
 9150639
 9151003
 9151298
 9151367
 8825832
 9114281
 9133481
 9139422
 9145926
 1325166
 9148258
 9149215
 9148481
 9147392
 9149694
 9148772
 9147342
 9147373
 9148169
 9148754
 1377846
 9148788
 9146933
 9150779
 1351146
 9150872
 1373833
 9152371
 9152427
 9152184
 9137430
 9138157
 9138475
 9142638
 9142216
 9145764
 9143868
 9143887
 9146524
 9147737
 9149527
 9149570
 9149775
 9148571
 1326227
 9152165
 9152241
 9150549
 9151225
 9152041
 1373839
 9150588
 9152403
 9152181
 9151384
 9151816
 9150417
 9133048
 9143780
 9149722
 9146644
 9147726
 9149561
 9146785
 9152571
 9152451
 9151647
 9151483
 9150479
 9118962
 9129666
 9131313
 9135307
 9135673
 9134922
 9136263
 1150201
 9141037
 9121226
 9128310
 9127488
 1324734
 1324735
 9139605
 1373067
 9141642
 9142546
 9140796
 9144065
 9146399
 9144984
 1360012
 9144369
 9148493
 9148554
 9146612
 9149491
 9147282
 9148697
 9149068
 9149087
 9147484
 9148187
 9147308
 9149855
 9149939
 9146837
 9147146
 9148134
 9149739
 9149636
 9147051
 9147583
 9146948
 1390506
 9152078
 9151813
 9152013
 9152545
 9151886
 9152236
 9150563
 9152200
 9152425
 9152441
 9151807
 1373803
 1373815
 1373816
 1373822
 1373849
 1323123
 9151444
 9151058
 9150359
 9151022
 9151839
 9151864
 9152211
 9152332
 9152484
 9152492
 9152560
 9152564
 9152565
 9152566
 9150425
 9152229
 9152448
 9151583
 9151248
 9150665
 9151054
 9152202
 9150234
 9150586
 9150867
 9150271
 9131248
 9147457
 9148337
 1372543
 9152429
 9152169
 9150312
 9150373
 9113407
 9119229
 9122136
 1378194
 9125962
 9149368
 9147693
 9127584
 9149314
 9148001
 9149667
 9149240
 9152480
 1311608
 9150135
 9150813
 9150852
 0647207
 9152567