16-8-5    
 9143493
 9140705
 9143825
 9143723
 9147493
 9148903
 9149813
 9151528
 9152243
 9152412
 9152076
 9152461
 9155367
 9154384
 9153833
 9155806
 9148145
 9153975
 9154902
 9155438
 9155692
 9155814
 9153887
 9154302
 9154808
 9154856
 9117615
 9114616
 9124407
 9140281
 9140090
 9144664
 9147506
 9147830
 9149731
 9149532
 9148397
 9152227
 9152366
 9151169
 9151286
 9154998
 9155317
 9153540
 9154294
 9155891
 9155974
 9156128
 9153768
 9156072
 9156241
 9153608
 9153680
 9154642
 9155286
 9155456
 9155022
 9155524
 9154016
 9154919
 1377749
 9155329
 1324824
 9154823
 9155207
 1243732
 9154120
 9154551
 9154677
 9154491
 9152867
 9152985
 9121551
 1382874
 9148603
 1364433
 9144590
 9150978
 9151826
 9150731
 9153821
 9155734
 9155434
 1359535
 9154739
 9154052
 9097001
 9094639
 9097226
 9101673
 1115695
 9107549
 9106328
 9106329
 9107716
 9113768
 9114447
 9113957
 9111083
 9112235
 9112399
 9113633
 9111099
 9112719
 9120841
 1273011
 9143803
 9147890
 9148891
 1273023
 9149846
 9149876
 9149610
 9146598
 9147129
 9152235
 9152514
 9152516
 9151684
 9130275
 9103187
 9111822
 9119887
 9124355
 9130303
 9131661
 9130730
 9130733
 9140709
 9143415
 9144487
 1240490
 1240493
 9140612
 9140872
 9144507
 1323595
 9150902
 9153573
 9152770
 9154616
 9153591
 1160207
 9153099
 9154242
 9155606
 9155713
 1372751
 1286738
 9152704
 9095542
 9103466
 9117451
 9118869
 9118512
 9126335
 9128066
 9134606
 9135802
 9135801
 9137005
 9140360
 9142252
 9140801
 9142723
 9145562
 9149767
 9147137
 9147780
 9140493
 9143091
 1328237
 9143763
 1378202
 9145115
 1010145
 1010150
 9146116
 1328243
 9144426
 9148458
 9149634
 9147435
 9150037
 9149272
 9148129
 1390519
 9099327
 9130019
 9142918
 9145772
 9146376
 9143686
 9149567
 9149110
 9147108
 9152073
 9152309
 9151919
 9152197
 9151201
 9151597
 9150423
 9150881
 9152443
 9151857
 9152148
 9152318
 9151699
 9151851
 9155698
 9153724
 9154422
 9154041
 9154672
 9155883
 9156224
 9156271
 9156305
 9155737
 9155968
 9155980
 9156019
 9156026
 9153921
 9153526
 9153740
 9154953
 1373865
 9153414
 9154004
 9154626
 9155932
 9156182
 9156187
 9156319
 9153451
 9153885
 9154637
 9154746
 9154946
 9155290
 9156103
 9156160
 9152655
 9155249
 9156213
 9152860
 9154137
 9156074
 9156039
 9153059
 9152977
 9153130
 1324897
 9153352
 9155579
 9155296
 9099104
 9118540
 1378099
 9135153
 9135168
 9137171
 9152050
 9152125
 1378608
 9156265
 9153629
 9153091
 9153370
 9154128
 9154496
 9155943
 9153718
 9152808
 1324857
 9145317
 1358139
 9151792
 9150382
 9137952
 9137225
 9139940
 9137439
 9140720
 9145797
 9145620
 9145081
 9147952
 9149442
 9147156
 1377841
 9149301
 9151632
 9150366
 9150396
 9151325
 9153230
 9153604
 9153454
 9152762
 9154903
 1358959
 9153654
 9154912
 1377653
 9153717
 9154365
 9154204
 9154214
 9154662
 1390578
 9137433
 9137513
 9137516
 9149191
 9121143
 9148214
 9147697
 9148346
 9149647
 9151910
 9156347
 9155289
 9156037
 1358950
 9153677
 9116968
 9128904
 1351101
 9130739
 9134014
 9137305
 9139233
 9139617
 9142695
 1357734
 9144420
 9144539
 9144355
 9147561
 9149075
 9147183
 9147499
 9150251
 9153623
 1373883
 1360423
 9155172
 9153644
 9152752
 9153181
 9149883
 9146684
 9148477
 9152063
 9141776
 1312961
 9128195
 9143598
 1360006
 9139272
 9146489
 9145165
 9146054
 9143729
 9148208
 9149844
 9146976
 9148112
 9148675
 9148911
 9146791
 9150952
 9150348
 9155074
 9153660
 9155545
 9153983
 9155631
 9153597
 9155464
 9156300
 9153457
 9154178
 9153150
 1360422
 1315856
 9153355
 9155780
 9147768
 9147812
 9147891
 9151654
 1222511
 9153505
 9155777
 9155833
 9153052
 9153202
 9153324
 1377729
 9153112
 9154291
 9154967
 9143793
 9147850
 9148585
 9148312
 9150367
 1368738
 1377716
 9154366
 9154216
 9155949
 9154411
 9154276
 9153612
 9154272
 9155352
 1377723
 1377725
 9152641
 9155804
 9153245
 9154180
 9154564
 9155751
 9154252
 9132442
 9139598
 9142784
 9140792
 9145262
 9143774
 9148449
 9148230
 9147188
 9150156
 9150627
 9151796
 9152335
 9152487
 9151648
 9152239
 9151222
 9151230
 9151784
 9150111
 9156323
 9154288
 9156276
 9154068
 9156220
 9152950
 9156118
 9153802
 9121370
 9122440
 9127075
 1114060
 1114061
 1114062
 9130144
 9132102
 9133649
 9139052
 9143630
 9148962
 9146865
 9148873
 9150611
 9151105
 9155387
 9154379
 9153184
 9153880
 9155057
 9155274
 9154927
 1368772
 1359363
 9155875
 1163510
 9154257
 9156170
 9125644
 9136775
 9139336
 9154146
 9154716
 9155282
 1160209
 9033713
 9064926
 9111472
 9125867
 9135561
 1324999
 1390632
 9142976
 1378674
 9146460
 9145594
 1176213
 9147332
 9148178
 9147180
 9149480
 9151310
 1378610
 9151070
 9150300
 9152210
 9150604
 9151856
 9150655
 9151584
 9130054
 9130298
 1362281
 9141124
 9144761
 9148319
 9147266
 9148117
 9148853
 9150284
 9151057
 9152638
 9155220
 1351155
 9154511
 9153915
 9153475
 9154749
 9153185
 9153811
 9155787
 9155794
 9155376
 9154206
 9156231
 9154403
 9154410
 9154028
 9154699
 9155257
 9153139
 1011935
 1324898
 9153034
 9153957
 9154021
 9154194
 9152955
 9152959
 9154446
 9155250
 9155598
 9155783
 9154207
 9155382
 9152990
 1254936
 9126280
 1324608
 9133590
 1366645
 9135642
 9136773
 9142003
 9142519
 1253966
 9144181
 9146414
 9144018
 9145144
 1273026
 1273027
 9147573
 9148565
 9151207
 9151343
 1284270
 9150794
 9152432
 9150848
 9156326
 9153121
 9154923
 9152946
 9155293
 9155473
 9153375
 9155602
 9156044
 9156312
 9155792
 9153259
 1359374
 9153501
 9153231
 1239947
 9101025
 1252632
 9100095
 9111129
 9115136
 9124162
 9133059
 9134499
 9133965
 9111082
 9147577
 9131103
 9152271
 1160208
 1382744
 1359508
 9145879
 1382852
 1382853
 9140922
 0978738
 9133791
 9140497
 9140715
 9152353
 9153646
 9152639
 9152790
 9153889
 9155350
 9130975
 9131591
 9118703
 9120636
 9128613
 9129789
 9132861
 1296515
 9139910
 9141099
 9146389
 1373970
 1373979
 9143647
 1240487
 9145376
 9147590
 9149130
 1373148
 9147951
 9148413
 9148661
 9149789
 9148846
 9149747
 1373817
 9152144
 1315940
 9151894
 9151490
 9150238
 1351170
 9154310
 9154975
 9153799
 9153909
 9152714
 1323599
 1373853
 1373854
 1373877
 1273036
 9155538
 9156098
 9153808
 1315855
 9154960
 9153882
 9155036
 9154509
 9153927
 9137965
 9149327
 9151338
 9154258
 9153167
 1378616
 9155319
 9152967
 9153855
 9154088
 9139346
 9140336
 9142899
 9145741
 9145911
 9145180
 1377877
 9149832
 9148003
 9146776
 1194694
 9149651
 9147278
 9151424
 9151665
 9152526
 9151364
 9153113
 9152906
 9153784
 9154561
 1373851
 9153904
 9152951
 9153114
 9153174
 9154360
 9155469
 9156050
 9156056
 9156148
 9156311
 1377659
 9153241
 9153911
 9154870
 9155845
 9135768
 9136557
 9134591
 9135213
 9139584
 9139021
 9137323
 9141878
 9145601
 9144579
 9149171
 9149231
 9150183
 9154412
 9153850
 9154391
 1373890
 1373892
 9153228
 9154615
 9155888
 9152775
 9153670
 9153971
 9154466
 9154948
 9154364
 1377661
 9153341
 9153199
 9152633
 9152738
 9121712
 9146571
 9147324
 1304591
 9148188
 9150729
 9150116
 9153465
 9152956
 9152888
 1372799
 1372793
 1372791
 1372789
 1372800
 9133124
 9145085
 9146124
 9148217
 1351147
 9150559
 9150816
 9153298
 9152856
 9154571
 9156052
 9154387
 9155520
 9153446
 9155348
 9128153
 9133802
 9136233
 9146167
 9147307
 9147677
 9147124
 9147515
 9148720
 9149693
 9148724
 9149512
 9150122
 9150443
 9150391
 9150935
 9152556
 9151875
 9151009
 9154812
 9154527
 9155842
 9155944
 9155952
 9156307
 9153276
 9153088
 9153991
 9155240
 9155682
 9155936
 1393569
 9155741
 9153568
 9153966
 9156266
 9153197
 9154267
 9155874
 9156174
 9152658
 9155009
 1240498
 9154457
 9152941
 9153493
 9153667
 9156164
 9154977
 1324895
 1324917
 1324921
 9155773
 9153200
 9154526
 9156142
 1163511
 9154894
 9155807
 9154765
 9147143
 9135878
 9141069
 1378664
 9148311
 9149719
 9151554
 9151586
 9151017
 9151833
 1368713
 9154604
 9155683
 9155498
 9153272
 9153170
 1359537
 1359542
 9156035
 9154355
 9153713
 9139637
 9148448
 9151308
 9153976
 9154313
 9154111
 9155432
 9155595
 1377655
 9152636
 9153621
 9154306
 1378680
 9151880
 9151888
 9150910
 9155601
 9155767
 9154731
 1377748
 9155281
 9154321
 9153037
 9153116
 9154318
 9154353
 9121404
 9125010
 9132820
 1373059
 9145257
 9146920
 9149821
 9148395
 9149934
 1373850
 9152059
 9150488
 9151847
 9151868
 9150933
 9137074
 9145261
 9149989
 1014393
 9149659
 9148299
 9151672
 1378700
 1378602
 9151408
 9153017
 9154821
 9155394
 9155799
 9155872
 9156258
 9154155
 9154210
 9154832
 9155109
 9155315
 9156032
 9156313
 9155244
 9155593
 9156088
 1373861
 1373889
 1373891
 1273032
 9155148
 9154407
 9155210
 9156092
 9156130
 9152689
 9153133
 9153842
 9153978
 9155247
 9155915
 9156304
 9154145
 9154556
 9154800
 9155525
 9156009
 9156034
 9153077
 9155262
 9152759
 9153841
 9155040
 9155788
 9155018
 9155313
 9154778
 9154802
 9155672
 9154559
 1377722
 1315878
 9152972
 9153160
 9154375
 9153675
 9155700
 9153011
 9153019
 9155235
 9152745
 9154580
 9153441
 9154429
 9156025
 9156157
 9155933
 9139874
 9145932
 9149678
 9150223
 9151270
 9156308
 9154108
 9155409
 9156222
 9156178
 9153118
 9153963
 9153941
 1324889
 1324908
 9133008
 1394071
 9143799
 9148120
 9146966
 9151376
 9154726
 1378611
 9154110
 9154453
 9153831
 9089763
 1339883
 1324666
 9112785
 9117861
 9118517
 9124076
 9124725
 9130291
 9127370
 9127374
 9131088
 9132451
 9130965
 9130994
 9131818
 1377044
 1359501
 1324733
 9134004
 9134920
 9136908
 9136914
 1315179
 1389476
 1389477
 1389481
 9138155
 1315196
 9140988
 1322443
 9142877
 9140926
 1305121
 1305134
 9141235
 1322463
 1322464
 9144948
 9144796
 9144810
 1367203
 9146622
 9147873
 1378304
 9149330
 9128414
 9124121
 1362318
 9149558
 9120377
 1378548
 9131718
 9142243
 1372371
 1010137
 1372426
 9146909
 9148639
 9146894
 9155483
 9153863
 9153128
 9155771
 9155812
 9154874
 1377741
 9155772
 9153652
 9153012
 1372795
 9154938
 9154783
 9103359
 9104970
 9117671
 9124383
 1332415
 1373272
 9127618
 9128889
 9132525
 1296526
 9133759
 9136271
 9135177
 9136744
 9134882
 9135516
 9135312
 9135164
 1161691
 9137956
 9137852
 9137420
 9139395
 9139457
 9137385
 9140604
 9141592
 1373107
 9143521
 9141199
 1305138
 1390620
 9141129
 1325000
 9144340
 9146539
 9144965
 9144545
 9146100
 9145298
 9143815
 9144632
 9146527
 9144159
 9144308
 9145906
 9144136
 9145318
 9149992
 9148500
 9147691
 9149064
 9149183
 9149890
 9147201
 9149946
 9146676
 9149905
 9148811
 1315901
 9146823
 9147823
 9146594
 9151049
 9152368
 9151280
 9152502
 1373099
 1373806
 1373808
 9150740
 9151015
 9150833
 9150924
 9152028
 9150269
 9152044
 9152035
 9150060
 9151458
 9150100
 9151209
 1344962
 9151205
 9150523
 9153968
 9156299
 9156189
 9156192
 9153792
 9154032
 1373888
 9154567
 9153122
 9153942
 9155163
 9155531
 9155993
 9152739
 9153266
 1377733
 9152736
 9153458
 9153406
 9154382
 9144710
 9137611
 9141911
 9144274
 1373976
 9145207
 9145553
 9147886
 9149578
 9149142
 9147379
 9147218
 9150717
 9151754
 9151130
 9151759
 9156349
 9152862
 9152781
 1373884
 9152880
 9154774
 9156204
 9156209
 1389375
 9155576
 9152612
 9152809
 9152843
 9154039
 9154465
 9153426
 9153472
 9152816
 1372753
 9156158
 1372754
 1372756
 1372757
 9150098
 9152766
 1359313
 9136936
 9136466
 9134155
 9147900
 9149718
 9149947
 9147126
 1351143
 9152058
 9150942
 9151421
 9152559
 9151805
 9151691
 1344959
 9150364
 9155458
 9155388
 9156291
 9155423
 9154081
 9154086
 9156277
 9154982
 9155351
 9154010
 9156261
 9155002
 9125087
 9136100
 9137366
 9147741
 9148262
 1304588
 9151238
 9152344
 9152027
 9151273
 9151755
 1344957
 1344960
 1372524
 1351175
 1322480
 9153559
 9154722
 9153279
 9153723
 9154347
 9154801
 9154307
 9155219
 9154265
 9155152
 9153164
 9155217
 9155223
 9155676
 9154056
 9153149
 1377736
 9154825
 9156280
 9155572
 9153039
 9155088
 9155406
 9154221
 9067765
 1194197
 9142241
 9142619
 9149613
 9148729
 9148082
 9149673
 9148595
 9152324
 9151353
 1376563
 9151137
 9155707
 9154590
 9154878
 9155124
 9155728
 9153021
 9153492
 9153703
 9154260
 9153285
 9154598
 9124377
 9127070
 9138669
 9138666
 9144196
 9149839
 9152509
 9151484
 9140657
 9145094
 9144024
 9144567
 9147673
 9147165
 9148997
 9150473
 9152316
 1365950
 9156345
 9155963
 9153940
 9153078
 9155958
 9153089
 9155907
 9153580
 9156001
 1240497
 9156166
 9154305
 9153081
 9153773
 9153145
 9153156
 9153649
 9155761
 9154378
 1366674
 9143056
 9143790
 9150125
 9156320
 9155832
 9154122
 9156278
 9152737
 9154105
 9142560
 9143924
 1339092
 9145425
 1372588
 1160210
 9147008
 9151255
 9150259
 9150758
 1312952
 1359238
 9133861
 9139269
 9137613
 9139906
 9142804
 9141573
 1359345
 9142835
 9143003
 9145360
 9145692
 9147438
 9149877
 9148229
 9148360
 9148162
 9148910
 9148460
 9149664
 9149729
 9149049
 9146773
 9152244
 1268128
 9150707
 9151245
 9150434
 9152300
 9151735
 9150860
 9150773
 9150895
 9151231
 9154859
 9156058
 9156081
 9153062
 9153065
 9153546
 9153639
 9153212
 9154196
 9154222
 9154549
 9155091
 9155588
 9155709
 9156147
 9156260
 9154730
 9153602
 9154271
 9155466
 9155656
 9155793
 9155055
 9152686
 9153383
 9153893
 9153987
 9154636
 9155908
 9156235
 9156288
 9155912
 9152669
 9155899
 9155218
 9155324
 9155490
 9153770
 9152871
 9155689
 9153015
 9153448
 9154565
 9155542
 1377724
 9153157
 9156013
 1359366
 9153522
 9152824
 9156112
 9154320
 9154700
 9155332
 9154020
 9153956
 9154528
 9154846
 9152855
 9154507
 9154974
 9155757
 9155873
 9154841
 9133607
 9137636
 1284251
 9143197
 1359350
 9146490
 9147006
 9147013
 9148785
 9150437
 9151042
 9150301
 9154621
 9156065