16-8-6    
 9132155
 9137251
 9140687
 9146835
 9156247
 9153924
 9158115
 9159712
 9159833
 9157039
 9157343
 9158993
 9159030
 9159705
 9151917
 9152688
 9153071
 9155231
 9152625
 9154308
 9153748
 9158837
 9159995
 9158288
 9158279
 9158071
 9120730
 1291450
 9123724
 9128995
 9134051
 9141295
 9142996
 1378690
 9151895
 9155569
 9156282
 9153134
 1360419
 9155617
 9154517
 9155183
 9157277
 9158212
 9159355
 9157196
 9158223
 9159906
 9159973
 9159137
 9159080
 9156740
 9158858
 9156809
 9158316
 9158749
 9159221
 9157010
 9157106
 9159602
 9158289
 9157067
 9159690
 1377675
 1377677
 1315897
 9159773
 9159778
 9157958
 9158057
 9158978
 9158783
 9157856
 9156384
 9153622
 9160058
 9159196
 9122474
 9122522
 9148907
 9148096
 9149908
 9150207
 9152715
 1359367
 9152983
 9157243
 1359545
 9158329
 9159401
 1243298
 1243160
 9157423
 9158155
 9156709
 1011979
 1305255
 1305263
 9117773
 1351072
 9121204
 9122464
 9122496
 9123627
 9123689
 9121646
 9123382
 9134728
 9134982
 9136049
 9136344
 1358085
 9138297
 9141987
 9141320
 9142417
 9142222
 9155402
 1359371
 9153721
 9157659
 9156908
 9158161
 9156126
 9149462
 1368693
 9150688
 9150930
 9151181
 9155940
 9117453
 9124891
 9140761
 9143429
 9145826
 9149252
 9148242
 9149282
 9150127
 9150235
 9156075
 9154256
 9155228
 9152924
 9155243
 9154892
 9155049
 9152810
 9152923
 9153733
 9154896
 9153349
 9157460
 9158835
 9159047
 9156788
 9157857
 9159662
 9159826
 9159939
 9157671
 9159513
 9159580
 9157120
 9157315
 9158593
 9158766
 9159113
 9159732
 9156672
 9159930
 9159873
 1378713
 1378718
 9156701
 9156702
 9159738
 9159760
 1357792
 9158841
 9159131
 9159798
 9156462
 9157747
 9158780
 1394208
 9157830
 9159559
 9133503
 1377946
 9153254
 9156269
 9156321
 9139484
 1311606
 9152179
 1304600
 9154405
 9152620
 9152692
 9154530
 9157785
 9158604
 9129219
 9129277
 1378552
 9131668
 9135605
 9136281
 9135014
 9139103
 9140320
 9137441
 9143103
 9142990
 9141113
 1286701
 9146827
 9148674
 9152475
 9150547
 9151727
 9151524
 9153995
 9155061
 9153050
 9153220
 1324907
 9154905
 9154478
 9157220
 9157579
 9159062
 1378705
 1389972
 1377676
 9157568
 9158713
 9147012
 9149802
 9151535
 9159669
 9123423
 9125692
 9127820
 9134413
 9142994
 9144969
 9144873
 9146144
 9147680
 9148649
 9149870
 9147892
 9152121
 9150500
 9155216
 9155365
 9154682
 9153404
 9154200
 9152910
 9154589
 9155592
 1372755
 9157978
 9158460
 9159886
 1373937
 9157901
 9157174
 9159383
 9157864
 9158204
 9158592
 9152423
 9151145
 9154031
 9156286
 9153988
 9153127
 9155827
 9152634
 1240360
 9157292
 9157533
 9141527
 9141835
 1360007
 0647213
 9117662
 9142582
 9149160
 9151033
 9151757
 1252032
 9153225
 1360417
 9154602
 9159796
 9156350
 9156986
 9157847
 9159155
 9159476
 9157327
 9156385
 9159813
 9156553
 9157288
 9158445
 9158201
 9157859
 9157893
 9157715
 9157016
 9158252
 9131091
 9148514
 9147003
 9147793
 1390515
 1390512
 1390514
 9147199
 9157621
 9154231
 9159007
 9156660
 9157774
 9158516
 9159592
 9159750
 9159825
 9159927
 9158793
 9157346
 9138788
 9150650
 9155405
 1358960
 9153525
 1378615
 9155876
 9153083
 9156340
 9154246
 9155039
 9157951
 9157457
 9157282
 9158556
 9159056
 9158491
 9154115
 9156244
 9157534
 9159622
 1378715
 9143833
 9145679
 9147809
 9147899
 9152483
 1284269
 9152453
 9150182
 9150289
 9151088
 9150421
 9153907
 9155484
 9153865
 9153588
 9153890
 9155960
 9155895
 9153869
 9155019
 9159894
 9156991
 9156646
 9159698
 9157913
 9159193
 9159567
 9156399
 9156781
 9157878
 9158169
 9157522
 9157729
 9159420
 9159439
 9156902
 1324614
 9159465
 9157631
 9158412
 9158424
 9159423
 9156389
 9158103
 9109018
 9117852
 9121008
 1394007
 1382837
 1382838
 9125034
 9130152
 9128158
 9133325
 9141526
 9141510
 9142434
 9145788
 9148222
 9148994
 9155339
 9156080
 9155819
 9152952
 9158451
 9157030
 9159891
 9158396
 9159179
 9157748
 9148247
 9158225
 9158067
 9130193
 9132357
 1377045
 9138226
 9137940
 1378653
 9141259
 1377859
 9141102
 9149113
 9147490
 1377839
 9150884
 1368730
 9151740
 9150518
 1377796
 9151188
 9151398
 9153952
 1351167
 9153879
 9153221
 9154371
 9155147
 9155253
 9154742
 9154249
 9154893
 9153551
 9154349
 9154486
 9154189
 9155451
 1377656
 9154469
 1390580
 9154343
 9159832
 9156790
 1378709
 1377671
 9159767
 9158448
 1328249
 9158241
 9130577
 9139807
 9139519
 9146257
 9150436
 1372530
 9153860
 9155303
 9154875
 9157003
 9157432
 9158044
 9156703
 9157140
 9159168
 9159324
 9159178
 9158183
 9157656
 9157971
 9158625
 9159430
 9156817
 9158863
 9156744
 9158667
 1339933
 9158759
 9157904
 9157083
 9157088
 9157888
 9157719
 9157910
 9159548
 9158117
 9118719
 9133292
 9146224
 9146364
 9149805
 9146929
 9152562
 9152381
 9151791
 9155810
 9153022
 1188012
 9156285
 9152819
 9157218
 9158435
 9159235
 9157396
 9156434
 9158576
 9092680
 9098594
 9099899
 9100115
 1332807
 9102766
 9106162
 1358738
 1358740
 9108254
 9108350
 9107168
 9108649
 9109816
 1163993
 1163994
 9110163
 9152835
 9131714
 9136409
 9136173
 9155120
 9153948
 9157739
 9158247
 9157800
 9121740
 9121553
 9125061
 9129191
 9129293
 9128340
 9139905
 9147315
 9150844
 9153707
 9156295
 9156705
 9158066
 9130695
 9134525
 9141499
 9151694
 9139227
 9139427
 1373146
 9141021
 1373974
 9144389
 9144330
 9149046
 9151951
 9152091
 9150201
 9152726
 1373887
 9155465
 1324925
 1324926
 9152851
 9155668
 9156207
 9152976
 9153025
 9156900
 9158111
 1373916
 9157348
 9157459
 9158754
 1311609
 1311612
 9158869
 9157042
 9157491
 9157977
 9158352
 9158561
 9158887
 9156977
 9159334
 9157605
 9157654
 9158127
 9159653
 9159724
 9141876
 9153447
 9158256
 1373929
 9156819
 9157340
 9156662
 9156463
 9142207
 9147242
 9148409
 9147810
 9150120
 9155889
 9156061
 9155119
 9152803
 9155869
 9153594
 9159829
 9158101
 9158492
 9158554
 9156729
 9158239
 9158306
 9159268
 9157150
 9158982
 9158800
 1315886
 9156946
 9157169
 9158557
 9158829
 9156945
 9119273
 9122286
 9126475
 1373462
 9131172
 9144538
 9149618
 9148512
 9152376
 9156113
 9153463
 9155321
 9155638
 9154430
 9153208
 1324892
 9153807
 9153875
 9156942
 9157141
 9157476
 9159648
 1323150
 1373915
 9157527
 9157650
 9159213
 9159247
 9159501
 1378708
 9159717
 9158265
 9157053
 8982063
 9048851
 9068543
 9084863
 9085127
 9105811
 9105651
 1381439
 9110542
 9116866
 9115328
 9118603
 9126449
 9126930
 9140091
 1378597
 9142234
 9142681
 9144292
 9147050
 9148668
 1378609
 9150107
 9150113
 9151224
 9151925
 9150858
 9150865
 9151397
 9154906
 9155191
 9152662
 9155099
 9153514
 9159448
 9157923
 9156541
 9156544
 9133662
 1293259
 9158803
 9159754
 9158248
 1378710
 9157070
 9157406
 9158096
 9157582
 9115928
 9139510
 9139454
 9140571
 9142737
 9144829
 9146812
 9149894
 9148776
 9148770
 9148791
 9150173
 9151452
 9153459
 9154617
 9155461
 9155468
 9154631
 9154341
 9154091
 9155288
 9155010
 9156549
 9158574
 9159424
 9159685
 9159908
 9159913
 9159948
 9158518
 9158823
 9159578
 9159845
 9159983
 9160004
 9158577
 9158908
 9159025
 9158564
 9159726
 9159571
 1378717
 9158919
 1240358
 9159967
 9159110
 9159125
 9158346
 9159261
 9159706
 9156498
 9158157
 9158475
 9158458
 9159436
 9157246
 9146145
 9146394
 9147187
 9147772
 9149922
 9151565
 9146703
 9149062
 9150701
 9151167
 1389374
 9155425
 1360431
 1360430
 9151086
 9152954
 9154648
 9155066
 9155747
 9154370
 9154489
 9153415
 9156197
 9156578
 9157613
 9157372
 9156533
 9158700
 9159023
 9158052
 9158980
 9159477
 9157207
 1359546
 9156571
 9156786
 9157112
 9158074
 1328246
 9147383
 9148104
 9157564
 9158972
 9158991
 9157854
 1339930
 9158571
 9154046
 9154513
 9154073
 9156020
 1209396
 9159792
 9158341
 9158513
 9158597
 9157350
 9159136
 9132996
 9132979
 1322429
 9135799
 9138922
 1373114
 9151808
 9150956
 1373838
 9152398
 9152679
 9153938
 9154934
 9152621
 9152675
 9153098
 9154686
 9154577
 9154244
 9159234
 1358970
 9139823
 1360495
 9142014
 9149077
 9150998
 9156344
 9153437
 9155025
 9155955
 9156071
 9153188
 9154619
 9154066
 9160066
 9156683
 9156988
 9159935
 9158616
 9157239
 9159805
 9159874
 9159896
 9160043
 9159005
 9159011
 1373918
 1373920
 9156412
 9156419
 9156884
 1311610
 9156918
 9158737
 9159284
 9156417
 9156865
 9157271
 9159839
 9158924
 9159757
 9156792
 9159576
 9157566
 9157687
 9159621
 1377667
 1377669
 9158840
 9156734
 9158848
 9157821
 1243727
 1243736
 9157565
 9158784
 9159054
 9131322
 9141742
 9153092
 9156060
 9155720
 9152841
 9154632
 9153504
 1324866
 1390579
 1390573
 9159941
 9158852
 9159366
 9157158
 9158510
 9158286
 9158805
 9157413
 9156334
 9156094
 9155306
 9154594
 9159863
 9156679
 9158634
 9159282
 9159929
 9159208
 9159560
 1378701
 1378712
 9158882
 9157867
 9157731
 9156504
 9156515
 9157091
 0647216
 9158915
 9143915
 9152400
 9152351
 9151527
 9150743
 9151114
 9152262
 1344963
 9150461
 9155650
 9156089
 9153339
 9155227
 9153109
 9153115
 9155016
 9156828
 1196839
 1202097
 1390534
 1390505
 1390508
 9151666
 9151643
 9152136
 9152219
 9152195
 9152608
 9154864
 9154136
 9153008
 9154445
 9155586
 1372794
 9159037
 9156700
 9158801
 9157258
 9158705
 9159223
 9159415
 9159709
 9159830
 9159837
 9159152
 9156471
 9159457
 1243293
 9158623
 9157634
 0647224
 9118295
 9121650
 9127560
 9132059
 9134161
 9135783
 9137386
 1010323
 9142715
 9147079
 9146775
 9149816
 9146769
 9146770
 9147828
 9150944
 9156268
 1373855
 9153308
 9154736
 9153318
 9156778
 9160017
 9157248
 9159202
 9157577
 9157121
 9159245
 9159731
 9157832
 9158656
 9156505
 9156822
 9157707
 9157712
 9158922
 9159478
 9158128
 1378054
 9121843
 1359233
 9124272
 9140745
 9144762
 9144805
 9144261
 9149124
 9151653
 9155399
 9153030
 9154042
 9155496
 1358934
 1378613
 1360420
 9152978
 9154740
 9154464
 9155092
 9154924
 1377730
 9152700
 9152746
 9153955
 9154601
 1324922
 9153819
 1372752
 9157957
 9156880
 9157766
 9156668
 1373933
 9159463
 9158711
 9159835
 9159116
 9157048
 9157876
 9157843
 1365825
 9156416
 9156561
 9157000
 9159206
 1163512
 9159161
 1394204
 9157660
 9159008
 9156406
 9154618
 9157858
 9153935
 1373870
 9153236
 9152975
 9154113
 9154861
 9152811
 1011936
 9160015
 9157801
 9158104
 9157849
 9158881
 9159083
 9159474
 9160024
 9158428
 9159770
 9139140
 9143306
 9143315
 1232061
 9150887
 9154501
 9153360
 9154493
 9153102
 9154646
 9155241
 9155648
 9155813
 9157109
 9157581
 9159126
 9157225
 9156998
 9157231
 1378702
 1378711
 9156608
 1377692
 1315893
 9157554
 9159252
 9160055
 9158736
 9157215
 1326233
 9157759
 9157038
 9157300
 9158902
 9114434
 9126029
 9129042
 9130692
 1240480
 9141790
 9142320
 9149189
 9146745
 1194693
 9148219
 9147594
 9151674
 9151592
 1378601
 9154579
 9154119
 9155859
 9156149
 9153434
 9154070
 1372792
 9156606
 9159811
 9159953
 9159316
 9159348
 9159444
 9159934
 9158230
 9157575
 9157392
 9157828
 9133000
 9140566
 9144955
 9152815
 9152922
 9140518
 9152748
 1324865
 9155437
 9159600
 9159217
 9157924
 9159684
 9158461
 9158449
 9158946
 9158952
 9158219
 9156506
 9156510
 9157302
 9134512
 9137618
 9148320
 9075054
 9125534
 9136459
 9137114
 9139139
 9141533
 9145613
 9145162
 9149978
 9151789
 9152488
 9151084
 9150231
 9150232
 9150233
 9155632
 9153107
 9155017
 9152884
 9155769
 9155902
 9156176
 9156218
 9155256
 9154852
 9152648
 9154197
 9155497
 9153243
 9153305
 9155252
 1324884
 9155604
 9154872
 9156548
 9157537
 9159003
 9159633
 9159943
 9159078
 9159367
 9158948
 9159127
 9159937
 9156598
 9156601
 9157931
 9157151
 1373921
 1373943
 9157060
 9158226
 9159443
 9156566
 9159419
 9159718
 9159729
 9159818
 9157132
 9156527
 9157714
 9158452
 9158215
 9156720
 9159100
 9156797
 9156799
 9157899
 9158190
 9159148
 9159214
 9159340
 9157844
 9157861
 9157871
 1243161
 9159289
 9158093
 9139157
 9140695
 9148807
 9151497
 9153161
 9154667
 9155471
 9153330
 9153233
 9154584
 9155113
 9153679
 9158231
 1243162
 1294049
 1362266
 9136386
 9140811
 1368356
 9149008
 9155528
 1194502
 9154851
 0647127
 9134513
 1339897
 9137645
 9137987
 9141508
 9152660
 9155325
 9153070
 1240362
 9157757
 9158124
 1362756
 9156547
 0647222

