16-8-8  
 9147035
 1324870
 9143754
 9145022
 9156154
 9156184
 9159768
 9157036
 9159912
 9162413
 9162674
 9161045
 9162477
 9162508
 9162656
 9162713
 9161389
 9162343
 9162341
 9111043
 9150196
 9155482
 9154614
 1389373
 9153684
 9154781
 9154817
 9159259
 9157179
 9159914
 9156484
 9159384
 9156467
 9158755
 9157539
 9156388
 9157210
 9160777
 9161332
 9161623
 9162241
 9162565
 9161863
 9115131
 9116291
 9120288
 9122241
 9125412
 9126657
 9127536
 9128780
 9128112
 9128578
 9128912
 9130086
 9131937
 9132701
 9132691
 9131175
 9135677
 1390338
 9143692
 9144222
 1273034
 9154144
 9156328
 9157752
 9156937
 9159032
 9159492
 9159012
 9156784
 9161845
 9162328
 9162622
 9162675
 9160927
 9161471
 9161373
 9161640
 9160239
 9162715
 9161361
 9161421
 9162110
 1240384
 9162209
 9162041
 1160910
 9160298
 9160151
 9160360
 9162357
 9119012
 9120695
 9118181
 9118188
 9121399
 9124313
 9124278
 9124271
 9124375
 9122588
 9152474
 9154133
 9153327
 9154126
 9152988
 9154340
 9153574
 9153781
 9154071
 9159216
 9156938
 9158317
 9159370
 9161654
 9161469
 9160362
 9160788
 9160806
 9161551
 9156981
 9159799
 1160319
 1291401
 9110081
 9107253
 9113286
 9111592
 9115138
 9117626
 9115129
 9115650
 9120047
 9118867
 9119631
 1390566
 9119667
 1351070
 9123687
 9121661
 1011981
 9122934
 9126093
 9126419
 9125091
 9125630
 9124415
 9151294
 9155106
 9155789
 1323697
 9161641
 9161851
 9160261
 9160171
 9161324
 9160566
 1372667
 1253759
 9161540
 9113718
 9150859
 9150870
 1315948
 9118028
 1249828
 9122681
 9125002
 1323148
 9152699
 9159389
 9114798
 9122437
 9130498
 9127740
 9133252
 9136067
 9140192
 9137488
 9137989
 9147977
 9149909
 9149665
 9146618
 9155479
 9154939
 9152670
 9160031
 9157266
 9157853
 9157963
 9158040
 9158382
 9159950
 9159380
 9159689
 9159781
 9159232
 9158156
 9157064
 9159810
 9159119
 9159720
 9158041
 9160037
 9156762
 9158820
 9157190
 9158079
 9162784
 9160841
 9162165
 9162532
 9162591
 9161666
 9162103
 9162216
 9162570
 9162655
 9160367
 9160819
 9162277
 9162372
 9162494
 9162641
 9162649
 9162669
 9160770
 9160854
 9160688
 9161606
 9161618
 9162458
 9160169
 9160300
 9161111
 9162325
 1324627
 9160109
 9160202
 9160827
 9161992
 9162215
 9153864
 9131785
 9134178
 9136833
 9152463
 1252088
 9159867
 9157920
 9156492
 9158541
 1378730
 9160290
 9160394
 9147336
 9150362
 9152642
 9153374
 9158062
 9162753
 9123376
 9122699
 1379276
 9124503
 9124938
 9127507
 9133016
 9133025
 9133032
 9131869
 9134441
 1308173
 9134406
 9135875
 9133888
 9133889
 9139977
 9137155
 9137156
 9138151
 9138948
 1324988
 9141512
 9141225
 9142724
 9141963
 9142818
 9142374
 9146342
 9145243
 9145392
 9149309
 9148023
 9152678
 9152970
 1284275
 9153535
 9153725
 9153729
 1326291
 9158578
 9159931
 9158344
 9157481
 9159065
 9156743
 9156989
 9161347
 9160759
 9160775
 9162447
 9162070
 9160391
 1368394
 9161684
 9162162
 9160835
 9151811
 9153990
 1389487
 9159251
 9158661
 9161896
 9162422
 9114784
 9117842
 9130420
 9127362
 9131687
 9134318
 9134464
 9135565
 9138080
 9146334
 9144941
 9155098
 9153255
 1373914
 9156887
 9158732
 9161777
 1372652
 1014392
 9149489
 9152253
 9155001
 9153812
 9155015
 9154655
 9157845
 9156588
 9157829
 9122116
 9150350
 9152544
 9155331
 9156171
 1243729
 9116911
 9118312
 9146743
 9151750
 9150291
 9153592
 9152807
 9154989
 1390571
 9154983
 9158888
 9159413
 9158059
 9159806
 0647215
 9156637
 9157736
 9162741
 9161257
 9161757
 9162377
 9161433
 9161547
 9160460
 9162010
 9160278
 9162093
 9135858
 9135520
 9137768
 9141765
 9141861
 9140804
 9144272
 9143673
 9144326
 9158394
 9155546
 9158868
 9156556
 9158987
 9159506
 9158390
 9160834
 9162294
 9162572
 9160383
 9162345
 9160844
 9161467
 9150019
 9150656
 9152722
 1378614
 1359362
 1372790
 9154040
 9156581
 9157467
 9160648
 9160900
 9161466
 9161477
 9161319
 9162471
 9160552
 9161976
 9161825
 9162681
 9162547
 9132766
 1378691
 9156289
 9158177
 9159666
 9159968
 9160027
 9160028
 9157508
 9157572
 9159002
 9121298
 9136846
 9145494
 9144357
 9152445
 9151901
 9150347
 9151601
 9154819
 9155600
 9155972
 9159183
 9159182
 9159074
 9159625
 1377685
 9157224
 9162427
 9161887
 1273042
 9161036
 9162374
 9162725
 9161804
 9160442
 9160381
 1315811
 9162351
 9160792
 9117856
 9133291
 9139447
 9142812
 9146385
 9147385
 9149112
 9151645
 9150102
 9150764
 9155202
 9155568
 9155580
 9154213
 1359364
 9155987
 1394154
 9160067
 9158099
 9158443
 9159028
 9157461
 9159300
 9159523
 9159853
 9162782
 9161194
 9161580
 9161597
 9162177
 9160959
 9162316
 9161160
 9161911
 9162487
 9161370
 9151577
 9156418
 9156603
 9158375
 9160472
 9161486
 1378175
 9126865
 9126492
 1378538
 9132379
 9132299
 9132878
 9135592
 9135132
 9135108
 9145405
 9144189
 9144997
 1377753
 9148619
 9149235
 9151158
 1368723
 9153295
 9153631
 9157570
 9157945
 9158152
 9158730
 9159271
 9158170
 9158455
 1378704
 1378707
 9159554
 9158167
 9161755
 9161258
 1378728
 1378738
 9162004
 9161864
 1390547
 1377695
 9161425
 9161683
 9128487
 1351130
 9144877
 9147090
 1372547
 9151606
 9156090
 9155942
 9154624
 9154502
 9157819
 9158515
 9157333
 9158535
 9160476
 9161155
 9161151
 9161120
 1240383
 9162281
 9160993
 9162052
 9161405
 9161543
 9162577
 9162596
 9160755
 9161375
 9161919
 9128916
 9128402
 9142096
 9146682
 9151589
 9155379
 9152853
 9154830
 9159823
 1311613
 1273037
 9156783
 9159255
 9157065
 9159711
 9157027
 9159194
 9159915
 9156812
 9158296
 9161007
 9160597
 9162448
 9162665
 9160408
 9161492
 9160696
 9161452
 9161869
 9162501
 9162563
 9162702
 9162719
 9161881
 9160190
 9160287
 9162035
 9160794
 9160851
 1382901
 9161399
 9104286
 9108877
 9106306
 9109365
 9111323
 9114107
 1239998
 9124310
 1377961
 9146499
 9145051
 9147285
 1373154
 9162121
 9161818
 9160428
 9161792
 9148793
 9150749
 1351058
 9116324
 9118836
 9122290
 9121512
 1160885
 1358339
 9129956
 9132265
 9130599
 1378561
 9140022
 9137337
 9137343
 9142493
 9143322
 9148652
 1378686
 1351164
 9154678
 9154467
 9124323
 9147240
 9158298
 9162785
 9161249
 9161698
 9125336
 1243283
 9124816
 9127655
 1389956
 9141487
 9144841
 9148659
 9148241
 9147624
 9155428
 9155509
 9155797
 9153487
 9152749
 9159900
 9159716
 9158859
 1376007
 9157699
 9159497
 1304620
 9159847
 1351217
 9162694
 9161302
 9160811
 1373169
 9161077
 9160378
 9160387
 1315801
 9161598
 9160601
 9161953
 1253764
 1253765
 1253766
 9162711
 9162657
 9136021
 9158197
 9159659
 9160509
 9161296
 1243169
 9103352
 9107438
 9116698
 9117854
 9122435
 9122428
 9124882
 1366632
 1308197
 9147352
 9149377
 9153926
 9155103
 9154969
 1359373
 9154541
 9153158
 9154497
 9154627
 9153002
 9153739
 9153047
 9159359
 9156398
 9160052
 9159583
 9156440
 9158663
 1389983
 9156465
 9156437
 9158472
 9158768
 9158778
 9158814
 9156380
 9158211
 9161292
 9160345
 9160313
 9160921
 9161651
 9161737
 9160102
 9161455
 9162228
 9162514
 9162631
 9162709
 9161760
 9162138
 9162583
 9160554
 9137880
 9145506
 9143840
 1325153
 1325156
 9144528
 9144532
 9144463
 9148392
 9147663
 9146792
 9146798
 9146871
 9151611
 1377726
 1315870
 9159925
 9159998
 9160042
 1373935
 9157351
 9158549
 9101929
 9107922
 9108113
 9110485
 1332708
 9116037
 9121595
 9128825
 9131086
 9130884
 9132496
 9150968
 1389967
 9158652
 9143528
 1322453
 9151914
 9151600
 1368712
 1372528
 9152723
 9155837
 9154897
 9155357
 9153186
 9157567
 9158608
 9158605
 9157487
 9162183
 9161148
 9162055
 9162380
 9161860
 9157723
 9159589
 9160603
 9160368
 9130036
 9130715
 9145914
 9151014
 9150397
 9150631
 1304601
 1304598
 9151011
 9156045
 9154268
 1377743
 9154866
 9160023
 1349263
 9158502
 9158685
 9159243
 9159490
 9159842
 9157079
 9157272
 9156910
 9158907
 9157860
 9157981
 9157344
 9158728
 9160846
 9162111
 9161682
 9162552
 9162574
 9162609
 9162654
 1373153
 9160757
 9161020
 9161212
 9161602
 9162663
 9162500
 9160146
 9162042
 9161532
 9162286
 1367208
 1372669
 9162578
 9144184
 9151926
 9151828
 9150478
 9156097
 9153379
 9154234
 1351110
 9154708
 9153401
 9156685
 9158988
 1339931
 9160873
 9160702
 9160706
 9162231
 1368396
 9162062
 9160560
 9162272
 9161890
 1050722
 9161511
 9130754
 9130757
 9156272
 9154372
 9158380
 9157879
 9161438
 9160256
 1368393
 9160886
 9161473
 1367212
 1367213
 9160701
 9161445
 9161730
 9161329
 9092089
 9093268
 9094805
 9094802
 1205861
 1163985
 9099702
 1387940
 9099867
 9099333
 9105902
 9104465
 9104700
 1310917
 9108590
 9107908
 1196937
 9110297
 9112575
 9116155
 9115552
 9120206
 9118961
 1236900
 9118769
 9121478
 9122105
 9125943
 9131287
 9130920
 9135687
 9142771
 9143094
 9146849
 9149181
 9155924
 1324918
 9159539
 1324748
 9147121
 9152375
 9156273
 9153407
 1377660
 9155537
 9153207
 9153000
 9153851
 1351206
 9158404
 9158998
 1373934
 9156420
 9156746
 9158366
 9159919
 9156969
 9156666
 9158933
 9158444
 9160999
 9161344
 9162475
 9161079
 9160610
 9161591
 9161892
 9162232
 9162235
 9161784
 9161788
 9162120
 1373178
 1273065
 9161185
 9160511
 9162346
 9160116
 9161947
 9162701
 1378744
 9160445
 9161566
 9162124
 9160113
 1240382
 9161581
 9160944
 9161199
 9161722
 9162113
 1160901
 1160919
 1377697
 1315898
 9160101
 9160565
 9161803
 9161927
 9161964
 9161613
 9161559
 9133930
 9140147
 9139672
 9138020
 9137187
 9142507
 9142647
 9144248
 9144387
 9149485
 9151927
 9152460
 9153342
 1324885
 9157841
 9157746
 9158137
 9151575
 9155068
 9159789
 0647223
 1373290
 9154101
 9156591
 9162220
 9162433
 9160315
 9161946
 9162436
 1378726
 9160353
 9160355
 9160429
 9139773
 9134444
 9120009
 9125053
 9125125
 9130266
 9135097
 9135845
 9136920
 9136647
 9139677
 9151852
 9154702
 9155791
 1351210
 9157941
 9159231
 1378706
 9102765
 1196897
 9108658
 9116475
 9122052
 1243715
 1372495
 9128451
 9132757
 9132124
 9133749
 1372409
 9138446
 9138547
 9139591
 1372560
 9147467
 9150213
 9153674
 9155439
 9152996
 9153042
 9159480
 9156442
 9158717
 9157472
 9157678
 9157809
 9158726
 9158402
 9159409
 1378024
 9120597
 9124161
 9124540
 9124445
 9127026
 9129198
 9127310
 9127312
 9127314
 9129694
 9133762
 9133404
 9130638
 9133895
 9135964
 9135546
 9134006
 9134018
 9134029
 9133886
 1273001
 9140271
 9141498
 9146417
 1378667
 9148882
 9149324
 9152080
 9152119
 9152220
 9151988
 9152045
 1304594
 9150229
 9155719
 9154668
 9155248
 9156216
 9155415
 1014359
 9153044
 9153494
 1324903
 9156043
 9153234
 9153238
 1349260
 1373938
 1273061
 9159735
 9159181
 1315885
 9158249
 9158485
 1010334
 9159846
 9159184
 9158060
 9162516
 9161995
 9160450
 9161165
 9160229
 9162385
 9162109
 9161030
 9160398
 9105930
 9121913
 9149126
 1378603
 9151316
 9154001
 9158139
 9158218
 9082203
 9082214
 9107790
 9110807
 1253963
 9153499
 9156102
 9154747
 9153484
 1011939
 1041790
 9157341
 9156649
 9159164
 1373901
 9156849
 9157359
 9158326
 9158770
 9159609
 9162619
 9161027
 9160602
 9162432
 9160514
 9161974
 1378723
 9160390
 9160454
 1357795
 9161419
 9160295
 9161410
 9162230
 9161413
 1253763
 9161397
 1372651
 9160904
 9121880
 9121908
 9123684
 9128081
 9129109
 9135254
 9135139
 9139317
 9143185
 9141631
 9146902
 9151662
 9154362
 9159145
 9157455
 9156921
 9161705
 9162423
 9161006
 9161317
 9162388
 1377699
 9160480
 9161372
 9162051
 9160114
 1011908
 9120509
 1196844
 9140102
 9140111
 9148702
 9150980
 9150390
 1376695
 9156115
 9154888
 9154634
 9155809
 9152872
 9156046
 1324909
 9156018
 9152979
 9156594
 9159434
 1376006
 9159329
 1377683
 9157404
 9159890
 9157778
 9162059
 9161710
 9160312
 9160793
 9161272
 9162303
 9162323
 9162513
 9162633
 9160693
 9161509
 9162679
 9162697
 9154844
 9154324
 1324881
 9159834
 9157949
 9145933
 9146324
 9146935
 9147572
 9148848
 9148584
 1351153
 9152173
 9153182
 9155137
 9156542
 9156796
 9157142
 1311614
 9159802
 9159817
 9160026
 9159087
 9159488
 9158193
 9158050
 9160963
 1373156
 9160422
 9162382
 9162049
 9160465
 9160469
 9160478
 9160588
 9162207
 9160274
 9162745
 1379073
 9161632
 9119198
 1366633
 9135205
 1389465
 1389466
 9137130
 9140249
 1389913
 1315042
 9154312
 9155599
 9157380
 9162695
 9162502
 9162424
 9162169
 9142811
 9144513
 9148091
 1240488
 1368749
 9158034
 9160174
 9161883
 9119016
 1202562
 9125639
 9131340
 9133534
 1359245
 1191831
 9135071
 9139188
 9138056
 9140771
 9142580
 9142089
 9149633
 9148367
 1359523
 9151377
 9151154
 9155938
 9156066
 9153095
 9155065
 9156263
 9156293
 9155760
 9153567
 9152902
 9159782
 9159815
 9156747
 9158393
 9159838
 9160025
 9159459
 1373903
 1273060
 9156732
 9157446
 9156933
 9157391
 9160014
 9160021
 9156595
 9158885
 9157425
 9156968
 9157453
 9157795
 9158246
 9157441
 9157388
 9160444
 9161008
 9160926
 9161074
 9161417
 9161785
 9160370
 1373182
 1273044
 9161073
 9161742
 9162282
 9160314
 9160586
 9160653
 9160683
 9162362
 9162403
 9162479
 9162700
 9162723
 9161937
 9160677
 9162364
 9160329
 9160612
 9160987
 9162317
 1160905
 9160250
 9160251
 9160253
 9162172
 9160372
 9162150
 9161333
 9162136
 1272860
 1324851
 9149037
 9156208
 9155818
 9127529
 1362283
 1378539
 9130921
 9139649
 1315984
 9154297
 9158899
 9157615
 9161244
 1365930
 1390601
 1389439
 9130950